pipe,gen,dp_acc_reps,seed,dp,dpr,eo,eqOdds,accu,precision,recall,f1,roc_auc
"count_enc,median_imp,under_samp,k_best_sel,max_abs_scale",0,"(0, 20)",75675,0.206987667415878,0.6380090963851409,0.2080042446945573,0.3613474948506649,0.33401041666666664,0.33391303152740953,0.33401041666666664,0.3340547401442879,0.3340104166666667
"target_enc,median_imp,min_max_scale,k_best_sel,over_samp",0,"(0, 20)",75675,0.12356050621667695,0.7628886021176084,0.06451226457890909,0.16460397631711568,0.2668080357142857,0.2565728847913056,0.2876562500000001,0.27247334584983274,0.2668080357142857
"onehot_enc,median_imp,no_samp,max_abs_scale,no_sel",0,"(0, 20)",75675,0.10869565217391307,0.8655913978494633,0.06694982003808607,0.18415045407430294,0.2449999999999997,0.20645161290322592,0.12142857142857165,0.16610169491525414,0.3273809523809525
"woe_enc,mean_imp,over_samp,no_sel,min_max_scale",0,"(0, 20)",75675,0.11108500276190726,0.78793880344042,0.06499410512567426,0.13859701098632224,0.2536160714285714,0.24640889167012345,0.2677232142857142,0.2572379099490092,0.2536160714285714
"target_enc,mean_imp,over_samp,max_abs_scale,k_best_sel",0,"(0, 20)",75675,0.12968133338766338,0.7525384996192674,0.07485976305845522,0.1817891596813072,0.2711607142857143,0.2613314943005489,0.2916294642857145,0.27683019241710594,0.27116071428571425
"woe_enc,most_freq_imp,max_abs_scale,under_samp,k_best_sel",0,"(0, 20)",75675,0.12195994624078085,0.7660046172713562,0.08190028802849081,0.1713183076259739,0.27841145833333336,0.26860585027293565,0.2996354166666667,0.2845126113488684,0.2784114583333333
"onehot_enc,most_freq_imp,no_sel,over_samp,norm_scale",0,"(0, 20)",75675,0.34894515390294656,-1.0,0.5855876865671639,0.8829219605010509,0.45703125,0.4400291648356204,0.5987723214285715,0.532554104649092,0.45703125
"count_enc,most_freq_imp,no_samp,min_max_scale,k_best_sel",0,"(0, 20)",75675,0.0909770920991119,0.8982590055941857,0.05320092922162724,0.1910557733543907,0.2940000000000004,0.2655889145496534,0.0914285714285714,0.18773946360153268,0.4290476190476191
"loo_enc,most_freq_imp,no_samp,no_scale,k_best_sel",0,"(0, 20)",75675,0.025666199158485375,1.0281105990783403,0.015274329754035422,0.08842865993319884,0.2850000000000001,0.27470141150922905,0.04571428571428578,0.17581739666872306,0.4445238095238092
"woe_enc,most_freq_imp,max_abs_scale,k_best_sel,under_samp",1,"(0, 20)",75675,0.1195946866185456,0.7696718598067823,0.07410744319698508,0.16317722320563102,0.2794791666666667,0.2692415665401546,0.3015625000000001,0.2858318713942151,0.2794791666666667
"target_enc,median_imp,min_max_scale,over_samp,k_best_sel",1,"(0, 20)",75675,0.12304710498306383,0.7636227058951451,0.06238207135664365,0.163878076391842,0.2653794642857143,0.254653934952674,0.2870758928571429,0.27124929078304594,0.2653794642857143
"onehot_enc,median_imp,no_samp,max_abs_scale,no_sel",1,"(0, 20)",75675,0.10869565217391307,0.8655913978494633,0.06694982003808607,0.18415045407430294,0.2449999999999997,0.20645161290322592,0.12142857142857165,0.16610169491525414,0.3273809523809525
"count_enc,most_freq_imp,no_samp,min_max_scale,k_best_sel",1,"(0, 20)",75675,0.0909770920991119,0.8982590055941857,0.05320092922162724,0.1910557733543907,0.2940000000000004,0.2655889145496534,0.0914285714285714,0.18773946360153268,0.4290476190476191
"woe_enc,mean_imp,over_samp,no_sel,min_max_scale",1,"(0, 20)",75675,0.11108500276190726,0.78793880344042,0.06499410512567426,0.13859701098632224,0.2536160714285714,0.24640889167012345,0.2677232142857142,0.2572379099490092,0.2536160714285714
"target_enc,mean_imp,over_samp,max_abs_scale,k_best_sel",1,"(0, 20)",75675,0.12968133338766338,0.7525384996192674,0.07485976305845522,0.1817891596813072,0.2711607142857143,0.2613314943005489,0.2916294642857145,0.27683019241710594,0.27116071428571425
"woe_enc,most_freq_imp,max_abs_scale,under_samp,k_best_sel",1,"(0, 20)",75675,0.12195994624078085,0.7660046172713562,0.08190028802849081,0.1713183076259739,0.27841145833333336,0.26860585027293565,0.2996354166666667,0.2845126113488684,0.2784114583333333
"target_enc,median_imp,min_max_scale,k_best_sel,over_samp",1,"(0, 20)",75675,0.12356050621667695,0.7628886021176084,0.06451226457890909,0.16460397631711568,0.2668080357142857,0.2565728847913056,0.2876562500000001,0.27247334584983274,0.2668080357142857
"loo_enc,most_freq_imp,no_samp,no_scale,k_best_sel",1,"(0, 20)",75675,0.025666199158485375,1.0281105990783403,0.015274329754035422,0.08842865993319884,0.2850000000000001,0.27470141150922905,0.04571428571428578,0.17581739666872306,0.4445238095238092
"woe_enc,most_freq_imp,min_max_scale,under_samp,k_best_sel",2,"(0, 20)",75675,0.12633258602119846,0.7584162771948805,0.09292516561988576,0.18103428469380867,0.27841145833333325,0.26823154530475696,0.3004687499999999,0.28474976700479204,0.27841145833333325
"target_enc,median_imp,max_abs_scale,over_samp,k_best_sel",2,"(0, 20)",75675,0.13625561929814795,0.7413241657064055,0.08089858198985031,0.1925583430367768,0.2707589285714285,0.2614222349821309,0.29020089285714284,0.27612300267444057,0.2707589285714285
"woe_enc,median_imp,over_samp,no_sel,min_max_scale",2,"(0, 20)",75675,0.11396899549922015,0.7831043161001396,0.07201638974466346,0.1448620230620763,0.2544308035714286,0.2473968486933942,0.26823660714285713,0.2579851745066798,0.2544308035714286
"target_enc,mean_imp,min_max_scale,over_samp,k_best_sel",2,"(0, 20)",75675,0.12157957583880168,0.7670738995566871,0.06333328971375589,0.16080383818782046,0.26623883928571423,0.2560661835556643,0.28694196428571433,0.2718562994985532,0.26623883928571423
"woe_enc,mean_imp,over_samp,no_sel,min_max_scale",2,"(0, 20)",75675,0.11108500276190726,0.78793880344042,0.06499410512567426,0.13859701098632224,0.2536160714285714,0.24640889167012345,0.2677232142857142,0.2572379099490092,0.2536160714285714
"target_enc,median_imp,min_max_scale,over_samp,k_best_sel",2,"(0, 20)",75675,0.12304710498306383,0.7636227058951451,0.06238207135664365,0.163878076391842,0.2653794642857143,0.254653934952674,0.2870758928571429,0.27124929078304594,0.2653794642857143
"target_enc,mean_imp,over_samp,max_abs_scale,k_best_sel",2,"(0, 20)",75675,0.12968133338766338,0.7525384996192674,0.07485976305845522,0.1817891596813072,0.2711607142857143,0.2613314943005489,0.2916294642857145,0.27683019241710594,0.27116071428571425
"target_enc,median_imp,min_max_scale,k_best_sel,over_samp",2,"(0, 20)",75675,0.12356050621667695,0.7628886021176084,0.06451226457890909,0.16460397631711568,0.2668080357142857,0.2565728847913056,0.2876562500000001,0.27247334584983274,0.2668080357142857
"onehot_enc,median_imp,no_samp,max_abs_scale,no_sel",2,"(0, 20)",75675,0.10869565217391307,0.8655913978494633,0.06694982003808607,0.18415045407430294,0.2449999999999997,0.20645161290322592,0.12142857142857165,0.16610169491525414,0.3273809523809525
"target_enc,median_imp,min_max_scale,k_best_sel,over_samp",3,"(0, 20)",75675,0.12356050621667695,0.7628886021176084,0.06451226457890909,0.16460397631711568,0.2668080357142857,0.2565728847913056,0.2876562500000001,0.27247334584983274,0.2668080357142857
"target_enc,median_imp,min_max_scale,over_samp,k_best_sel",3,"(0, 20)",75675,0.12304710498306383,0.7636227058951451,0.06238207135664365,0.163878076391842,0.2653794642857143,0.254653934952674,0.2870758928571429,0.27124929078304594,0.2653794642857143
"onehot_enc,median_imp,no_samp,max_abs_scale,no_sel",3,"(0, 20)",75675,0.10869565217391307,0.8655913978494633,0.06694982003808607,0.18415045407430294,0.2449999999999997,0.20645161290322592,0.12142857142857165,0.16610169491525414,0.3273809523809525
"target_enc,median_imp,max_abs_scale,over_samp,k_best_sel",3,"(0, 20)",75675,0.13625561929814795,0.7413241657064055,0.08089858198985031,0.1925583430367768,0.2707589285714285,0.2614222349821309,0.29020089285714284,0.27612300267444057,0.2707589285714285
"target_enc,mean_imp,min_max_scale,over_samp,k_best_sel",3,"(0, 20)",75675,0.12157957583880168,0.7670738995566871,0.06333328971375589,0.16080383818782046,0.26623883928571423,0.2560661835556643,0.28694196428571433,0.2718562994985532,0.26623883928571423
"woe_enc,most_freq_imp,min_max_scale,under_samp,k_best_sel",3,"(0, 20)",75675,0.12633258602119846,0.7584162771948805,0.09292516561988576,0.18103428469380867,0.27841145833333325,0.26823154530475696,0.3004687499999999,0.28474976700479204,0.27841145833333325
"woe_enc,mean_imp,over_samp,no_sel,min_max_scale",3,"(0, 20)",75675,0.11108500276190726,0.78793880344042,0.06499410512567426,0.13859701098632224,0.2536160714285714,0.24640889167012345,0.2677232142857142,0.2572379099490092,0.2536160714285714
"target_enc,mean_imp,over_samp,max_abs_scale,k_best_sel",3,"(0, 20)",75675,0.12968133338766338,0.7525384996192674,0.07485976305845522,0.1817891596813072,0.2711607142857143,0.2613314943005489,0.2916294642857145,0.27683019241710594,0.27116071428571425
"woe_enc,median_imp,over_samp,no_sel,min_max_scale",3,"(0, 20)",75675,0.11396899549922015,0.7831043161001396,0.07201638974466346,0.1448620230620763,0.2544308035714286,0.2473968486933942,0.26823660714285713,0.2579851745066798,0.2544308035714286
"onehot_enc,median_imp,no_samp,max_abs_scale,no_sel",4,"(0, 20)",75675,0.10869565217391307,0.8655913978494633,0.06694982003808607,0.18415045407430294,0.2449999999999997,0.20645161290322592,0.12142857142857165,0.16610169491525414,0.3273809523809525
"target_enc,mean_imp,over_samp,max_abs_scale,k_best_sel",4,"(0, 20)",75675,0.12968133338766338,0.7525384996192674,0.07485976305845522,0.1817891596813072,0.2711607142857143,0.2613314943005489,0.2916294642857145,0.27683019241710594,0.27116071428571425
"target_enc,mean_imp,min_max_scale,over_samp,no_sel",4,"(0, 20)",75675,0.11010370777033088,0.7910294783293332,0.05163545374330754,0.13326830113910712,0.2516964285714285,0.246333226875394,0.2621651785714286,0.2543500174835625,0.2516964285714285
"woe_enc,median_imp,over_samp,k_best_sel,min_max_scale",4,"(0, 20)",75675,0.12652989965142747,0.7552305592664461,0.07558213441808995,0.1725563125827944,0.2649107142857143,0.25202448141868755,0.2908035714285715,0.2719465415118669,0.26491071428571433
"woe_enc,mean_imp,over_samp,no_sel,min_max_scale",4,"(0, 20)",75675,0.11108500276190726,0.78793880344042,0.06499410512567426,0.13859701098632224,0.2536160714285714,0.24640889167012345,0.2677232142857142,0.2572379099490092,0.2536160714285714
"woe_enc,median_imp,over_samp,no_sel,min_max_scale",4,"(0, 20)",75675,0.11396899549922015,0.7831043161001396,0.07201638974466346,0.1448620230620763,0.2544308035714286,0.2473968486933942,0.26823660714285713,0.2579851745066798,0.2544308035714286
"target_enc,median_imp,min_max_scale,k_best_sel,over_samp",4,"(0, 20)",75675,0.12356050621667695,0.7628886021176084,0.06451226457890909,0.16460397631711568,0.2668080357142857,0.2565728847913056,0.2876562500000001,0.27247334584983274,0.2668080357142857
"target_enc,median_imp,min_max_scale,over_samp,k_best_sel",4,"(0, 20)",75675,0.12304710498306383,0.7636227058951451,0.06238207135664365,0.163878076391842,0.2653794642857143,0.254653934952674,0.2870758928571429,0.27124929078304594,0.2653794642857143
"target_enc,mean_imp,min_max_scale,over_samp,k_best_sel",4,"(0, 20)",75675,0.12157957583880168,0.7670738995566871,0.06333328971375589,0.16080383818782046,0.26623883928571423,0.2560661835556643,0.28694196428571433,0.2718562994985532,0.26623883928571423
"woe_enc,mean_imp,over_samp,no_sel,min_max_scale",5,"(0, 20)",75675,0.11108500276190726,0.78793880344042,0.06499410512567426,0.13859701098632224,0.2536160714285714,0.24640889167012345,0.2677232142857142,0.2572379099490092,0.2536160714285714
"onehot_enc,median_imp,no_samp,max_abs_scale,no_sel",5,"(0, 20)",75675,0.10869565217391307,0.8655913978494633,0.06694982003808607,0.18415045407430294,0.2449999999999997,0.20645161290322592,0.12142857142857165,0.16610169491525414,0.3273809523809525
"woe_enc,median_imp,over_samp,no_sel,min_max_scale",5,"(0, 20)",75675,0.11396899549922015,0.7831043161001396,0.07201638974466346,0.1448620230620763,0.2544308035714286,0.2473968486933942,0.26823660714285713,0.2579851745066798,0.2544308035714286
"target_enc,mean_imp,over_samp,max_abs_scale,k_best_sel",5,"(0, 20)",75675,0.12968133338766338,0.7525384996192674,0.07485976305845522,0.1817891596813072,0.2711607142857143,0.2613314943005489,0.2916294642857145,0.27683019241710594,0.27116071428571425
"target_enc,median_imp,min_max_scale,k_best_sel,over_samp",5,"(0, 20)",75675,0.12356050621667695,0.7628886021176084,0.06451226457890909,0.16460397631711568,0.2668080357142857,0.2565728847913056,0.2876562500000001,0.27247334584983274,0.2668080357142857
"target_enc,median_imp,min_max_scale,over_samp,k_best_sel",5,"(0, 20)",75675,0.12304710498306383,0.7636227058951451,0.06238207135664365,0.163878076391842,0.2653794642857143,0.254653934952674,0.2870758928571429,0.27124929078304594,0.2653794642857143
"target_enc,mean_imp,min_max_scale,over_samp,no_sel",5,"(0, 20)",75675,0.11010370777033088,0.7910294783293332,0.05163545374330754,0.13326830113910712,0.2516964285714285,0.246333226875394,0.2621651785714286,0.2543500174835625,0.2516964285714285
"woe_enc,median_imp,over_samp,k_best_sel,min_max_scale",5,"(0, 20)",75675,0.12652989965142747,0.7552305592664461,0.07558213441808995,0.1725563125827944,0.2649107142857143,0.25202448141868755,0.2908035714285715,0.2719465415118669,0.26491071428571433
"woe_enc,mean_imp,over_samp,k_best_sel,min_max_scale",5,"(0, 20)",75675,0.13433910385142156,0.7420984105023456,0.0852776759987637,0.1863652538197478,0.2672879464285714,0.25499160454041825,0.29220982142857144,0.27410642148737097,0.2672879464285715
"target_enc,median_imp,min_max_scale,over_samp,no_sel",6,"(0, 20)",75675,0.10833934211189908,0.7939120232656198,0.058175118894505426,0.13086116532697795,0.25165178571428565,0.2459811147442888,0.2626339285714286,0.2544284038636688,0.2516517857142857
"onehot_enc,mean_imp,no_samp,max_abs_scale,no_sel",6,"(0, 20)",75675,0.11337073398784467,0.8600611691384396,0.07095783607015026,0.19209717993873154,0.24099999999999974,0.2038709677419353,0.11857142857142837,0.16338983050847472,0.32261904761904736
"woe_enc,median_imp,over_samp,k_best_sel,min_max_scale",6,"(0, 20)",75675,0.12652989965142747,0.7552305592664461,0.07558213441808995,0.1725563125827944,0.2649107142857143,0.25202448141868755,0.2908035714285715,0.2719465415118669,0.26491071428571433
"target_enc,mean_imp,min_max_scale,over_samp,no_sel",6,"(0, 20)",75675,0.11010370777033088,0.7910294783293332,0.05163545374330754,0.13326830113910712,0.2516964285714285,0.246333226875394,0.2621651785714286,0.2543500174835625,0.2516964285714285
"woe_enc,mean_imp,over_samp,k_best_sel,min_max_scale",6,"(0, 20)",75675,0.13433910385142156,0.7420984105023456,0.0852776759987637,0.1863652538197478,0.2672879464285714,0.25499160454041825,0.29220982142857144,0.27410642148737097,0.2672879464285715
"onehot_enc,median_imp,no_samp,max_abs_scale,no_sel",6,"(0, 20)",75675,0.10869565217391307,0.8655913978494633,0.06694982003808607,0.18415045407430294,0.2449999999999997,0.20645161290322592,0.12142857142857165,0.16610169491525414,0.3273809523809525
"target_enc,median_imp,min_max_scale,over_samp,k_best_sel",6,"(0, 20)",75675,0.12304710498306383,0.7636227058951451,0.06238207135664365,0.163878076391842,0.2653794642857143,0.254653934952674,0.2870758928571429,0.27124929078304594,0.2653794642857143
"woe_enc,mean_imp,over_samp,no_sel,min_max_scale",6,"(0, 20)",75675,0.11108500276190726,0.78793880344042,0.06499410512567426,0.13859701098632224,0.2536160714285714,0.24640889167012345,0.2677232142857142,0.2572379099490092,0.2536160714285714
"woe_enc,median_imp,under_samp,k_best_sel,min_max_scale",6,"(0, 20)",75675,0.1252415499164269,0.7596598455454615,0.09448003302159456,0.17708561566245148,0.2766927083333333,0.2662844693361497,0.2989583333333333,0.28303199961639675,0.2766927083333333
"woe_enc,mean_imp,min_max_scale,over_samp,no_sel",7,"(0, 20)",75675,0.11222441153041304,0.7855629854003965,0.0673671659238876,0.13958965308636487,0.2547433035714285,0.24737228282287105,0.26921874999999995,0.2584724036714394,0.2547433035714285
"target_enc,mean_imp,over_samp,no_sel,min_max_scale",7,"(0, 20)",75675,0.1098279055523683,0.791880405034717,0.05051848099183444,0.13335000294467053,0.2531919642857142,0.2480380629524685,0.26328125,0.2557650815833323,0.2531919642857143
"onehot_enc,mean_imp,over_samp,max_abs_scale,no_sel",7,"(0, 20)",75675,0.11754373221789476,0.7764974419573042,0.06790867182125444,0.15094449349282446,0.26204241071428563,0.2549079786915034,0.2764508928571429,0.2658633744586737,0.2620424107142857
"target_enc,median_imp,min_max_scale,no_samp,no_sel",7,"(0, 20)",75675,0.11061243571762518,0.8651544511569595,0.05306134657374443,0.20561430300777106,0.2420000000000004,0.2086513994910941,0.11142857142857128,0.16285329744279942,0.329047619047619
"target_enc,median_imp,min_max_scale,over_samp,k_best_sel",7,"(0, 20)",75675,0.12304710498306383,0.7636227058951451,0.06238207135664365,0.163878076391842,0.2653794642857143,0.254653934952674,0.2870758928571429,0.27124929078304594,0.2653794642857143
"woe_enc,mean_imp,over_samp,no_sel,min_max_scale",7,"(0, 20)",75675,0.11108500276190726,0.78793880344042,0.06499410512567426,0.13859701098632224,0.2536160714285714,0.24640889167012345,0.2677232142857142,0.2572379099490092,0.2536160714285714
"woe_enc,mean_imp,over_samp,k_best_sel,min_max_scale",7,"(0, 20)",75675,0.13433910385142156,0.7420984105023456,0.0852776759987637,0.1863652538197478,0.2672879464285714,0.25499160454041825,0.29220982142857144,0.27410642148737097,0.2672879464285715
"onehot_enc,median_imp,no_samp,max_abs_scale,no_sel",7,"(0, 20)",75675,0.10869565217391307,0.8655913978494633,0.06694982003808607,0.18415045407430294,0.2449999999999997,0.20645161290322592,0.12142857142857165,0.16610169491525414,0.3273809523809525
"target_enc,mean_imp,min_max_scale,over_samp,no_sel",7,"(0, 20)",75675,0.11010370777033088,0.7910294783293332,0.05163545374330754,0.13326830113910712,0.2516964285714285,0.246333226875394,0.2621651785714286,0.2543500174835625,0.2516964285714285
"woe_enc,mean_imp,over_samp,k_best_sel,min_max_scale",8,"(0, 20)",75675,0.13433910385142156,0.7420984105023456,0.0852776759987637,0.1863652538197478,0.2672879464285714,0.25499160454041825,0.29220982142857144,0.27410642148737097,0.2672879464285715
"target_enc,mean_imp,min_max_scale,over_samp,no_sel",8,"(0, 20)",75675,0.11010370777033088,0.7910294783293332,0.05163545374330754,0.13326830113910712,0.2516964285714285,0.246333226875394,0.2621651785714286,0.2543500174835625,0.2516964285714285
"woe_enc,mean_imp,min_max_scale,over_samp,no_sel",8,"(0, 20)",75675,0.11222441153041304,0.7855629854003965,0.0673671659238876,0.13958965308636487,0.2547433035714285,0.24737228282287105,0.26921874999999995,0.2584724036714394,0.2547433035714285
"target_enc,median_imp,over_samp,k_best_sel,min_max_scale",8,"(0, 20)",75675,0.11568409695415327,0.7767015309841472,0.05901339370282852,0.15316845627839532,0.2663839285714285,0.2559542428653039,0.2876116071428572,0.27215086868962873,0.2663839285714285
"target_enc,mean_imp,over_samp,no_sel,min_max_scale",8,"(0, 20)",75675,0.1098279055523683,0.791880405034717,0.05051848099183444,0.13335000294467053,0.2531919642857142,0.2480380629524685,0.26328125,0.2557650815833323,0.2531919642857143
"woe_enc,mean_imp,over_samp,no_sel,min_max_scale",8,"(0, 20)",75675,0.11108500276190726,0.78793880344042,0.06499410512567426,0.13859701098632224,0.2536160714285714,0.24640889167012345,0.2677232142857142,0.2572379099490092,0.2536160714285714
"target_enc,median_imp,min_max_scale,over_samp,k_best_sel",8,"(0, 20)",75675,0.12304710498306383,0.7636227058951451,0.06238207135664365,0.163878076391842,0.2653794642857143,0.254653934952674,0.2870758928571429,0.27124929078304594,0.2653794642857143
"target_enc,median_imp,min_max_scale,no_samp,no_sel",8,"(0, 20)",75675,0.11061243571762518,0.8651544511569595,0.05306134657374443,0.20561430300777106,0.2420000000000004,0.2086513994910941,0.11142857142857128,0.16285329744279942,0.329047619047619
"onehot_enc,median_imp,no_samp,max_abs_scale,no_sel",8,"(0, 20)",75675,0.10869565217391307,0.8655913978494633,0.06694982003808607,0.18415045407430294,0.2449999999999997,0.20645161290322592,0.12142857142857165,0.16610169491525414,0.3273809523809525
"woe_enc,mean_imp,min_max_scale,over_samp,no_sel",9,"(0, 20)",75675,0.11222441153041304,0.7855629854003965,0.0673671659238876,0.13958965308636487,0.2547433035714285,0.24737228282287105,0.26921874999999995,0.2584724036714394,0.2547433035714285
"target_enc,median_imp,min_max_scale,no_samp,no_sel",9,"(0, 20)",75675,0.11061243571762518,0.8651544511569595,0.05306134657374443,0.20561430300777106,0.2420000000000004,0.2086513994910941,0.11142857142857128,0.16285329744279942,0.329047619047619
"woe_enc,mean_imp,over_samp,no_sel,min_max_scale",9,"(0, 20)",75675,0.11108500276190726,0.78793880344042,0.06499410512567426,0.13859701098632224,0.2536160714285714,0.24640889167012345,0.2677232142857142,0.2572379099490092,0.2536160714285714
"onehot_enc,median_imp,no_samp,max_abs_scale,no_sel",9,"(0, 20)",75675,0.10869565217391307,0.8655913978494633,0.06694982003808607,0.18415045407430294,0.2449999999999997,0.20645161290322592,0.12142857142857165,0.16610169491525414,0.3273809523809525
"target_enc,mean_imp,over_samp,no_sel,min_max_scale",9,"(0, 20)",75675,0.1098279055523683,0.791880405034717,0.05051848099183444,0.13335000294467053,0.2531919642857142,0.2480380629524685,0.26328125,0.2557650815833323,0.2531919642857143
"target_enc,mean_imp,min_max_scale,over_samp,no_sel",9,"(0, 20)",75675,0.11010370777033088,0.7910294783293332,0.05163545374330754,0.13326830113910712,0.2516964285714285,0.246333226875394,0.2621651785714286,0.2543500174835625,0.2516964285714285
"woe_enc,mean_imp,over_samp,k_best_sel,norm_scale",9,"(0, 20)",75675,0.5752018590098897,-1.0,0.3653606965174125,0.8935662435904291,0.4490736607142857,0.4544308903073146,0.35964285714285704,0.4117224092371341,0.4490736607142857
"woe_enc,mean_imp,over_samp,k_best_sel,min_max_scale",9,"(0, 20)",75675,0.13433910385142156,0.7420984105023456,0.0852776759987637,0.1863652538197478,0.2672879464285714,0.25499160454041825,0.29220982142857144,0.27410642148737097,0.2672879464285715
"target_enc,median_imp,no_samp,no_sel,min_max_scale",9,"(0, 20)",75675,0.11061243571762518,0.8651544511569595,0.05306134657374443,0.20561430300777106,0.2420000000000004,0.2086513994910941,0.11142857142857128,0.16285329744279942,0.329047619047619
"woe_enc,median_imp,min_max_scale,over_samp,no_sel",10,"(0, 20)",75675,0.1172839766714832,0.7771975754415467,0.07535172957856011,0.1480254071581004,0.2524107142857143,0.2455453443949266,0.26578125,0.25582576037981,0.2524107142857143
"target_enc,mean_imp,min_max_scale,no_samp,no_sel",10,"(0, 20)",75675,0.11093969144460036,0.8642759094028831,0.05105733855771235,0.20754900482410388,0.24099999999999974,0.20689655172413826,0.11285714285714298,0.16250842886041816,0.32642857142857185
"target_enc,mean_imp,min_max_scale,over_samp,no_sel",10,"(0, 20)",75675,0.11010370777033088,0.7910294783293332,0.05163545374330754,0.13326830113910712,0.2516964285714285,0.246333226875394,0.2621651785714286,0.2543500174835625,0.2516964285714285
"woe_enc,median_imp,min_max_scale,no_samp,no_sel",10,"(0, 20)",75675,0.09658719027582993,0.8816249355411684,0.03910308178546144,0.17724612419864152,0.2420000000000004,0.2086513994910941,0.11142857142857128,0.16285329744279942,0.329047619047619
"onehot_enc,median_imp,no_samp,max_abs_scale,no_sel",10,"(0, 20)",75675,0.10869565217391307,0.8655913978494633,0.06694982003808607,0.18415045407430294,0.2449999999999997,0.20645161290322592,0.12142857142857165,0.16610169491525414,0.3273809523809525
"target_enc,mean_imp,over_samp,no_sel,min_max_scale",10,"(0, 20)",75675,0.1098279055523683,0.791880405034717,0.05051848099183444,0.13335000294467053,0.2531919642857142,0.2480380629524685,0.26328125,0.2557650815833323,0.2531919642857143
"target_enc,median_imp,no_samp,no_sel,min_max_scale",10,"(0, 20)",75675,0.11061243571762518,0.8651544511569595,0.05306134657374443,0.20561430300777106,0.2420000000000004,0.2086513994910941,0.11142857142857128,0.16285329744279942,0.329047619047619
"target_enc,median_imp,min_max_scale,no_samp,no_sel",10,"(0, 20)",75675,0.11061243571762518,0.8651544511569595,0.05306134657374443,0.20561430300777106,0.2420000000000004,0.2086513994910941,0.11142857142857128,0.16285329744279942,0.329047619047619
"woe_enc,mean_imp,over_samp,no_sel,min_max_scale",10,"(0, 20)",75675,0.11108500276190726,0.78793880344042,0.06499410512567426,0.13859701098632224,0.2536160714285714,0.24640889167012345,0.2677232142857142,0.2572379099490092,0.2536160714285714
"onehot_enc,median_imp,no_samp,min_max_scale,no_sel",11,"(0, 20)",75675,0.11659654043945775,0.8560794044665004,0.06895382805411819,0.20450308594354635,0.2420000000000004,0.20413436692506445,0.12000000000000008,0.16417910447761186,0.3233333333333338
"woe_enc,median_imp,max_abs_scale,no_samp,no_sel",11,"(0, 20)",75675,0.0998129967274428,0.8776714604938985,0.044078206163570936,0.18222124857675104,0.24300000000000024,0.2089171974522296,0.11285714285714298,0.16363636363636386,0.3297619047619048
"target_enc,mean_imp,min_max_scale,no_samp,no_sel",11,"(0, 20)",75675,0.11093969144460036,0.8642759094028831,0.05105733855771235,0.20754900482410388,0.24099999999999974,0.20689655172413826,0.11285714285714298,0.16250842886041816,0.32642857142857185
"woe_enc,median_imp,min_max_scale,no_samp,no_sel",11,"(0, 20)",75675,0.09658719027582993,0.8816249355411684,0.03910308178546144,0.17724612419864152,0.2420000000000004,0.2086513994910941,0.11142857142857128,0.16285329744279942,0.329047619047619
"target_enc,median_imp,no_samp,no_sel,min_max_scale",11,"(0, 20)",75675,0.11061243571762518,0.8651544511569595,0.05306134657374443,0.20561430300777106,0.2420000000000004,0.2086513994910941,0.11142857142857128,0.16285329744279942,0.329047619047619
"onehot_enc,median_imp,no_samp,max_abs_scale,no_sel",11,"(0, 20)",75675,0.10869565217391307,0.8655913978494633,0.06694982003808607,0.18415045407430294,0.2449999999999997,0.20645161290322592,0.12142857142857165,0.16610169491525414,0.3273809523809525
"woe_enc,median_imp,min_max_scale,over_samp,no_sel",11,"(0, 20)",75675,0.1172839766714832,0.7771975754415467,0.07535172957856011,0.1480254071581004,0.2524107142857143,0.2455453443949266,0.26578125,0.25582576037981,0.2524107142857143
"target_enc,median_imp,min_max_scale,no_samp,no_sel",11,"(0, 20)",75675,0.11061243571762518,0.8651544511569595,0.05306134657374443,0.20561430300777106,0.2420000000000004,0.2086513994910941,0.11142857142857128,0.16285329744279942,0.329047619047619
"target_enc,mean_imp,over_samp,no_sel,min_max_scale",11,"(0, 20)",75675,0.1098279055523683,0.791880405034717,0.05051848099183444,0.13335000294467053,0.2531919642857142,0.2480380629524685,0.26328125,0.2557650815833323,0.2531919642857143
"target_enc,median_imp,no_samp,no_sel,min_max_scale",12,"(0, 20)",75675,0.11061243571762518,0.8651544511569595,0.05306134657374443,0.20561430300777106,0.2420000000000004,0.2086513994910941,0.11142857142857128,0.16285329744279942,0.329047619047619
"target_enc,mean_imp,min_max_scale,no_samp,no_sel",12,"(0, 20)",75675,0.11093969144460036,0.8642759094028831,0.05105733855771235,0.20754900482410388,0.24099999999999974,0.20689655172413826,0.11285714285714298,0.16250842886041816,0.32642857142857185
"onehot_enc,median_imp,no_samp,min_max_scale,no_sel",12,"(0, 20)",75675,0.11659654043945775,0.8560794044665004,0.06895382805411819,0.20450308594354635,0.2420000000000004,0.20413436692506445,0.12000000000000008,0.16417910447761186,0.3233333333333338
"woe_enc,median_imp,max_abs_scale,no_samp,no_sel",12,"(0, 20)",75675,0.0998129967274428,0.8776714604938985,0.044078206163570936,0.18222124857675104,0.24300000000000024,0.2089171974522296,0.11285714285714298,0.16363636363636386,0.3297619047619048
"target_enc,median_imp,min_max_scale,no_samp,no_sel",12,"(0, 20)",75675,0.11061243571762518,0.8651544511569595,0.05306134657374443,0.20561430300777106,0.2420000000000004,0.2086513994910941,0.11142857142857128,0.16285329744279942,0.329047619047619
"woe_enc,median_imp,min_max_scale,over_samp,no_sel",12,"(0, 20)",75675,0.1172839766714832,0.7771975754415467,0.07535172957856011,0.1480254071581004,0.2524107142857143,0.2455453443949266,0.26578125,0.25582576037981,0.2524107142857143
"woe_enc,median_imp,min_max_scale,no_samp,no_sel",12,"(0, 20)",75675,0.09658719027582993,0.8816249355411684,0.03910308178546144,0.17724612419864152,0.2420000000000004,0.2086513994910941,0.11142857142857128,0.16285329744279942,0.329047619047619
"onehot_enc,median_imp,no_samp,max_abs_scale,no_sel",12,"(0, 20)",75675,0.10869565217391307,0.8655913978494633,0.06694982003808607,0.18415045407430294,0.2449999999999997,0.20645161290322592,0.12142857142857165,0.16610169491525414,0.3273809523809525
"target_enc,mean_imp,over_samp,no_sel,min_max_scale",12,"(0, 20)",75675,0.1098279055523683,0.791880405034717,0.05051848099183444,0.13335000294467053,0.2531919642857142,0.2480380629524685,0.26328125,0.2557650815833323,0.2531919642857143
"woe_enc,median_imp,no_samp,min_max_scale,no_sel",13,"(0, 20)",75675,0.09658719027582993,0.8816249355411684,0.03910308178546144,0.17724612419864152,0.2420000000000004,0.2086513994910941,0.11142857142857128,0.16285329744279942,0.329047619047619
"onehot_enc,median_imp,min_max_scale,no_samp,no_sel",13,"(0, 20)",75675,0.11659654043945775,0.8560794044665004,0.06895382805411819,0.20450308594354635,0.2420000000000004,0.20413436692506445,0.12000000000000008,0.16417910447761186,0.3233333333333338
"woe_enc,median_imp,no_samp,max_abs_scale,no_sel",13,"(0, 20)",75675,0.0998129967274428,0.8776714604938985,0.044078206163570936,0.18222124857675104,0.24300000000000024,0.2089171974522296,0.11285714285714298,0.16363636363636386,0.3297619047619048
"onehot_enc,median_imp,no_samp,min_max_scale,no_sel",13,"(0, 20)",75675,0.11659654043945775,0.8560794044665004,0.06895382805411819,0.20450308594354635,0.2420000000000004,0.20413436692506445,0.12000000000000008,0.16417910447761186,0.3233333333333338
"woe_enc,median_imp,min_max_scale,over_samp,no_sel",13,"(0, 20)",75675,0.1172839766714832,0.7771975754415467,0.07535172957856011,0.1480254071581004,0.2524107142857143,0.2455453443949266,0.26578125,0.25582576037981,0.2524107142857143
"target_enc,median_imp,no_samp,no_sel,min_max_scale",13,"(0, 20)",75675,0.11061243571762518,0.8651544511569595,0.05306134657374443,0.20561430300777106,0.2420000000000004,0.2086513994910941,0.11142857142857128,0.16285329744279942,0.329047619047619
"onehot_enc,median_imp,no_samp,max_abs_scale,no_sel",13,"(0, 20)",75675,0.10869565217391307,0.8655913978494633,0.06694982003808607,0.18415045407430294,0.2449999999999997,0.20645161290322592,0.12142857142857165,0.16610169491525414,0.3273809523809525
"target_enc,mean_imp,min_max_scale,no_samp,no_sel",13,"(0, 20)",75675,0.11093969144460036,0.8642759094028831,0.05105733855771235,0.20754900482410388,0.24099999999999974,0.20689655172413826,0.11285714285714298,0.16250842886041816,0.32642857142857185
"target_enc,median_imp,min_max_scale,no_samp,no_sel",13,"(0, 20)",75675,0.11061243571762518,0.8651544511569595,0.05306134657374443,0.20561430300777106,0.2420000000000004,0.2086513994910941,0.11142857142857128,0.16285329744279942,0.329047619047619
"target_enc,mean_imp,min_max_scale,no_samp,no_sel",14,"(0, 20)",75675,0.11093969144460036,0.8642759094028831,0.05105733855771235,0.20754900482410388,0.24099999999999974,0.20689655172413826,0.11285714285714298,0.16250842886041816,0.32642857142857185
"onehot_enc,median_imp,min_max_scale,no_samp,no_sel",14,"(0, 20)",75675,0.11659654043945775,0.8560794044665004,0.06895382805411819,0.20450308594354635,0.2420000000000004,0.20413436692506445,0.12000000000000008,0.16417910447761186,0.3233333333333338
"onehot_enc,median_imp,no_samp,min_max_scale,no_sel",14,"(0, 20)",75675,0.11659654043945775,0.8560794044665004,0.06895382805411819,0.20450308594354635,0.2420000000000004,0.20413436692506445,0.12000000000000008,0.16417910447761186,0.3233333333333338
"target_enc,median_imp,no_samp,no_sel,min_max_scale",14,"(0, 20)",75675,0.11061243571762518,0.8651544511569595,0.05306134657374443,0.20561430300777106,0.2420000000000004,0.2086513994910941,0.11142857142857128,0.16285329744279942,0.329047619047619
"target_enc,median_imp,min_max_scale,no_samp,no_sel",14,"(0, 20)",75675,0.11061243571762518,0.8651544511569595,0.05306134657374443,0.20561430300777106,0.2420000000000004,0.2086513994910941,0.11142857142857128,0.16285329744279942,0.329047619047619
"woe_enc,median_imp,no_samp,max_abs_scale,no_sel",14,"(0, 20)",75675,0.0998129967274428,0.8776714604938985,0.044078206163570936,0.18222124857675104,0.24300000000000024,0.2089171974522296,0.11285714285714298,0.16363636363636386,0.3297619047619048
"onehot_enc,median_imp,no_samp,max_abs_scale,no_sel",14,"(0, 20)",75675,0.10869565217391307,0.8655913978494633,0.06694982003808607,0.18415045407430294,0.2449999999999997,0.20645161290322592,0.12142857142857165,0.16610169491525414,0.3273809523809525
"woe_enc,median_imp,no_samp,min_max_scale,no_sel",14,"(0, 20)",75675,0.09658719027582993,0.8816249355411684,0.03910308178546144,0.17724612419864152,0.2420000000000004,0.2086513994910941,0.11142857142857128,0.16285329744279942,0.329047619047619
"woe_enc,median_imp,no_samp,norm_scale,no_sel",14,"(0, 20)",75675,1.0,-1.0,0.0,1.0,0.3000000000000004,0.3000000000000004,0.0,0.17647058823529407,0.5
"target_enc,median_imp,min_max_scale,no_samp,no_sel",15,"(0, 20)",75675,0.11061243571762518,0.8651544511569595,0.05306134657374443,0.20561430300777106,0.2420000000000004,0.2086513994910941,0.11142857142857128,0.16285329744279942,0.329047619047619
"target_enc,mean_imp,min_max_scale,no_samp,no_sel",15,"(0, 20)",75675,0.11093969144460036,0.8642759094028831,0.05105733855771235,0.20754900482410388,0.24099999999999974,0.20689655172413826,0.11285714285714298,0.16250842886041816,0.32642857142857185
"woe_enc,median_imp,no_samp,max_abs_scale,no_sel",15,"(0, 20)",75675,0.0998129967274428,0.8776714604938985,0.044078206163570936,0.18222124857675104,0.24300000000000024,0.2089171974522296,0.11285714285714298,0.16363636363636386,0.3297619047619048
"onehot_enc,median_imp,no_samp,min_max_scale,no_sel",15,"(0, 20)",75675,0.11659654043945775,0.8560794044665004,0.06895382805411819,0.20450308594354635,0.2420000000000004,0.20413436692506445,0.12000000000000008,0.16417910447761186,0.3233333333333338
"onehot_enc,median_imp,min_max_scale,no_samp,no_sel",15,"(0, 20)",75675,0.11659654043945775,0.8560794044665004,0.06895382805411819,0.20450308594354635,0.2420000000000004,0.20413436692506445,0.12000000000000008,0.16417910447761186,0.3233333333333338
"onehot_enc,median_imp,no_samp,max_abs_scale,no_sel",15,"(0, 20)",75675,0.10869565217391307,0.8655913978494633,0.06694982003808607,0.18415045407430294,0.2449999999999997,0.20645161290322592,0.12142857142857165,0.16610169491525414,0.3273809523809525
"woe_enc,median_imp,no_samp,min_max_scale,no_sel",15,"(0, 20)",75675,0.09658719027582993,0.8816249355411684,0.03910308178546144,0.17724612419864152,0.2420000000000004,0.2086513994910941,0.11142857142857128,0.16285329744279942,0.329047619047619
"target_enc,median_imp,no_samp,no_sel,min_max_scale",15,"(0, 20)",75675,0.11061243571762518,0.8651544511569595,0.05306134657374443,0.20561430300777106,0.2420000000000004,0.2086513994910941,0.11142857142857128,0.16285329744279942,0.329047619047619
"target_enc,median_imp,no_samp,min_max_scale,no_sel",15,"(0, 20)",75675,0.11061243571762518,0.8651544511569595,0.05306134657374443,0.20561430300777106,0.2420000000000004,0.2086513994910941,0.11142857142857128,0.16285329744279942,0.329047619047619
"target_enc,median_imp,min_max_scale,no_samp,no_sel",16,"(0, 20)",75675,0.11061243571762518,0.8651544511569595,0.05306134657374443,0.20561430300777106,0.2420000000000004,0.2086513994910941,0.11142857142857128,0.16285329744279942,0.329047619047619
"onehot_enc,mean_imp,min_max_scale,no_samp,no_sel",16,"(0, 20)",75675,0.1101449275362319,0.8640429338103748,0.06598271169204081,0.18712205556062264,0.24000000000000016,0.20360824742268052,0.11714285714285723,0.16260162601625988,0.3219047619047616
"target_enc,mean_imp,min_max_scale,no_samp,no_sel",16,"(0, 20)",75675,0.11093969144460036,0.8642759094028831,0.05105733855771235,0.20754900482410388,0.24099999999999974,0.20689655172413826,0.11285714285714298,0.16250842886041816,0.32642857142857185
"target_enc,median_imp,no_samp,no_sel,min_max_scale",16,"(0, 20)",75675,0.11061243571762518,0.8651544511569595,0.05306134657374443,0.20561430300777106,0.2420000000000004,0.2086513994910941,0.11142857142857128,0.16285329744279942,0.329047619047619
"onehot_enc,median_imp,no_samp,min_max_scale,no_sel",16,"(0, 20)",75675,0.11659654043945775,0.8560794044665004,0.06895382805411819,0.20450308594354635,0.2420000000000004,0.20413436692506445,0.12000000000000008,0.16417910447761186,0.3233333333333338
"woe_enc,median_imp,no_samp,min_max_scale,no_sel",16,"(0, 20)",75675,0.09658719027582993,0.8816249355411684,0.03910308178546144,0.17724612419864152,0.2420000000000004,0.2086513994910941,0.11142857142857128,0.16285329744279942,0.329047619047619
"target_enc,median_imp,no_samp,min_max_scale,no_sel",16,"(0, 20)",75675,0.11061243571762518,0.8651544511569595,0.05306134657374443,0.20561430300777106,0.2420000000000004,0.2086513994910941,0.11142857142857128,0.16285329744279942,0.329047619047619
"woe_enc,median_imp,under_samp,max_abs_scale,no_sel",16,"(0, 20)",75675,0.11945011653347755,0.7756854401861991,0.07659528574983834,0.1600737189118538,0.2763020833333334,0.2722352605733777,0.2852083333333333,0.2788428396166265,0.2763020833333334
"onehot_enc,median_imp,min_max_scale,no_samp,no_sel",16,"(0, 20)",75675,0.11659654043945775,0.8560794044665004,0.06895382805411819,0.20450308594354635,0.2420000000000004,0.20413436692506445,0.12000000000000008,0.16417910447761186,0.3233333333333338
"target_enc,median_imp,no_samp,no_sel,min_max_scale",17,"(0, 20)",75675,0.11061243571762518,0.8651544511569595,0.05306134657374443,0.20561430300777106,0.2420000000000004,0.2086513994910941,0.11142857142857128,0.16285329744279942,0.329047619047619
"onehot_enc,median_imp,min_max_scale,no_samp,no_sel",17,"(0, 20)",75675,0.11659654043945775,0.8560794044665004,0.06895382805411819,0.20450308594354635,0.2420000000000004,0.20413436692506445,0.12000000000000008,0.16417910447761186,0.3233333333333338
"target_enc,median_imp,no_samp,min_max_scale,no_sel",17,"(0, 20)",75675,0.11061243571762518,0.8651544511569595,0.05306134657374443,0.20561430300777106,0.2420000000000004,0.2086513994910941,0.11142857142857128,0.16285329744279942,0.329047619047619
"target_enc,median_imp,min_max_scale,no_samp,no_sel",17,"(0, 20)",75675,0.11061243571762518,0.8651544511569595,0.05306134657374443,0.20561430300777106,0.2420000000000004,0.2086513994910941,0.11142857142857128,0.16285329744279942,0.329047619047619
"target_enc,mean_imp,min_max_scale,no_samp,no_sel",17,"(0, 20)",75675,0.11093969144460036,0.8642759094028831,0.05105733855771235,0.20754900482410388,0.24099999999999974,0.20689655172413826,0.11285714285714298,0.16250842886041816,0.32642857142857185
"onehot_enc,mean_imp,min_max_scale,no_samp,no_sel",17,"(0, 20)",75675,0.1101449275362319,0.8640429338103748,0.06598271169204081,0.18712205556062264,0.24000000000000016,0.20360824742268052,0.11714285714285723,0.16260162601625988,0.3219047619047616
"woe_enc,median_imp,under_samp,max_abs_scale,no_sel",17,"(0, 20)",75675,0.11945011653347755,0.7756854401861991,0.07659528574983834,0.1600737189118538,0.2763020833333334,0.2722352605733777,0.2852083333333333,0.2788428396166265,0.2763020833333334
"onehot_enc,mean_imp,min_max_scale,over_samp,no_sel",17,"(0, 20)",75675,0.11256145515954777,0.7854013261907532,0.06185053564841125,0.1441848236288364,0.2625334821428572,0.2557965682669314,0.27618303571428565,0.2661598661335525,0.2625334821428572
"onehot_enc,median_imp,no_samp,min_max_scale,no_sel",17,"(0, 20)",75675,0.11659654043945775,0.8560794044665004,0.06895382805411819,0.20450308594354635,0.2420000000000004,0.20413436692506445,0.12000000000000008,0.16417910447761186,0.3233333333333338
"target_enc,median_imp,no_samp,min_max_scale,no_sel",18,"(0, 20)",75675,0.11061243571762518,0.8651544511569595,0.05306134657374443,0.20561430300777106,0.2420000000000004,0.2086513994910941,0.11142857142857128,0.16285329744279942,0.329047619047619
"onehot_enc,mean_imp,min_max_scale,no_samp,no_sel",18,"(0, 20)",75675,0.1101449275362319,0.8640429338103748,0.06598271169204081,0.18712205556062264,0.24000000000000016,0.20360824742268052,0.11714285714285723,0.16260162601625988,0.3219047619047616
"target_enc,median_imp,no_samp,no_sel,min_max_scale",18,"(0, 20)",75675,0.11061243571762518,0.8651544511569595,0.05306134657374443,0.20561430300777106,0.2420000000000004,0.2086513994910941,0.11142857142857128,0.16285329744279942,0.329047619047619
"target_enc,mean_imp,min_max_scale,no_samp,no_sel",18,"(0, 20)",75675,0.11093969144460036,0.8642759094028831,0.05105733855771235,0.20754900482410388,0.24099999999999974,0.20689655172413826,0.11285714285714298,0.16250842886041816,0.32642857142857185
"onehot_enc,median_imp,min_max_scale,no_samp,no_sel",18,"(0, 20)",75675,0.11659654043945775,0.8560794044665004,0.06895382805411819,0.20450308594354635,0.2420000000000004,0.20413436692506445,0.12000000000000008,0.16417910447761186,0.3233333333333338
"target_enc,median_imp,min_max_scale,no_samp,no_sel",18,"(0, 20)",75675,0.11061243571762518,0.8651544511569595,0.05306134657374443,0.20561430300777106,0.2420000000000004,0.2086513994910941,0.11142857142857128,0.16285329744279942,0.329047619047619
"onehot_enc,median_imp,no_samp,min_max_scale,no_sel",18,"(0, 20)",75675,0.11659654043945775,0.8560794044665004,0.06895382805411819,0.20450308594354635,0.2420000000000004,0.20413436692506445,0.12000000000000008,0.16417910447761186,0.3233333333333338
"woe_enc,median_imp,under_samp,max_abs_scale,no_sel",18,"(0, 20)",75675,0.11945011653347755,0.7756854401861991,0.07659528574983834,0.1600737189118538,0.2763020833333334,0.2722352605733777,0.2852083333333333,0.2788428396166265,0.2763020833333334
"target_enc,median_imp,no_sel,no_samp,min_max_scale",18,"(0, 20)",75675,0.11061243571762518,0.8651544511569595,0.05306134657374443,0.20561430300777106,0.2420000000000004,0.2086513994910941,0.11142857142857128,0.16285329744279942,0.329047619047619
"target_enc,median_imp,no_samp,min_max_scale,no_sel",19,"(0, 20)",75675,0.11061243571762518,0.8651544511569595,0.05306134657374443,0.20561430300777106,0.2420000000000004,0.2086513994910941,0.11142857142857128,0.16285329744279942,0.329047619047619
"onehot_enc,mean_imp,min_max_scale,no_samp,no_sel",19,"(0, 20)",75675,0.1101449275362319,0.8640429338103748,0.06598271169204081,0.18712205556062264,0.24000000000000016,0.20360824742268052,0.11714285714285723,0.16260162601625988,0.3219047619047616
"onehot_enc,mean_imp,no_samp,no_sel,min_max_scale",19,"(0, 20)",75675,0.1101449275362319,0.8640429338103748,0.06598271169204081,0.18712205556062264,0.24000000000000016,0.20360824742268052,0.11714285714285723,0.16260162601625988,0.3219047619047616
"target_enc,median_imp,min_max_scale,no_samp,no_sel",19,"(0, 20)",75675,0.11061243571762518,0.8651544511569595,0.05306134657374443,0.20561430300777106,0.2420000000000004,0.2086513994910941,0.11142857142857128,0.16285329744279942,0.329047619047619
"onehot_enc,median_imp,no_samp,min_max_scale,no_sel",19,"(0, 20)",75675,0.11659654043945775,0.8560794044665004,0.06895382805411819,0.20450308594354635,0.2420000000000004,0.20413436692506445,0.12000000000000008,0.16417910447761186,0.3233333333333338
"target_enc,median_imp,no_samp,no_sel,min_max_scale",19,"(0, 20)",75675,0.11061243571762518,0.8651544511569595,0.05306134657374443,0.20561430300777106,0.2420000000000004,0.2086513994910941,0.11142857142857128,0.16285329744279942,0.329047619047619
"onehot_enc,median_imp,min_max_scale,no_samp,no_sel",19,"(0, 20)",75675,0.11659654043945775,0.8560794044665004,0.06895382805411819,0.20450308594354635,0.2420000000000004,0.20413436692506445,0.12000000000000008,0.16417910447761186,0.3233333333333338
"target_enc,mean_imp,min_max_scale,no_samp,no_sel",19,"(0, 20)",75675,0.11093969144460036,0.8642759094028831,0.05105733855771235,0.20754900482410388,0.24099999999999974,0.20689655172413826,0.11285714285714298,0.16250842886041816,0.32642857142857185
"target_enc,median_imp,no_sel,no_samp,min_max_scale",19,"(0, 20)",75675,0.11061243571762518,0.8651544511569595,0.05306134657374443,0.20561430300777106,0.2420000000000004,0.2086513994910941,0.11142857142857128,0.16285329744279942,0.329047619047619
"onehot_enc,mean_imp,min_max_scale,no_samp,no_sel",20,"(0, 20)",75675,0.1101449275362319,0.8640429338103748,0.06598271169204081,0.18712205556062264,0.24000000000000016,0.20360824742268052,0.11714285714285723,0.16260162601625988,0.3219047619047616
"target_enc,mean_imp,min_max_scale,no_samp,no_sel",20,"(0, 20)",75675,0.11093969144460036,0.8642759094028831,0.05105733855771235,0.20754900482410388,0.24099999999999974,0.20689655172413826,0.11285714285714298,0.16250842886041816,0.32642857142857185
"onehot_enc,median_imp,no_samp,min_max_scale,no_sel",20,"(0, 20)",75675,0.11659654043945775,0.8560794044665004,0.06895382805411819,0.20450308594354635,0.2420000000000004,0.20413436692506445,0.12000000000000008,0.16417910447761186,0.3233333333333338
"target_enc,median_imp,no_samp,min_max_scale,no_sel",20,"(0, 20)",75675,0.11061243571762518,0.8651544511569595,0.05306134657374443,0.20561430300777106,0.2420000000000004,0.2086513994910941,0.11142857142857128,0.16285329744279942,0.329047619047619
"target_enc,median_imp,min_max_scale,no_samp,no_sel",20,"(0, 20)",75675,0.11061243571762518,0.8651544511569595,0.05306134657374443,0.20561430300777106,0.2420000000000004,0.2086513994910941,0.11142857142857128,0.16285329744279942,0.329047619047619
"target_enc,median_imp,no_sel,no_samp,min_max_scale",20,"(0, 20)",75675,0.11061243571762518,0.8651544511569595,0.05306134657374443,0.20561430300777106,0.2420000000000004,0.2086513994910941,0.11142857142857128,0.16285329744279942,0.329047619047619
"onehot_enc,mean_imp,no_samp,no_sel,min_max_scale",20,"(0, 20)",75675,0.1101449275362319,0.8640429338103748,0.06598271169204081,0.18712205556062264,0.24000000000000016,0.20360824742268052,0.11714285714285723,0.16260162601625988,0.3219047619047616
"target_enc,median_imp,no_samp,no_sel,min_max_scale",20,"(0, 20)",75675,0.11061243571762518,0.8651544511569595,0.05306134657374443,0.20561430300777106,0.2420000000000004,0.2086513994910941,0.11142857142857128,0.16285329744279942,0.329047619047619
"onehot_enc,median_imp,min_max_scale,no_samp,no_sel",20,"(0, 20)",75675,0.11659654043945775,0.8560794044665004,0.06895382805411819,0.20450308594354635,0.2420000000000004,0.20413436692506445,0.12000000000000008,0.16417910447761186,0.3233333333333338
"count_enc,median_imp,under_samp,k_best_sel,max_abs_scale",0,"(4, 16)",75675,0.206987667415878,0.6380090963851409,0.2080042446945573,0.3613474948506649,0.33401041666666664,0.33391303152740953,0.33401041666666664,0.3340547401442879,0.3340104166666667
"target_enc,median_imp,min_max_scale,k_best_sel,over_samp",0,"(4, 16)",75675,0.12356050621667695,0.7628886021176084,0.06451226457890909,0.16460397631711568,0.2668080357142857,0.2565728847913056,0.2876562500000001,0.27247334584983274,0.2668080357142857
"onehot_enc,median_imp,no_samp,max_abs_scale,no_sel",0,"(4, 16)",75675,0.10869565217391307,0.8655913978494633,0.06694982003808607,0.18415045407430294,0.2449999999999997,0.20645161290322592,0.12142857142857165,0.16610169491525414,0.3273809523809525
"woe_enc,mean_imp,over_samp,no_sel,min_max_scale",0,"(4, 16)",75675,0.11108500276190726,0.78793880344042,0.06499410512567426,0.13859701098632224,0.2536160714285714,0.24640889167012345,0.2677232142857142,0.2572379099490092,0.2536160714285714
"target_enc,mean_imp,over_samp,max_abs_scale,k_best_sel",0,"(4, 16)",75675,0.12968133338766338,0.7525384996192674,0.07485976305845522,0.1817891596813072,0.2711607142857143,0.2613314943005489,0.2916294642857145,0.27683019241710594,0.27116071428571425
"woe_enc,most_freq_imp,max_abs_scale,under_samp,k_best_sel",0,"(4, 16)",75675,0.12195994624078085,0.7660046172713562,0.08190028802849081,0.1713183076259739,0.27841145833333336,0.26860585027293565,0.2996354166666667,0.2845126113488684,0.2784114583333333
"onehot_enc,most_freq_imp,no_sel,over_samp,norm_scale",0,"(4, 16)",75675,0.34894515390294656,-1.0,0.5855876865671639,0.8829219605010509,0.45703125,0.4400291648356204,0.5987723214285715,0.532554104649092,0.45703125
"count_enc,most_freq_imp,no_samp,min_max_scale,k_best_sel",0,"(4, 16)",75675,0.0909770920991119,0.8982590055941857,0.05320092922162724,0.1910557733543907,0.2940000000000004,0.2655889145496534,0.0914285714285714,0.18773946360153268,0.4290476190476191
"loo_enc,most_freq_imp,no_samp,no_scale,k_best_sel",0,"(4, 16)",75675,0.025666199158485375,1.0281105990783403,0.015274329754035422,0.08842865993319884,0.2850000000000001,0.27470141150922905,0.04571428571428578,0.17581739666872306,0.4445238095238092
"woe_enc,mean_imp,over_samp,min_max_scale,no_sel",1,"(4, 16)",75675,0.1152526309141747,0.7808108216018486,0.0668242579686737,0.14232792732856522,0.2536383928571428,0.2470162788823489,0.26665178571428577,0.2569816222357749,0.2536383928571428
"onehot_enc,median_imp,no_samp,no_sel,max_abs_scale",1,"(4, 16)",75675,0.10869565217391307,0.8655913978494633,0.06694982003808607,0.18415045407430294,0.2449999999999997,0.20645161290322592,0.12142857142857165,0.16610169491525414,0.3273809523809525
"loo_enc,most_freq_imp,over_samp,no_scale,k_best_sel",1,"(4, 16)",75675,0.16368246882754778,0.7115413424290827,0.13166662927845746,0.2659274185919584,0.319140625,0.320989258228653,0.3083482142857143,0.3153373988979811,0.319140625
"target_enc,median_imp,min_max_scale,k_best_sel,no_samp",1,"(4, 16)",75675,0.10752688172043004,0.8709677419354824,0.0641182863238915,0.18520959714573712,0.2379999999999999,0.21124999999999985,0.09857142857142856,0.1586666666666669,0.3309523809523811
"count_enc,most_freq_imp,no_samp,min_max_scale,k_best_sel",1,"(4, 16)",75675,0.0909770920991119,0.8982590055941857,0.05320092922162724,0.1910557733543907,0.2940000000000004,0.2655889145496534,0.0914285714285714,0.18773946360153268,0.4290476190476191
"woe_enc,most_freq_imp,max_abs_scale,under_samp,k_best_sel",1,"(4, 16)",75675,0.12195994624078085,0.7660046172713562,0.08190028802849081,0.1713183076259739,0.27841145833333336,0.26860585027293565,0.2996354166666667,0.2845126113488684,0.2784114583333333
"woe_enc,mean_imp,over_samp,no_sel,min_max_scale",1,"(4, 16)",75675,0.11108500276190726,0.78793880344042,0.06499410512567426,0.13859701098632224,0.2536160714285714,0.24640889167012345,0.2677232142857142,0.2572379099490092,0.2536160714285714
"onehot_enc,median_imp,no_samp,max_abs_scale,no_sel",1,"(4, 16)",75675,0.10869565217391307,0.8655913978494633,0.06694982003808607,0.18415045407430294,0.2449999999999997,0.20645161290322592,0.12142857142857165,0.16610169491525414,0.3273809523809525
"loo_enc,most_freq_imp,no_samp,no_scale,k_best_sel",1,"(4, 16)",75675,0.025666199158485375,1.0281105990783403,0.015274329754035422,0.08842865993319884,0.2850000000000001,0.27470141150922905,0.04571428571428578,0.17581739666872306,0.4445238095238092
"onehot_enc,median_imp,no_samp,max_abs_scale,no_sel",2,"(4, 16)",75675,0.10869565217391307,0.8655913978494633,0.06694982003808607,0.18415045407430294,0.2449999999999997,0.20645161290322592,0.12142857142857165,0.16610169491525414,0.3273809523809525
"woe_enc,mean_imp,over_samp,min_max_scale,no_sel",2,"(4, 16)",75675,0.1152526309141747,0.7808108216018486,0.0668242579686737,0.14232792732856522,0.2536383928571428,0.2470162788823489,0.26665178571428577,0.2569816222357749,0.2536383928571428
"onehot_enc,median_imp,no_samp,no_sel,max_abs_scale",2,"(4, 16)",75675,0.10869565217391307,0.8655913978494633,0.06694982003808607,0.18415045407430294,0.2449999999999997,0.20645161290322592,0.12142857142857165,0.16610169491525414,0.3273809523809525
"count_enc,most_freq_imp,no_samp,min_max_scale,k_best_sel",2,"(4, 16)",75675,0.0909770920991119,0.8982590055941857,0.05320092922162724,0.1910557733543907,0.2940000000000004,0.2655889145496534,0.0914285714285714,0.18773946360153268,0.4290476190476191
"loo_enc,most_freq_imp,over_samp,k_best_sel,no_scale",2,"(4, 16)",75675,0.166239129340454,0.7079370080024489,0.14171953982592048,0.2736087415006361,0.3218973214285716,0.3243430918877112,0.30988839285714304,0.3177832296654524,0.3218973214285716
"ordinal_enc,mean_imp,over_samp,no_sel,min_max_scale",2,"(4, 16)",75675,0.1389167818169054,0.7459164711864436,0.10283813896449616,0.20295986287765588,0.28624999999999995,0.2857531501267073,0.2872321428571429,0.2865201381567561,0.28624999999999995
"loo_enc,most_freq_imp,no_samp,no_scale,k_best_sel",2,"(4, 16)",75675,0.025666199158485375,1.0281105990783403,0.015274329754035422,0.08842865993319884,0.2850000000000001,0.27470141150922905,0.04571428571428578,0.17581739666872306,0.4445238095238092
"woe_enc,mean_imp,over_samp,no_sel,min_max_scale",2,"(4, 16)",75675,0.11108500276190726,0.78793880344042,0.06499410512567426,0.13859701098632224,0.2536160714285714,0.24640889167012345,0.2677232142857142,0.2572379099490092,0.2536160714285714
"loo_enc,most_freq_imp,over_samp,no_scale,k_best_sel",2,"(4, 16)",75675,0.16368246882754778,0.7115413424290827,0.13166662927845746,0.2659274185919584,0.319140625,0.320989258228653,0.3083482142857143,0.3153373988979811,0.319140625
"onehot_enc,median_imp,no_samp,no_sel,no_scale",3,"(4, 16)",75675,0.1191678354371202,0.8539506102102783,0.07392895243222772,0.21207199484540776,0.24900000000000025,0.21052631578947384,0.12142857142857165,0.16835699797160264,0.3340476190476192
"loo_enc,most_freq_imp,no_samp,max_abs_scale,k_best_sel",3,"(4, 16)",75675,0.10504908835904626,0.8791935483870981,0.0662618769878064,0.1872571217161796,0.2449999999999997,0.22819593787335715,0.0771428571428573,0.15940143135979154,0.3569047619047617
"loo_enc,most_freq_imp,over_samp,no_scale,k_best_sel",3,"(4, 16)",75675,0.16368246882754778,0.7115413424290827,0.13166662927845746,0.2659274185919584,0.319140625,0.320989258228653,0.3083482142857143,0.3153373988979811,0.319140625
"woe_enc,mean_imp,over_samp,no_sel,min_max_scale",3,"(4, 16)",75675,0.11108500276190726,0.78793880344042,0.06499410512567426,0.13859701098632224,0.2536160714285714,0.24640889167012345,0.2677232142857142,0.2572379099490092,0.2536160714285714
"count_enc,most_freq_imp,no_samp,min_max_scale,k_best_sel",3,"(4, 16)",75675,0.0909770920991119,0.8982590055941857,0.05320092922162724,0.1910557733543907,0.2940000000000004,0.2655889145496534,0.0914285714285714,0.18773946360153268,0.4290476190476191
"onehot_enc,median_imp,no_samp,no_sel,max_abs_scale",3,"(4, 16)",75675,0.10869565217391307,0.8655913978494633,0.06694982003808607,0.18415045407430294,0.2449999999999997,0.20645161290322592,0.12142857142857165,0.16610169491525414,0.3273809523809525
"loo_enc,most_freq_imp,over_samp,k_best_sel,no_scale",3,"(4, 16)",75675,0.166239129340454,0.7079370080024489,0.14171953982592048,0.2736087415006361,0.3218973214285716,0.3243430918877112,0.30988839285714304,0.3177832296654524,0.3218973214285716
"loo_enc,most_freq_imp,no_samp,no_scale,k_best_sel",3,"(4, 16)",75675,0.025666199158485375,1.0281105990783403,0.015274329754035422,0.08842865993319884,0.2850000000000001,0.27470141150922905,0.04571428571428578,0.17581739666872306,0.4445238095238092
"woe_enc,mean_imp,over_samp,min_max_scale,no_sel",3,"(4, 16)",75675,0.1152526309141747,0.7808108216018486,0.0668242579686737,0.14232792732856522,0.2536383928571428,0.2470162788823489,0.26665178571428577,0.2569816222357749,0.2536383928571428
"woe_enc,mean_imp,over_samp,min_max_scale,no_sel",4,"(4, 16)",75675,0.1152526309141747,0.7808108216018486,0.0668242579686737,0.14232792732856522,0.2536383928571428,0.2470162788823489,0.26665178571428577,0.2569816222357749,0.2536383928571428
"woe_enc,mean_imp,over_samp,no_sel,min_max_scale",4,"(4, 16)",75675,0.11108500276190726,0.78793880344042,0.06499410512567426,0.13859701098632224,0.2536160714285714,0.24640889167012345,0.2677232142857142,0.2572379099490092,0.2536160714285714
"count_enc,most_freq_imp,no_samp,min_max_scale,no_sel",4,"(4, 16)",75675,0.08517999064983636,0.9041204020417836,0.04622179682748583,0.1775441466041324,0.28999999999999954,0.2621809744779585,0.0914285714285714,0.18565941101152345,0.4223809523809517
"woe_enc,mean_imp,over_samp,min_max_scale,k_best_sel",4,"(4, 16)",75675,0.12989404256228956,0.7492565376002555,0.07982195734753092,0.17813811552435202,0.2664955357142857,0.25350747389051803,0.29267857142857145,0.2736467903315564,0.2664955357142857
"loo_enc,most_freq_imp,over_samp,k_best_sel,no_scale",4,"(4, 16)",75675,0.166239129340454,0.7079370080024489,0.14171953982592048,0.2736087415006361,0.3218973214285716,0.3243430918877112,0.30988839285714304,0.3177832296654524,0.3218973214285716
"loo_enc,most_freq_imp,no_samp,max_abs_scale,k_best_sel",4,"(4, 16)",75675,0.10504908835904626,0.8791935483870981,0.0662618769878064,0.1872571217161796,0.2449999999999997,0.22819593787335715,0.0771428571428573,0.15940143135979154,0.3569047619047617
"loo_enc,most_freq_imp,no_samp,no_scale,k_best_sel",4,"(4, 16)",75675,0.025666199158485375,1.0281105990783403,0.015274329754035422,0.08842865993319884,0.2850000000000001,0.27470141150922905,0.04571428571428578,0.17581739666872306,0.4445238095238092
"onehot_enc,median_imp,no_samp,no_sel,max_abs_scale",4,"(4, 16)",75675,0.10869565217391307,0.8655913978494633,0.06694982003808607,0.18415045407430294,0.2449999999999997,0.20645161290322592,0.12142857142857165,0.16610169491525414,0.3273809523809525
"count_enc,most_freq_imp,no_samp,min_max_scale,k_best_sel",4,"(4, 16)",75675,0.0909770920991119,0.8982590055941857,0.05320092922162724,0.1910557733543907,0.2940000000000004,0.2655889145496534,0.0914285714285714,0.18773946360153268,0.4290476190476191
"woe_enc,mean_imp,over_samp,no_sel,max_abs_scale",5,"(4, 16)",75675,0.11108654511683697,0.788764842976773,0.06248504471629829,0.13679351457955635,0.2533705357142857,0.24710634538284185,0.2656250000000001,0.25650296633581865,0.2533705357142857
"onehot_enc,median_imp,no_samp,no_sel,min_max_scale",5,"(4, 16)",75675,0.11659654043945775,0.8560794044665004,0.06895382805411819,0.20450308594354635,0.2420000000000004,0.20413436692506445,0.12000000000000008,0.16417910447761186,0.3233333333333338
"woe_enc,median_imp,no_samp,no_sel,max_abs_scale",5,"(4, 16)",75675,0.0998129967274428,0.8776714604938985,0.044078206163570936,0.18222124857675104,0.24300000000000024,0.2089171974522296,0.11285714285714298,0.16363636363636386,0.3297619047619048
"onehot_enc,mean_imp,over_samp,min_max_scale,no_sel",5,"(4, 16)",75675,0.11657227661105625,0.7784092895890358,0.06689607448728302,0.14966340503409634,0.26066964285714284,0.2539177114626643,0.27421875,0.2642421706365085,0.26066964285714284
"onehot_enc,median_imp,no_samp,no_sel,max_abs_scale",5,"(4, 16)",75675,0.10869565217391307,0.8655913978494633,0.06694982003808607,0.18415045407430294,0.2449999999999997,0.20645161290322592,0.12142857142857165,0.16610169491525414,0.3273809523809525
"woe_enc,mean_imp,over_samp,min_max_scale,no_sel",5,"(4, 16)",75675,0.1152526309141747,0.7808108216018486,0.0668242579686737,0.14232792732856522,0.2536383928571428,0.2470162788823489,0.26665178571428577,0.2569816222357749,0.2536383928571428
"woe_enc,mean_imp,over_samp,no_sel,min_max_scale",5,"(4, 16)",75675,0.11108500276190726,0.78793880344042,0.06499410512567426,0.13859701098632224,0.2536160714285714,0.24640889167012345,0.2677232142857142,0.2572379099490092,0.2536160714285714
"loo_enc,most_freq_imp,no_samp,no_scale,k_best_sel",5,"(4, 16)",75675,0.025666199158485375,1.0281105990783403,0.015274329754035422,0.08842865993319884,0.2850000000000001,0.27470141150922905,0.04571428571428578,0.17581739666872306,0.4445238095238092
"loo_enc,most_freq_imp,no_samp,max_abs_scale,k_best_sel",5,"(4, 16)",75675,0.10504908835904626,0.8791935483870981,0.0662618769878064,0.1872571217161796,0.2449999999999997,0.22819593787335715,0.0771428571428573,0.15940143135979154,0.3569047619047617
"onehot_enc,mean_imp,over_samp,min_max_scale,no_sel",6,"(4, 16)",75675,0.11657227661105625,0.7784092895890358,0.06689607448728302,0.14966340503409634,0.26066964285714284,0.2539177114626643,0.27421875,0.2642421706365085,0.26066964285714284
"onehot_enc,median_imp,no_samp,no_sel,max_abs_scale",6,"(4, 16)",75675,0.10869565217391307,0.8655913978494633,0.06694982003808607,0.18415045407430294,0.2449999999999997,0.20645161290322592,0.12142857142857165,0.16610169491525414,0.3273809523809525
"woe_enc,median_imp,no_samp,no_sel,max_abs_scale",6,"(4, 16)",75675,0.0998129967274428,0.8776714604938985,0.044078206163570936,0.18222124857675104,0.24300000000000024,0.2089171974522296,0.11285714285714298,0.16363636363636386,0.3297619047619048
"woe_enc,mean_imp,over_samp,no_sel,min_max_scale",6,"(4, 16)",75675,0.11108500276190726,0.78793880344042,0.06499410512567426,0.13859701098632224,0.2536160714285714,0.24640889167012345,0.2677232142857142,0.2572379099490092,0.2536160714285714
"onehot_enc,median_imp,no_samp,no_sel,min_max_scale",6,"(4, 16)",75675,0.11659654043945775,0.8560794044665004,0.06895382805411819,0.20450308594354635,0.2420000000000004,0.20413436692506445,0.12000000000000008,0.16417910447761186,0.3233333333333338
"loo_enc,most_freq_imp,no_samp,max_abs_scale,k_best_sel",6,"(4, 16)",75675,0.10504908835904626,0.8791935483870981,0.0662618769878064,0.1872571217161796,0.2449999999999997,0.22819593787335715,0.0771428571428573,0.15940143135979154,0.3569047619047617
"woe_enc,mean_imp,over_samp,no_sel,max_abs_scale",6,"(4, 16)",75675,0.11108654511683697,0.788764842976773,0.06248504471629829,0.13679351457955635,0.2533705357142857,0.24710634538284185,0.2656250000000001,0.25650296633581865,0.2533705357142857
"woe_enc,median_imp,no_sel,no_samp,max_abs_scale",6,"(4, 16)",75675,0.0998129967274428,0.8776714604938985,0.044078206163570936,0.18222124857675104,0.24300000000000024,0.2089171974522296,0.11285714285714298,0.16363636363636386,0.3297619047619048
"woe_enc,mean_imp,over_samp,min_max_scale,no_sel",6,"(4, 16)",75675,0.1152526309141747,0.7808108216018486,0.0668242579686737,0.14232792732856522,0.2536383928571428,0.2470162788823489,0.26665178571428577,0.2569816222357749,0.2536383928571428
"woe_enc,mean_imp,over_samp,min_max_scale,no_sel",7,"(4, 16)",75675,0.1152526309141747,0.7808108216018486,0.0668242579686737,0.14232792732856522,0.2536383928571428,0.2470162788823489,0.26665178571428577,0.2569816222357749,0.2536383928571428
"loo_enc,most_freq_imp,no_samp,k_best_sel,max_abs_scale",7,"(4, 16)",75675,0.10504908835904626,0.8791935483870981,0.0662618769878064,0.1872571217161796,0.2449999999999997,0.22819593787335715,0.0771428571428573,0.15940143135979154,0.3569047619047617
"onehot_enc,mean_imp,over_samp,no_sel,min_max_scale",7,"(4, 16)",75675,0.1153563600107963,0.7803313004369384,0.06397636691293035,0.14870617702411812,0.2634821428571429,0.2566378307642403,0.27738839285714284,0.2671899083384369,0.2634821428571429
"onehot_enc,median_imp,no_samp,no_sel,max_abs_scale",7,"(4, 16)",75675,0.10869565217391307,0.8655913978494633,0.06694982003808607,0.18415045407430294,0.2449999999999997,0.20645161290322592,0.12142857142857165,0.16610169491525414,0.3273809523809525
"woe_enc,median_imp,no_sel,no_samp,max_abs_scale",7,"(4, 16)",75675,0.0998129967274428,0.8776714604938985,0.044078206163570936,0.18222124857675104,0.24300000000000024,0.2089171974522296,0.11285714285714298,0.16363636363636386,0.3297619047619048
"woe_enc,median_imp,under_samp,no_sel,min_max_scale",7,"(4, 16)",75675,0.1216007568715945,0.7704267279280921,0.08167436018579391,0.16496066116086466,0.2778645833333333,0.2724137249955512,0.2896875,0.2812092467421011,0.2778645833333333
"loo_enc,median_imp,no_samp,max_abs_scale,k_best_sel",7,"(4, 16)",75675,0.1021505376344087,0.8821339950372216,0.05230361219952339,0.19164748078110752,0.24300000000000024,0.22634730538922185,0.0771428571428573,0.1583061889250814,0.3535714285714281
"onehot_enc,median_imp,no_samp,no_sel,min_max_scale",7,"(4, 16)",75675,0.11659654043945775,0.8560794044665004,0.06895382805411819,0.20450308594354635,0.2420000000000004,0.20413436692506445,0.12000000000000008,0.16417910447761186,0.3233333333333338
"loo_enc,most_freq_imp,no_samp,max_abs_scale,k_best_sel",7,"(4, 16)",75675,0.10504908835904626,0.8791935483870981,0.0662618769878064,0.1872571217161796,0.2449999999999997,0.22819593787335715,0.0771428571428573,0.15940143135979154,0.3569047619047617
"woe_enc,median_imp,no_sel,no_samp,max_abs_scale",8,"(4, 16)",75675,0.0998129967274428,0.8776714604938985,0.044078206163570936,0.18222124857675104,0.24300000000000024,0.2089171974522296,0.11285714285714298,0.16363636363636386,0.3297619047619048
"loo_enc,most_freq_imp,no_samp,k_best_sel,max_abs_scale",8,"(4, 16)",75675,0.10504908835904626,0.8791935483870981,0.0662618769878064,0.1872571217161796,0.2449999999999997,0.22819593787335715,0.0771428571428573,0.15940143135979154,0.3569047619047617
"onehot_enc,median_imp,no_samp,no_sel,max_abs_scale",8,"(4, 16)",75675,0.10869565217391307,0.8655913978494633,0.06694982003808607,0.18415045407430294,0.2449999999999997,0.20645161290322592,0.12142857142857165,0.16610169491525414,0.3273809523809525
"loo_enc,median_imp,no_samp,min_max_scale,k_best_sel",8,"(4, 16)",75675,0.10752688172043004,0.8709677419354824,0.0641182863238915,0.18520959714573712,0.2379999999999999,0.21124999999999985,0.09857142857142856,0.1586666666666669,0.3309523809523811
"onehot_enc,mean_imp,over_samp,no_sel,min_max_scale",8,"(4, 16)",75675,0.1153563600107963,0.7803313004369384,0.06397636691293035,0.14870617702411812,0.2634821428571429,0.2566378307642403,0.27738839285714284,0.2671899083384369,0.2634821428571429
"woe_enc,mean_imp,over_samp,min_max_scale,no_sel",8,"(4, 16)",75675,0.1152526309141747,0.7808108216018486,0.0668242579686737,0.14232792732856522,0.2536383928571428,0.2470162788823489,0.26665178571428577,0.2569816222357749,0.2536383928571428
"onehot_enc,median_imp,no_samp,no_sel,min_max_scale",8,"(4, 16)",75675,0.11659654043945775,0.8560794044665004,0.06895382805411819,0.20450308594354635,0.2420000000000004,0.20413436692506445,0.12000000000000008,0.16417910447761186,0.3233333333333338
"woe_enc,median_imp,under_samp,no_sel,min_max_scale",8,"(4, 16)",75675,0.1216007568715945,0.7704267279280921,0.08167436018579391,0.16496066116086466,0.2778645833333333,0.2724137249955512,0.2896875,0.2812092467421011,0.2778645833333333
"loo_enc,median_imp,no_samp,max_abs_scale,k_best_sel",8,"(4, 16)",75675,0.1021505376344087,0.8821339950372216,0.05230361219952339,0.19164748078110752,0.24300000000000024,0.22634730538922185,0.0771428571428573,0.1583061889250814,0.3535714285714281
"onehot_enc,median_imp,no_samp,min_max_scale,k_best_sel",9,"(4, 16)",75675,0.08363721365123902,0.9010125601726321,0.05810626227579532,0.13587176494162928,0.263,0.23321123321123285,0.10285714285714297,0.17314022383146788,0.3697619047619049
"loo_enc,mean_imp,over_samp,no_sel,min_max_scale",9,"(4, 16)",75675,0.11161916099370772,0.7883485299964191,0.05355829818841664,0.13627257932200665,0.2530022321428572,0.24770628982789825,0.26343749999999994,0.2556676388437405,0.2530022321428572
"onehot_enc,median_imp,no_samp,no_sel,min_max_scale",9,"(4, 16)",75675,0.11659654043945775,0.8560794044665004,0.06895382805411819,0.20450308594354635,0.2420000000000004,0.20413436692506445,0.12000000000000008,0.16417910447761186,0.3233333333333338
"loo_enc,median_imp,no_samp,min_max_scale,k_best_sel",9,"(4, 16)",75675,0.10752688172043004,0.8709677419354824,0.0641182863238915,0.18520959714573712,0.2379999999999999,0.21124999999999985,0.09857142857142856,0.1586666666666669,0.3309523809523811
"loo_enc,median_imp,no_samp,max_abs_scale,k_best_sel",9,"(4, 16)",75675,0.1021505376344087,0.8821339950372216,0.05230361219952339,0.19164748078110752,0.24300000000000024,0.22634730538922185,0.0771428571428573,0.1583061889250814,0.3535714285714281
"onehot_enc,mean_imp,over_samp,no_sel,min_max_scale",9,"(4, 16)",75675,0.1153563600107963,0.7803313004369384,0.06397636691293035,0.14870617702411812,0.2634821428571429,0.2566378307642403,0.27738839285714284,0.2671899083384369,0.2634821428571429
"onehot_enc,median_imp,no_samp,no_sel,max_abs_scale",9,"(4, 16)",75675,0.10869565217391307,0.8655913978494633,0.06694982003808607,0.18415045407430294,0.2449999999999997,0.20645161290322592,0.12142857142857165,0.16610169491525414,0.3273809523809525
"woe_enc,mean_imp,over_samp,min_max_scale,no_sel",9,"(4, 16)",75675,0.1152526309141747,0.7808108216018486,0.0668242579686737,0.14232792732856522,0.2536383928571428,0.2470162788823489,0.26665178571428577,0.2569816222357749,0.2536383928571428
"onehot_enc,median_imp,over_samp,no_sel,min_max_scale",9,"(4, 16)",75675,0.11914051441236825,0.7733217516573329,0.06313217230480865,0.15336108489820385,0.26069196428571434,0.25323743904194473,0.2755803571428572,0.2646133205961161,0.2606919642857144
"onehot_enc,median_imp,no_samp,no_sel,min_max_scale",10,"(4, 16)",75675,0.11659654043945775,0.8560794044665004,0.06895382805411819,0.20450308594354635,0.2420000000000004,0.20413436692506445,0.12000000000000008,0.16417910447761186,0.3233333333333338
"loo_enc,median_imp,no_samp,min_max_scale,k_best_sel",10,"(4, 16)",75675,0.10752688172043004,0.8709677419354824,0.0641182863238915,0.18520959714573712,0.2379999999999999,0.21124999999999985,0.09857142857142856,0.1586666666666669,0.3309523809523811
"onehot_enc,median_imp,no_samp,min_max_scale,no_sel",10,"(4, 16)",75675,0.11659654043945775,0.8560794044665004,0.06895382805411819,0.20450308594354635,0.2420000000000004,0.20413436692506445,0.12000000000000008,0.16417910447761186,0.3233333333333338
"onehot_enc,median_imp,over_samp,no_sel,min_max_scale",10,"(4, 16)",75675,0.11914051441236825,0.7733217516573329,0.06313217230480865,0.15336108489820385,0.26069196428571434,0.25323743904194473,0.2755803571428572,0.2646133205961161,0.2606919642857144
"onehot_enc,median_imp,no_samp,no_sel,max_abs_scale",10,"(4, 16)",75675,0.10869565217391307,0.8655913978494633,0.06694982003808607,0.18415045407430294,0.2449999999999997,0.20645161290322592,0.12142857142857165,0.16610169491525414,0.3273809523809525
"woe_enc,mean_imp,over_samp,min_max_scale,no_sel",10,"(4, 16)",75675,0.1152526309141747,0.7808108216018486,0.0668242579686737,0.14232792732856522,0.2536383928571428,0.2470162788823489,0.26665178571428577,0.2569816222357749,0.2536383928571428
"loo_enc,most_freq_imp,no_samp,k_best_sel,max_abs_scale",10,"(4, 16)",75675,0.10504908835904626,0.8791935483870981,0.0662618769878064,0.1872571217161796,0.2449999999999997,0.22819593787335715,0.0771428571428573,0.15940143135979154,0.3569047619047617
"loo_enc,median_imp,no_samp,max_abs_scale,k_best_sel",10,"(4, 16)",75675,0.1021505376344087,0.8821339950372216,0.05230361219952339,0.19164748078110752,0.24300000000000024,0.22634730538922185,0.0771428571428573,0.1583061889250814,0.3535714285714281
"loo_enc,mean_imp,over_samp,no_sel,min_max_scale",10,"(4, 16)",75675,0.11161916099370772,0.7883485299964191,0.05355829818841664,0.13627257932200665,0.2530022321428572,0.24770628982789825,0.26343749999999994,0.2556676388437405,0.2530022321428572
"loo_enc,most_freq_imp,no_samp,no_sel,max_abs_scale",11,"(4, 16)",75675,0.11683029453015426,0.8649700113470564,0.06819609367989711,0.22194987628232726,0.24900000000000025,0.2279855247285885,0.08571428571428573,0.16285153695225668,0.3578571428571425
"onehot_enc,median_imp,no_samp,k_best_sel,min_max_scale",11,"(4, 16)",75675,0.08363721365123902,0.9010125601726321,0.05810626227579532,0.13587176494162928,0.263,0.23321123321123285,0.10285714285714297,0.17314022383146788,0.3697619047619049
"loo_enc,median_imp,no_samp,min_max_scale,no_sel",11,"(4, 16)",75675,0.11061243571762518,0.8651544511569595,0.05306134657374443,0.20561430300777106,0.2420000000000004,0.2086513994910941,0.11142857142857128,0.16285329744279942,0.329047619047619
"onehot_enc,median_imp,no_samp,k_best_sel,max_abs_scale",11,"(4, 16)",75675,0.08686302010285192,0.8971947103413938,0.06308138665390482,0.1408468893197388,0.2639999999999997,0.23349633251833715,0.1042857142857143,0.17391304347826098,0.3704761904761905
"loo_enc,mean_imp,over_samp,no_sel,min_max_scale",11,"(4, 16)",75675,0.11161916099370772,0.7883485299964191,0.05355829818841664,0.13627257932200665,0.2530022321428572,0.24770628982789825,0.26343749999999994,0.2556676388437405,0.2530022321428572
"onehot_enc,median_imp,no_samp,no_sel,min_max_scale",11,"(4, 16)",75675,0.11659654043945775,0.8560794044665004,0.06895382805411819,0.20450308594354635,0.2420000000000004,0.20413436692506445,0.12000000000000008,0.16417910447761186,0.3233333333333338
"onehot_enc,median_imp,no_samp,min_max_scale,no_sel",11,"(4, 16)",75675,0.11659654043945775,0.8560794044665004,0.06895382805411819,0.20450308594354635,0.2420000000000004,0.20413436692506445,0.12000000000000008,0.16417910447761186,0.3233333333333338
"onehot_enc,median_imp,no_samp,no_sel,max_abs_scale",11,"(4, 16)",75675,0.10869565217391307,0.8655913978494633,0.06694982003808607,0.18415045407430294,0.2449999999999997,0.20645161290322592,0.12142857142857165,0.16610169491525414,0.3273809523809525
"loo_enc,median_imp,no_samp,min_max_scale,k_best_sel",11,"(4, 16)",75675,0.10752688172043004,0.8709677419354824,0.0641182863238915,0.18520959714573712,0.2379999999999999,0.21124999999999985,0.09857142857142856,0.1586666666666669,0.3309523809523811
"loo_enc,median_imp,no_samp,k_best_sel,min_max_scale",12,"(4, 16)",75675,0.10752688172043004,0.8709677419354824,0.0641182863238915,0.18520959714573712,0.2379999999999999,0.21124999999999985,0.09857142857142856,0.1586666666666669,0.3309523809523811
"onehot_enc,median_imp,no_samp,min_max_scale,no_sel",12,"(4, 16)",75675,0.11659654043945775,0.8560794044665004,0.06895382805411819,0.20450308594354635,0.2420000000000004,0.20413436692506445,0.12000000000000008,0.16417910447761186,0.3233333333333338
"loo_enc,median_imp,no_samp,min_max_scale,no_sel",12,"(4, 16)",75675,0.11061243571762518,0.8651544511569595,0.05306134657374443,0.20561430300777106,0.2420000000000004,0.2086513994910941,0.11142857142857128,0.16285329744279942,0.329047619047619
"onehot_enc,median_imp,no_samp,k_best_sel,min_max_scale",12,"(4, 16)",75675,0.08363721365123902,0.9010125601726321,0.05810626227579532,0.13587176494162928,0.263,0.23321123321123285,0.10285714285714297,0.17314022383146788,0.3697619047619049
"onehot_enc,median_imp,no_samp,no_sel,max_abs_scale",12,"(4, 16)",75675,0.10869565217391307,0.8655913978494633,0.06694982003808607,0.18415045407430294,0.2449999999999997,0.20645161290322592,0.12142857142857165,0.16610169491525414,0.3273809523809525
"onehot_enc,median_imp,no_samp,no_sel,min_max_scale",12,"(4, 16)",75675,0.11659654043945775,0.8560794044665004,0.06895382805411819,0.20450308594354635,0.2420000000000004,0.20413436692506445,0.12000000000000008,0.16417910447761186,0.3233333333333338
"loo_enc,median_imp,no_samp,min_max_scale,k_best_sel",12,"(4, 16)",75675,0.10752688172043004,0.8709677419354824,0.0641182863238915,0.18520959714573712,0.2379999999999999,0.21124999999999985,0.09857142857142856,0.1586666666666669,0.3309523809523811
"loo_enc,mean_imp,over_samp,no_sel,min_max_scale",12,"(4, 16)",75675,0.11161916099370772,0.7883485299964191,0.05355829818841664,0.13627257932200665,0.2530022321428572,0.24770628982789825,0.26343749999999994,0.2556676388437405,0.2530022321428572
"loo_enc,most_freq_imp,no_samp,no_sel,max_abs_scale",12,"(4, 16)",75675,0.11683029453015426,0.8649700113470564,0.06819609367989711,0.22194987628232726,0.24900000000000025,0.2279855247285885,0.08571428571428573,0.16285153695225668,0.3578571428571425
"onehot_enc,median_imp,no_samp,min_max_scale,k_best_sel",13,"(4, 16)",75675,0.08363721365123902,0.9010125601726321,0.05810626227579532,0.13587176494162928,0.263,0.23321123321123285,0.10285714285714297,0.17314022383146788,0.3697619047619049
"loo_enc,median_imp,no_samp,min_max_scale,no_sel",13,"(4, 16)",75675,0.11061243571762518,0.8651544511569595,0.05306134657374443,0.20561430300777106,0.2420000000000004,0.2086513994910941,0.11142857142857128,0.16285329744279942,0.329047619047619
"loo_enc,median_imp,no_samp,no_sel,min_max_scale",13,"(4, 16)",75675,0.11061243571762518,0.8651544511569595,0.05306134657374443,0.20561430300777106,0.2420000000000004,0.2086513994910941,0.11142857142857128,0.16285329744279942,0.329047619047619
"onehot_enc,median_imp,no_samp,min_max_scale,no_sel",13,"(4, 16)",75675,0.11659654043945775,0.8560794044665004,0.06895382805411819,0.20450308594354635,0.2420000000000004,0.20413436692506445,0.12000000000000008,0.16417910447761186,0.3233333333333338
"onehot_enc,median_imp,no_samp,no_sel,max_abs_scale",13,"(4, 16)",75675,0.10869565217391307,0.8655913978494633,0.06694982003808607,0.18415045407430294,0.2449999999999997,0.20645161290322592,0.12142857142857165,0.16610169491525414,0.3273809523809525
"onehot_enc,median_imp,no_samp,no_sel,min_max_scale",13,"(4, 16)",75675,0.11659654043945775,0.8560794044665004,0.06895382805411819,0.20450308594354635,0.2420000000000004,0.20413436692506445,0.12000000000000008,0.16417910447761186,0.3233333333333338
"loo_enc,median_imp,no_samp,k_best_sel,min_max_scale",13,"(4, 16)",75675,0.10752688172043004,0.8709677419354824,0.0641182863238915,0.18520959714573712,0.2379999999999999,0.21124999999999985,0.09857142857142856,0.1586666666666669,0.3309523809523811
"loo_enc,mean_imp,over_samp,no_sel,min_max_scale",13,"(4, 16)",75675,0.11161916099370772,0.7883485299964191,0.05355829818841664,0.13627257932200665,0.2530022321428572,0.24770628982789825,0.26343749999999994,0.2556676388437405,0.2530022321428572
"loo_enc,median_imp,no_samp,min_max_scale,k_best_sel",13,"(4, 16)",75675,0.10752688172043004,0.8709677419354824,0.0641182863238915,0.18520959714573712,0.2379999999999999,0.21124999999999985,0.09857142857142856,0.1586666666666669,0.3309523809523811
"loo_enc,median_imp,no_samp,k_best_sel,min_max_scale",14,"(4, 16)",75675,0.10752688172043004,0.8709677419354824,0.0641182863238915,0.18520959714573712,0.2379999999999999,0.21124999999999985,0.09857142857142856,0.1586666666666669,0.3309523809523811
"loo_enc,median_imp,no_samp,min_max_scale,k_best_sel",14,"(4, 16)",75675,0.10752688172043004,0.8709677419354824,0.0641182863238915,0.18520959714573712,0.2379999999999999,0.21124999999999985,0.09857142857142856,0.1586666666666669,0.3309523809523811
"loo_enc,median_imp,no_samp,min_max_scale,no_sel",14,"(4, 16)",75675,0.11061243571762518,0.8651544511569595,0.05306134657374443,0.20561430300777106,0.2420000000000004,0.2086513994910941,0.11142857142857128,0.16285329744279942,0.329047619047619
"onehot_enc,median_imp,no_samp,min_max_scale,k_best_sel",14,"(4, 16)",75675,0.08363721365123902,0.9010125601726321,0.05810626227579532,0.13587176494162928,0.263,0.23321123321123285,0.10285714285714297,0.17314022383146788,0.3697619047619049
"onehot_enc,median_imp,no_samp,no_sel,max_abs_scale",14,"(4, 16)",75675,0.10869565217391307,0.8655913978494633,0.06694982003808607,0.18415045407430294,0.2449999999999997,0.20645161290322592,0.12142857142857165,0.16610169491525414,0.3273809523809525
"onehot_enc,median_imp,no_samp,min_max_scale,no_sel",14,"(4, 16)",75675,0.11659654043945775,0.8560794044665004,0.06895382805411819,0.20450308594354635,0.2420000000000004,0.20413436692506445,0.12000000000000008,0.16417910447761186,0.3233333333333338
"onehot_enc,median_imp,no_samp,no_sel,min_max_scale",14,"(4, 16)",75675,0.11659654043945775,0.8560794044665004,0.06895382805411819,0.20450308594354635,0.2420000000000004,0.20413436692506445,0.12000000000000008,0.16417910447761186,0.3233333333333338
"loo_enc,median_imp,no_samp,no_sel,min_max_scale",14,"(4, 16)",75675,0.11061243571762518,0.8651544511569595,0.05306134657374443,0.20561430300777106,0.2420000000000004,0.2086513994910941,0.11142857142857128,0.16285329744279942,0.329047619047619
"loo_enc,mean_imp,over_samp,no_sel,min_max_scale",14,"(4, 16)",75675,0.11161916099370772,0.7883485299964191,0.05355829818841664,0.13627257932200665,0.2530022321428572,0.24770628982789825,0.26343749999999994,0.2556676388437405,0.2530022321428572
"loo_enc,median_imp,no_samp,min_max_scale,k_best_sel",15,"(4, 16)",75675,0.10752688172043004,0.8709677419354824,0.0641182863238915,0.18520959714573712,0.2379999999999999,0.21124999999999985,0.09857142857142856,0.1586666666666669,0.3309523809523811
"loo_enc,median_imp,no_samp,no_sel,min_max_scale",15,"(4, 16)",75675,0.11061243571762518,0.8651544511569595,0.05306134657374443,0.20561430300777106,0.2420000000000004,0.2086513994910941,0.11142857142857128,0.16285329744279942,0.329047619047619
"loo_enc,median_imp,no_samp,min_max_scale,no_sel",15,"(4, 16)",75675,0.11061243571762518,0.8651544511569595,0.05306134657374443,0.20561430300777106,0.2420000000000004,0.2086513994910941,0.11142857142857128,0.16285329744279942,0.329047619047619
"onehot_enc,median_imp,no_samp,no_sel,min_max_scale",15,"(4, 16)",75675,0.11659654043945775,0.8560794044665004,0.06895382805411819,0.20450308594354635,0.2420000000000004,0.20413436692506445,0.12000000000000008,0.16417910447761186,0.3233333333333338
"loo_enc,mean_imp,over_samp,no_sel,min_max_scale",15,"(4, 16)",75675,0.11161916099370772,0.7883485299964191,0.05355829818841664,0.13627257932200665,0.2530022321428572,0.24770628982789825,0.26343749999999994,0.2556676388437405,0.2530022321428572
"loo_enc,median_imp,no_samp,k_best_sel,min_max_scale",15,"(4, 16)",75675,0.10752688172043004,0.8709677419354824,0.0641182863238915,0.18520959714573712,0.2379999999999999,0.21124999999999985,0.09857142857142856,0.1586666666666669,0.3309523809523811
"onehot_enc,median_imp,no_samp,min_max_scale,no_sel",15,"(4, 16)",75675,0.11659654043945775,0.8560794044665004,0.06895382805411819,0.20450308594354635,0.2420000000000004,0.20413436692506445,0.12000000000000008,0.16417910447761186,0.3233333333333338
"loo_enc,median_imp,no_samp,quant_scale,no_sel",15,"(4, 16)",75675,0.11561477325853182,0.8588067370825014,0.07897386813427858,0.1922357923381308,0.24099999999999974,0.20689655172413826,0.11285714285714298,0.16250842886041816,0.32642857142857185
"onehot_enc,median_imp,min_max_scale,no_sel,no_samp",15,"(4, 16)",75675,0.11659654043945775,0.8560794044665004,0.06895382805411819,0.20450308594354635,0.2420000000000004,0.20413436692506445,0.12000000000000008,0.16417910447761186,0.3233333333333338
"loo_enc,median_imp,no_samp,min_max_scale,k_best_sel",16,"(4, 16)",75675,0.10752688172043004,0.8709677419354824,0.0641182863238915,0.18520959714573712,0.2379999999999999,0.21124999999999985,0.09857142857142856,0.1586666666666669,0.3309523809523811
"loo_enc,median_imp,no_samp,no_sel,min_max_scale",16,"(4, 16)",75675,0.11061243571762518,0.8651544511569595,0.05306134657374443,0.20561430300777106,0.2420000000000004,0.2086513994910941,0.11142857142857128,0.16285329744279942,0.329047619047619
"loo_enc,median_imp,no_samp,quant_scale,no_sel",16,"(4, 16)",75675,0.11561477325853182,0.8588067370825014,0.07897386813427858,0.1922357923381308,0.24099999999999974,0.20689655172413826,0.11285714285714298,0.16250842886041816,0.32642857142857185
"loo_enc,median_imp,no_samp,k_best_sel,min_max_scale",16,"(4, 16)",75675,0.10752688172043004,0.8709677419354824,0.0641182863238915,0.18520959714573712,0.2379999999999999,0.21124999999999985,0.09857142857142856,0.1586666666666669,0.3309523809523811
"onehot_enc,median_imp,no_samp,no_sel,min_max_scale",16,"(4, 16)",75675,0.11659654043945775,0.8560794044665004,0.06895382805411819,0.20450308594354635,0.2420000000000004,0.20413436692506445,0.12000000000000008,0.16417910447761186,0.3233333333333338
"onehot_enc,median_imp,min_max_scale,no_sel,no_samp",16,"(4, 16)",75675,0.11659654043945775,0.8560794044665004,0.06895382805411819,0.20450308594354635,0.2420000000000004,0.20413436692506445,0.12000000000000008,0.16417910447761186,0.3233333333333338
"loo_enc,median_imp,no_samp,min_max_scale,no_sel",16,"(4, 16)",75675,0.11061243571762518,0.8651544511569595,0.05306134657374443,0.20561430300777106,0.2420000000000004,0.2086513994910941,0.11142857142857128,0.16285329744279942,0.329047619047619
"ordinal_enc,median_imp,no_samp,min_max_scale,no_sel",16,"(4, 16)",75675,0.10425432445067796,0.8791000271076178,0.04815601351957652,0.21627167709611694,0.2699999999999997,0.2409638554216865,0.0999999999999999,0.17647058823529407,0.38333333333333297
"onehot_enc,median_imp,no_samp,min_max_scale,no_sel",16,"(4, 16)",75675,0.11659654043945775,0.8560794044665004,0.06895382805411819,0.20450308594354635,0.2420000000000004,0.20413436692506445,0.12000000000000008,0.16417910447761186,0.3233333333333338
"onehot_enc,median_imp,no_samp,k_best_sel,min_max_scale",17,"(4, 16)",75675,0.08363721365123902,0.9010125601726321,0.05810626227579532,0.13587176494162928,0.263,0.23321123321123285,0.10285714285714297,0.17314022383146788,0.3697619047619049
"loo_enc,median_imp,no_samp,min_max_scale,no_sel",17,"(4, 16)",75675,0.11061243571762518,0.8651544511569595,0.05306134657374443,0.20561430300777106,0.2420000000000004,0.2086513994910941,0.11142857142857128,0.16285329744279942,0.329047619047619
"onehot_enc,median_imp,min_max_scale,no_sel,no_samp",17,"(4, 16)",75675,0.11659654043945775,0.8560794044665004,0.06895382805411819,0.20450308594354635,0.2420000000000004,0.20413436692506445,0.12000000000000008,0.16417910447761186,0.3233333333333338
"loo_enc,median_imp,no_samp,quant_scale,no_sel",17,"(4, 16)",75675,0.11561477325853182,0.8588067370825014,0.07897386813427858,0.1922357923381308,0.24099999999999974,0.20689655172413826,0.11285714285714298,0.16250842886041816,0.32642857142857185
"ordinal_enc,median_imp,no_samp,min_max_scale,no_sel",17,"(4, 16)",75675,0.10425432445067796,0.8791000271076178,0.04815601351957652,0.21627167709611694,0.2699999999999997,0.2409638554216865,0.0999999999999999,0.17647058823529407,0.38333333333333297
"woe_enc,median_imp,no_samp,no_sel,min_max_scale",17,"(4, 16)",75675,0.09658719027582993,0.8816249355411684,0.03910308178546144,0.17724612419864152,0.2420000000000004,0.2086513994910941,0.11142857142857128,0.16285329744279942,0.329047619047619
"loo_enc,median_imp,no_samp,min_max_scale,k_best_sel",17,"(4, 16)",75675,0.10752688172043004,0.8709677419354824,0.0641182863238915,0.18520959714573712,0.2379999999999999,0.21124999999999985,0.09857142857142856,0.1586666666666669,0.3309523809523811
"onehot_enc,median_imp,no_samp,min_max_scale,no_sel",17,"(4, 16)",75675,0.11659654043945775,0.8560794044665004,0.06895382805411819,0.20450308594354635,0.2420000000000004,0.20413436692506445,0.12000000000000008,0.16417910447761186,0.3233333333333338
"onehot_enc,median_imp,no_samp,no_sel,min_max_scale",17,"(4, 16)",75675,0.11659654043945775,0.8560794044665004,0.06895382805411819,0.20450308594354635,0.2420000000000004,0.20413436692506445,0.12000000000000008,0.16417910447761186,0.3233333333333338
"onehot_enc,median_imp,no_samp,no_sel,min_max_scale",18,"(4, 16)",75675,0.11659654043945775,0.8560794044665004,0.06895382805411819,0.20450308594354635,0.2420000000000004,0.20413436692506445,0.12000000000000008,0.16417910447761186,0.3233333333333338
"woe_enc,median_imp,no_samp,k_best_sel,min_max_scale",18,"(4, 16)",75675,0.1172043010752688,0.8593548387096774,0.06708940268596887,0.2117649394552661,0.2390000000000003,0.21079046424090328,0.10142857142857142,0.1596526386105543,0.3307142857142861
"loo_enc,median_imp,no_samp,min_max_scale,k_best_sel",18,"(4, 16)",75675,0.10752688172043004,0.8709677419354824,0.0641182863238915,0.18520959714573712,0.2379999999999999,0.21124999999999985,0.09857142857142856,0.1586666666666669,0.3309523809523811
"loo_enc,median_imp,no_samp,quant_scale,no_sel",18,"(4, 16)",75675,0.11561477325853182,0.8588067370825014,0.07897386813427858,0.1922357923381308,0.24099999999999974,0.20689655172413826,0.11285714285714298,0.16250842886041816,0.32642857142857185
"loo_enc,median_imp,no_samp,min_max_scale,no_sel",18,"(4, 16)",75675,0.11061243571762518,0.8651544511569595,0.05306134657374443,0.20561430300777106,0.2420000000000004,0.2086513994910941,0.11142857142857128,0.16285329744279942,0.329047619047619
"onehot_enc,median_imp,no_samp,k_best_sel,min_max_scale",18,"(4, 16)",75675,0.08363721365123902,0.9010125601726321,0.05810626227579532,0.13587176494162928,0.263,0.23321123321123285,0.10285714285714297,0.17314022383146788,0.3697619047619049
"onehot_enc,median_imp,no_samp,min_max_scale,no_sel",18,"(4, 16)",75675,0.11659654043945775,0.8560794044665004,0.06895382805411819,0.20450308594354635,0.2420000000000004,0.20413436692506445,0.12000000000000008,0.16417910447761186,0.3233333333333338
"woe_enc,median_imp,no_samp,no_sel,min_max_scale",18,"(4, 16)",75675,0.09658719027582993,0.8816249355411684,0.03910308178546144,0.17724612419864152,0.2420000000000004,0.2086513994910941,0.11142857142857128,0.16285329744279942,0.329047619047619
"onehot_enc,median_imp,min_max_scale,no_sel,no_samp",18,"(4, 16)",75675,0.11659654043945775,0.8560794044665004,0.06895382805411819,0.20450308594354635,0.2420000000000004,0.20413436692506445,0.12000000000000008,0.16417910447761186,0.3233333333333338
"loo_enc,median_imp,no_samp,k_best_sel,min_max_scale",19,"(4, 16)",75675,0.10752688172043004,0.8709677419354824,0.0641182863238915,0.18520959714573712,0.2379999999999999,0.21124999999999985,0.09857142857142856,0.1586666666666669,0.3309523809523811
"woe_enc,median_imp,no_samp,min_max_scale,k_best_sel",19,"(4, 16)",75675,0.1172043010752688,0.8593548387096774,0.06708940268596887,0.2117649394552661,0.2390000000000003,0.21079046424090328,0.10142857142857142,0.1596526386105543,0.3307142857142861
"woe_enc,median_imp,no_samp,no_sel,min_max_scale",19,"(4, 16)",75675,0.09658719027582993,0.8816249355411684,0.03910308178546144,0.17724612419864152,0.2420000000000004,0.2086513994910941,0.11142857142857128,0.16285329744279942,0.329047619047619
"onehot_enc,median_imp,min_max_scale,no_sel,no_samp",19,"(4, 16)",75675,0.11659654043945775,0.8560794044665004,0.06895382805411819,0.20450308594354635,0.2420000000000004,0.20413436692506445,0.12000000000000008,0.16417910447761186,0.3233333333333338
"woe_enc,median_imp,no_samp,k_best_sel,min_max_scale",19,"(4, 16)",75675,0.1172043010752688,0.8593548387096774,0.06708940268596887,0.2117649394552661,0.2390000000000003,0.21079046424090328,0.10142857142857142,0.1596526386105543,0.3307142857142861
"onehot_enc,median_imp,no_samp,no_sel,min_max_scale",19,"(4, 16)",75675,0.11659654043945775,0.8560794044665004,0.06895382805411819,0.20450308594354635,0.2420000000000004,0.20413436692506445,0.12000000000000008,0.16417910447761186,0.3233333333333338
"loo_enc,median_imp,no_samp,quant_scale,no_sel",19,"(4, 16)",75675,0.11561477325853182,0.8588067370825014,0.07897386813427858,0.1922357923381308,0.24099999999999974,0.20689655172413826,0.11285714285714298,0.16250842886041816,0.32642857142857185
"onehot_enc,median_imp,no_samp,min_max_scale,no_sel",19,"(4, 16)",75675,0.11659654043945775,0.8560794044665004,0.06895382805411819,0.20450308594354635,0.2420000000000004,0.20413436692506445,0.12000000000000008,0.16417910447761186,0.3233333333333338
"loo_enc,median_imp,no_samp,min_max_scale,k_best_sel",19,"(4, 16)",75675,0.10752688172043004,0.8709677419354824,0.0641182863238915,0.18520959714573712,0.2379999999999999,0.21124999999999985,0.09857142857142856,0.1586666666666669,0.3309523809523811
"loo_enc,median_imp,no_samp,min_max_scale,no_sel",20,"(4, 16)",75675,0.11061243571762518,0.8651544511569595,0.05306134657374443,0.20561430300777106,0.2420000000000004,0.2086513994910941,0.11142857142857128,0.16285329744279942,0.329047619047619
"woe_enc,median_imp,no_samp,quant_scale,k_best_sel",20,"(4, 16)",75675,0.1146330060776064,0.861476752725835,0.07593296044825976,0.20485365788809812,0.2599999999999999,0.2222222222222219,0.12000000000000008,0.1742627345844506,0.3533333333333329
"loo_enc,median_imp,no_samp,k_best_sel,min_max_scale",20,"(4, 16)",75675,0.10752688172043004,0.8709677419354824,0.0641182863238915,0.18520959714573712,0.2379999999999999,0.21124999999999985,0.09857142857142856,0.1586666666666669,0.3309523809523811
"loo_enc,median_imp,no_samp,min_max_scale,k_best_sel",20,"(4, 16)",75675,0.10752688172043004,0.8709677419354824,0.0641182863238915,0.18520959714573712,0.2379999999999999,0.21124999999999985,0.09857142857142856,0.1586666666666669,0.3309523809523811
"onehot_enc,median_imp,no_samp,no_sel,min_max_scale",20,"(4, 16)",75675,0.11659654043945775,0.8560794044665004,0.06895382805411819,0.20450308594354635,0.2420000000000004,0.20413436692506445,0.12000000000000008,0.16417910447761186,0.3233333333333338
"woe_enc,median_imp,no_samp,no_sel,min_max_scale",20,"(4, 16)",75675,0.09658719027582993,0.8816249355411684,0.03910308178546144,0.17724612419864152,0.2420000000000004,0.2086513994910941,0.11142857142857128,0.16285329744279942,0.329047619047619
"woe_enc,median_imp,no_samp,k_best_sel,min_max_scale",20,"(4, 16)",75675,0.1172043010752688,0.8593548387096774,0.06708940268596887,0.2117649394552661,0.2390000000000003,0.21079046424090328,0.10142857142857142,0.1596526386105543,0.3307142857142861
"woe_enc,median_imp,no_samp,min_max_scale,k_best_sel",20,"(4, 16)",75675,0.1172043010752688,0.8593548387096774,0.06708940268596887,0.2117649394552661,0.2390000000000003,0.21079046424090328,0.10142857142857142,0.1596526386105543,0.3307142857142861
"onehot_enc,median_imp,min_max_scale,no_sel,no_samp",20,"(4, 16)",75675,0.11659654043945775,0.8560794044665004,0.06895382805411819,0.20450308594354635,0.2420000000000004,0.20413436692506445,0.12000000000000008,0.16417910447761186,0.3233333333333338
"count_enc,median_imp,under_samp,k_best_sel,max_abs_scale",0,"(8, 12)",75675,0.206987667415878,0.6380090963851409,0.2080042446945573,0.3613474948506649,0.33401041666666664,0.33391303152740953,0.33401041666666664,0.3340547401442879,0.3340104166666667
"target_enc,median_imp,min_max_scale,k_best_sel,over_samp",0,"(8, 12)",75675,0.12356050621667695,0.7628886021176084,0.06451226457890909,0.16460397631711568,0.2668080357142857,0.2565728847913056,0.2876562500000001,0.27247334584983274,0.2668080357142857
"onehot_enc,median_imp,no_samp,max_abs_scale,no_sel",0,"(8, 12)",75675,0.10869565217391307,0.8655913978494633,0.06694982003808607,0.18415045407430294,0.2449999999999997,0.20645161290322592,0.12142857142857165,0.16610169491525414,0.3273809523809525
"woe_enc,mean_imp,over_samp,no_sel,min_max_scale",0,"(8, 12)",75675,0.11108500276190726,0.78793880344042,0.06499410512567426,0.13859701098632224,0.2536160714285714,0.24640889167012345,0.2677232142857142,0.2572379099490092,0.2536160714285714
"target_enc,mean_imp,over_samp,max_abs_scale,k_best_sel",0,"(8, 12)",75675,0.12968133338766338,0.7525384996192674,0.07485976305845522,0.1817891596813072,0.2711607142857143,0.2613314943005489,0.2916294642857145,0.27683019241710594,0.27116071428571425
"woe_enc,most_freq_imp,max_abs_scale,under_samp,k_best_sel",0,"(8, 12)",75675,0.12195994624078085,0.7660046172713562,0.08190028802849081,0.1713183076259739,0.27841145833333336,0.26860585027293565,0.2996354166666667,0.2845126113488684,0.2784114583333333
"onehot_enc,most_freq_imp,no_sel,over_samp,norm_scale",0,"(8, 12)",75675,0.34894515390294656,-1.0,0.5855876865671639,0.8829219605010509,0.45703125,0.4400291648356204,0.5987723214285715,0.532554104649092,0.45703125
"count_enc,most_freq_imp,no_samp,min_max_scale,k_best_sel",0,"(8, 12)",75675,0.0909770920991119,0.8982590055941857,0.05320092922162724,0.1910557733543907,0.2940000000000004,0.2655889145496534,0.0914285714285714,0.18773946360153268,0.4290476190476191
"loo_enc,most_freq_imp,no_samp,no_scale,k_best_sel",0,"(8, 12)",75675,0.025666199158485375,1.0281105990783403,0.015274329754035422,0.08842865993319884,0.2850000000000001,0.27470141150922905,0.04571428571428578,0.17581739666872306,0.4445238095238092
"woe_enc,mean_imp,over_samp,min_max_scale,no_sel",1,"(8, 12)",75675,0.1152526309141747,0.7808108216018486,0.0668242579686737,0.14232792732856522,0.2536383928571428,0.2470162788823489,0.26665178571428577,0.2569816222357749,0.2536383928571428
"onehot_enc,median_imp,no_samp,no_sel,max_abs_scale",1,"(8, 12)",75675,0.10869565217391307,0.8655913978494633,0.06694982003808607,0.18415045407430294,0.2449999999999997,0.20645161290322592,0.12142857142857165,0.16610169491525414,0.3273809523809525
"loo_enc,most_freq_imp,over_samp,no_scale,k_best_sel",1,"(8, 12)",75675,0.16368246882754778,0.7115413424290827,0.13166662927845746,0.2659274185919584,0.319140625,0.320989258228653,0.3083482142857143,0.3153373988979811,0.319140625
"target_enc,median_imp,min_max_scale,k_best_sel,no_samp",1,"(8, 12)",75675,0.10752688172043004,0.8709677419354824,0.0641182863238915,0.18520959714573712,0.2379999999999999,0.21124999999999985,0.09857142857142856,0.1586666666666669,0.3309523809523811
"count_enc,most_freq_imp,no_samp,min_max_scale,k_best_sel",1,"(8, 12)",75675,0.0909770920991119,0.8982590055941857,0.05320092922162724,0.1910557733543907,0.2940000000000004,0.2655889145496534,0.0914285714285714,0.18773946360153268,0.4290476190476191
"woe_enc,most_freq_imp,max_abs_scale,under_samp,k_best_sel",1,"(8, 12)",75675,0.12195994624078085,0.7660046172713562,0.08190028802849081,0.1713183076259739,0.27841145833333336,0.26860585027293565,0.2996354166666667,0.2845126113488684,0.2784114583333333
"woe_enc,mean_imp,over_samp,no_sel,min_max_scale",1,"(8, 12)",75675,0.11108500276190726,0.78793880344042,0.06499410512567426,0.13859701098632224,0.2536160714285714,0.24640889167012345,0.2677232142857142,0.2572379099490092,0.2536160714285714
"onehot_enc,median_imp,no_samp,max_abs_scale,no_sel",1,"(8, 12)",75675,0.10869565217391307,0.8655913978494633,0.06694982003808607,0.18415045407430294,0.2449999999999997,0.20645161290322592,0.12142857142857165,0.16610169491525414,0.3273809523809525
"loo_enc,most_freq_imp,no_samp,no_scale,k_best_sel",1,"(8, 12)",75675,0.025666199158485375,1.0281105990783403,0.015274329754035422,0.08842865993319884,0.2850000000000001,0.27470141150922905,0.04571428571428578,0.17581739666872306,0.4445238095238092
"onehot_enc,median_imp,no_samp,max_abs_scale,no_sel",2,"(8, 12)",75675,0.10869565217391307,0.8655913978494633,0.06694982003808607,0.18415045407430294,0.2449999999999997,0.20645161290322592,0.12142857142857165,0.16610169491525414,0.3273809523809525
"woe_enc,mean_imp,over_samp,min_max_scale,no_sel",2,"(8, 12)",75675,0.1152526309141747,0.7808108216018486,0.0668242579686737,0.14232792732856522,0.2536383928571428,0.2470162788823489,0.26665178571428577,0.2569816222357749,0.2536383928571428
"onehot_enc,median_imp,no_samp,no_sel,max_abs_scale",2,"(8, 12)",75675,0.10869565217391307,0.8655913978494633,0.06694982003808607,0.18415045407430294,0.2449999999999997,0.20645161290322592,0.12142857142857165,0.16610169491525414,0.3273809523809525
"count_enc,most_freq_imp,no_samp,min_max_scale,k_best_sel",2,"(8, 12)",75675,0.0909770920991119,0.8982590055941857,0.05320092922162724,0.1910557733543907,0.2940000000000004,0.2655889145496534,0.0914285714285714,0.18773946360153268,0.4290476190476191
"loo_enc,most_freq_imp,over_samp,k_best_sel,no_scale",2,"(8, 12)",75675,0.166239129340454,0.7079370080024489,0.14171953982592048,0.2736087415006361,0.3218973214285716,0.3243430918877112,0.30988839285714304,0.3177832296654524,0.3218973214285716
"ordinal_enc,mean_imp,over_samp,no_sel,min_max_scale",2,"(8, 12)",75675,0.1389167818169054,0.7459164711864436,0.10283813896449616,0.20295986287765588,0.28624999999999995,0.2857531501267073,0.2872321428571429,0.2865201381567561,0.28624999999999995
"loo_enc,most_freq_imp,no_samp,no_scale,k_best_sel",2,"(8, 12)",75675,0.025666199158485375,1.0281105990783403,0.015274329754035422,0.08842865993319884,0.2850000000000001,0.27470141150922905,0.04571428571428578,0.17581739666872306,0.4445238095238092
"woe_enc,mean_imp,over_samp,no_sel,min_max_scale",2,"(8, 12)",75675,0.11108500276190726,0.78793880344042,0.06499410512567426,0.13859701098632224,0.2536160714285714,0.24640889167012345,0.2677232142857142,0.2572379099490092,0.2536160714285714
"loo_enc,most_freq_imp,over_samp,no_scale,k_best_sel",2,"(8, 12)",75675,0.16368246882754778,0.7115413424290827,0.13166662927845746,0.2659274185919584,0.319140625,0.320989258228653,0.3083482142857143,0.3153373988979811,0.319140625
"onehot_enc,median_imp,no_samp,no_sel,no_scale",3,"(8, 12)",75675,0.1191678354371202,0.8539506102102783,0.07392895243222772,0.21207199484540776,0.24900000000000025,0.21052631578947384,0.12142857142857165,0.16835699797160264,0.3340476190476192
"loo_enc,most_freq_imp,no_samp,max_abs_scale,k_best_sel",3,"(8, 12)",75675,0.10504908835904626,0.8791935483870981,0.0662618769878064,0.1872571217161796,0.2449999999999997,0.22819593787335715,0.0771428571428573,0.15940143135979154,0.3569047619047617
"loo_enc,most_freq_imp,over_samp,no_scale,k_best_sel",3,"(8, 12)",75675,0.16368246882754778,0.7115413424290827,0.13166662927845746,0.2659274185919584,0.319140625,0.320989258228653,0.3083482142857143,0.3153373988979811,0.319140625
"woe_enc,mean_imp,over_samp,no_sel,min_max_scale",3,"(8, 12)",75675,0.11108500276190726,0.78793880344042,0.06499410512567426,0.13859701098632224,0.2536160714285714,0.24640889167012345,0.2677232142857142,0.2572379099490092,0.2536160714285714
"count_enc,most_freq_imp,no_samp,min_max_scale,k_best_sel",3,"(8, 12)",75675,0.0909770920991119,0.8982590055941857,0.05320092922162724,0.1910557733543907,0.2940000000000004,0.2655889145496534,0.0914285714285714,0.18773946360153268,0.4290476190476191
"onehot_enc,median_imp,no_samp,no_sel,max_abs_scale",3,"(8, 12)",75675,0.10869565217391307,0.8655913978494633,0.06694982003808607,0.18415045407430294,0.2449999999999997,0.20645161290322592,0.12142857142857165,0.16610169491525414,0.3273809523809525
"loo_enc,most_freq_imp,over_samp,k_best_sel,no_scale",3,"(8, 12)",75675,0.166239129340454,0.7079370080024489,0.14171953982592048,0.2736087415006361,0.3218973214285716,0.3243430918877112,0.30988839285714304,0.3177832296654524,0.3218973214285716
"loo_enc,most_freq_imp,no_samp,no_scale,k_best_sel",3,"(8, 12)",75675,0.025666199158485375,1.0281105990783403,0.015274329754035422,0.08842865993319884,0.2850000000000001,0.27470141150922905,0.04571428571428578,0.17581739666872306,0.4445238095238092
"woe_enc,mean_imp,over_samp,min_max_scale,no_sel",3,"(8, 12)",75675,0.1152526309141747,0.7808108216018486,0.0668242579686737,0.14232792732856522,0.2536383928571428,0.2470162788823489,0.26665178571428577,0.2569816222357749,0.2536383928571428
"woe_enc,mean_imp,over_samp,min_max_scale,no_sel",4,"(8, 12)",75675,0.1152526309141747,0.7808108216018486,0.0668242579686737,0.14232792732856522,0.2536383928571428,0.2470162788823489,0.26665178571428577,0.2569816222357749,0.2536383928571428
"woe_enc,mean_imp,over_samp,no_sel,min_max_scale",4,"(8, 12)",75675,0.11108500276190726,0.78793880344042,0.06499410512567426,0.13859701098632224,0.2536160714285714,0.24640889167012345,0.2677232142857142,0.2572379099490092,0.2536160714285714
"count_enc,most_freq_imp,no_samp,min_max_scale,no_sel",4,"(8, 12)",75675,0.08517999064983636,0.9041204020417836,0.04622179682748583,0.1775441466041324,0.28999999999999954,0.2621809744779585,0.0914285714285714,0.18565941101152345,0.4223809523809517
"woe_enc,mean_imp,over_samp,min_max_scale,k_best_sel",4,"(8, 12)",75675,0.12989404256228956,0.7492565376002555,0.07982195734753092,0.17813811552435202,0.2664955357142857,0.25350747389051803,0.29267857142857145,0.2736467903315564,0.2664955357142857
"loo_enc,most_freq_imp,over_samp,k_best_sel,no_scale",4,"(8, 12)",75675,0.166239129340454,0.7079370080024489,0.14171953982592048,0.2736087415006361,0.3218973214285716,0.3243430918877112,0.30988839285714304,0.3177832296654524,0.3218973214285716
"loo_enc,most_freq_imp,no_samp,max_abs_scale,k_best_sel",4,"(8, 12)",75675,0.10504908835904626,0.8791935483870981,0.0662618769878064,0.1872571217161796,0.2449999999999997,0.22819593787335715,0.0771428571428573,0.15940143135979154,0.3569047619047617
"loo_enc,most_freq_imp,no_samp,no_scale,k_best_sel",4,"(8, 12)",75675,0.025666199158485375,1.0281105990783403,0.015274329754035422,0.08842865993319884,0.2850000000000001,0.27470141150922905,0.04571428571428578,0.17581739666872306,0.4445238095238092
"onehot_enc,median_imp,no_samp,no_sel,max_abs_scale",4,"(8, 12)",75675,0.10869565217391307,0.8655913978494633,0.06694982003808607,0.18415045407430294,0.2449999999999997,0.20645161290322592,0.12142857142857165,0.16610169491525414,0.3273809523809525
"count_enc,most_freq_imp,no_samp,min_max_scale,k_best_sel",4,"(8, 12)",75675,0.0909770920991119,0.8982590055941857,0.05320092922162724,0.1910557733543907,0.2940000000000004,0.2655889145496534,0.0914285714285714,0.18773946360153268,0.4290476190476191
"woe_enc,mean_imp,over_samp,min_max_scale,no_sel",5,"(8, 12)",75675,0.1152526309141747,0.7808108216018486,0.0668242579686737,0.14232792732856522,0.2536383928571428,0.2470162788823489,0.26665178571428577,0.2569816222357749,0.2536383928571428
"count_enc,most_freq_imp,no_samp,min_max_scale,no_sel",5,"(8, 12)",75675,0.08517999064983636,0.9041204020417836,0.04622179682748583,0.1775441466041324,0.28999999999999954,0.2621809744779585,0.0914285714285714,0.18565941101152345,0.4223809523809517
"count_enc,most_freq_imp,no_samp,min_max_scale,k_best_sel",5,"(8, 12)",75675,0.0909770920991119,0.8982590055941857,0.05320092922162724,0.1910557733543907,0.2940000000000004,0.2655889145496534,0.0914285714285714,0.18773946360153268,0.4290476190476191
"loo_enc,most_freq_imp,no_samp,max_abs_scale,k_best_sel",5,"(8, 12)",75675,0.10504908835904626,0.8791935483870981,0.0662618769878064,0.1872571217161796,0.2449999999999997,0.22819593787335715,0.0771428571428573,0.15940143135979154,0.3569047619047617
"loo_enc,most_freq_imp,no_samp,no_scale,k_best_sel",5,"(8, 12)",75675,0.025666199158485375,1.0281105990783403,0.015274329754035422,0.08842865993319884,0.2850000000000001,0.27470141150922905,0.04571428571428578,0.17581739666872306,0.4445238095238092
"woe_enc,mean_imp,over_samp,no_sel,min_max_scale",5,"(8, 12)",75675,0.11108500276190726,0.78793880344042,0.06499410512567426,0.13859701098632224,0.2536160714285714,0.24640889167012345,0.2677232142857142,0.2572379099490092,0.2536160714285714
"woe_enc,mean_imp,over_samp,min_max_scale,k_best_sel",5,"(8, 12)",75675,0.12989404256228956,0.7492565376002555,0.07982195734753092,0.17813811552435202,0.2664955357142857,0.25350747389051803,0.29267857142857145,0.2736467903315564,0.2664955357142857
"onehot_enc,median_imp,no_samp,no_sel,max_abs_scale",5,"(8, 12)",75675,0.10869565217391307,0.8655913978494633,0.06694982003808607,0.18415045407430294,0.2449999999999997,0.20645161290322592,0.12142857142857165,0.16610169491525414,0.3273809523809525
"woe_enc,median_imp,over_samp,no_sel,min_max_scale",5,"(8, 12)",75675,0.11396899549922015,0.7831043161001396,0.07201638974466346,0.1448620230620763,0.2544308035714286,0.2473968486933942,0.26823660714285713,0.2579851745066798,0.2544308035714286
"count_enc,most_freq_imp,no_samp,max_abs_scale,no_sel",6,"(8, 12)",75675,0.08274894810659195,0.9076103977450672,0.045254688481440514,0.1739352206875982,0.2920000000000001,0.2655172413793103,0.08714285714285719,0.18598726114649708,0.4285714285714281
"loo_enc,most_freq_imp,no_samp,min_max_scale,k_best_sel",6,"(8, 12)",75675,0.10930341280972412,0.868607395751376,0.060110270291827465,0.19561149513451945,0.24000000000000016,0.211779448621554,0.10142857142857142,0.16021361815754348,0.3323809523809519
"loo_enc,most_freq_imp,no_samp,no_scale,k_best_sel",6,"(8, 12)",75675,0.025666199158485375,1.0281105990783403,0.015274329754035422,0.08842865993319884,0.2850000000000001,0.27470141150922905,0.04571428571428578,0.17581739666872306,0.4445238095238092
"loo_enc,most_freq_imp,no_samp,max_abs_scale,k_best_sel",6,"(8, 12)",75675,0.10504908835904626,0.8791935483870981,0.0662618769878064,0.1872571217161796,0.2449999999999997,0.22819593787335715,0.0771428571428573,0.15940143135979154,0.3569047619047617
"woe_enc,median_imp,over_samp,no_sel,min_max_scale",6,"(8, 12)",75675,0.11396899549922015,0.7831043161001396,0.07201638974466346,0.1448620230620763,0.2544308035714286,0.2473968486933942,0.26823660714285713,0.2579851745066798,0.2544308035714286
"count_enc,most_freq_imp,no_samp,min_max_scale,no_sel",6,"(8, 12)",75675,0.08517999064983636,0.9041204020417836,0.04622179682748583,0.1775441466041324,0.28999999999999954,0.2621809744779585,0.0914285714285714,0.18565941101152345,0.4223809523809517
"onehot_enc,median_imp,no_samp,no_sel,max_abs_scale",6,"(8, 12)",75675,0.10869565217391307,0.8655913978494633,0.06694982003808607,0.18415045407430294,0.2449999999999997,0.20645161290322592,0.12142857142857165,0.16610169491525414,0.3273809523809525
"woe_enc,mean_imp,over_samp,no_sel,min_max_scale",6,"(8, 12)",75675,0.11108500276190726,0.78793880344042,0.06499410512567426,0.13859701098632224,0.2536160714285714,0.24640889167012345,0.2677232142857142,0.2572379099490092,0.2536160714285714
"woe_enc,mean_imp,over_samp,min_max_scale,no_sel",6,"(8, 12)",75675,0.1152526309141747,0.7808108216018486,0.0668242579686737,0.14232792732856522,0.2536383928571428,0.2470162788823489,0.26665178571428577,0.2569816222357749,0.2536383928571428
"loo_enc,mean_imp,no_samp,no_scale,k_best_sel",7,"(8, 12)",75675,0.007620383356708781,1.0082414804328028,0.008295197359893923,0.03562600095276588,0.29100000000000026,0.2793959007551242,0.04571428571428578,0.17885679164105703,0.4545238095238097
"woe_enc,most_freq_imp,over_samp,no_sel,min_max_scale",7,"(8, 12)",75675,0.11321153864865735,0.7842523463270527,0.06652826797874355,0.14441030872092545,0.25493303571428577,0.24782410593884865,0.26888392857142857,0.25852879453341604,0.2549330357142858
"woe_enc,median_imp,over_samp,no_sel,max_abs_scale",7,"(8, 12)",75675,0.11395345951309575,0.7830457279191004,0.07000942182873211,0.14254195549257245,0.2526450892857143,0.24601149119082225,0.265625,0.2559668100688601,0.2526450892857143
"count_enc,most_freq_imp,no_samp,min_max_scale,no_sel",7,"(8, 12)",75675,0.08517999064983636,0.9041204020417836,0.04622179682748583,0.1775441466041324,0.28999999999999954,0.2621809744779585,0.0914285714285714,0.18565941101152345,0.4223809523809517
"count_enc,most_freq_imp,no_samp,max_abs_scale,no_sel",7,"(8, 12)",75675,0.08274894810659195,0.9076103977450672,0.045254688481440514,0.1739352206875982,0.2920000000000001,0.2655172413793103,0.08714285714285719,0.18598726114649708,0.4285714285714281
"woe_enc,median_imp,over_samp,no_sel,min_max_scale",7,"(8, 12)",75675,0.11396899549922015,0.7831043161001396,0.07201638974466346,0.1448620230620763,0.2544308035714286,0.2473968486933942,0.26823660714285713,0.2579851745066798,0.2544308035714286
"loo_enc,most_freq_imp,no_samp,max_abs_scale,k_best_sel",7,"(8, 12)",75675,0.10504908835904626,0.8791935483870981,0.0662618769878064,0.1872571217161796,0.2449999999999997,0.22819593787335715,0.0771428571428573,0.15940143135979154,0.3569047619047617
"ordinal_enc,most_freq_imp,no_samp,min_max_scale,k_best_sel",7,"(8, 12)",75675,0.10327255726975236,0.8814341688583549,0.0561720455837048,0.20723597756891024,0.2710000000000004,0.24433849821215714,0.0942857142857143,0.17608836907082542,0.3888095238095239
"loo_enc,most_freq_imp,no_samp,no_scale,k_best_sel",7,"(8, 12)",75675,0.025666199158485375,1.0281105990783403,0.015274329754035422,0.08842865993319884,0.2850000000000001,0.27470141150922905,0.04571428571428578,0.17581739666872306,0.4445238095238092
"loo_enc,most_freq_imp,no_samp,no_scale,k_best_sel",8,"(8, 12)",75675,0.025666199158485375,1.0281105990783403,0.015274329754035422,0.08842865993319884,0.2850000000000001,0.27470141150922905,0.04571428571428578,0.17581739666872306,0.4445238095238092
"loo_enc,mean_imp,no_samp,max_abs_scale,k_best_sel",8,"(8, 12)",75675,0.11005142589995304,0.8732295761753471,0.06923299334988374,0.1994025500048623,0.24600000000000036,0.2278177458033572,0.08000000000000004,0.16036505867014322,0.3566666666666665
"loo_enc,mean_imp,no_samp,k_best_sel,no_scale",8,"(8, 12)",75675,0.007620383356708781,1.0082414804328028,0.008295197359893923,0.03562600095276588,0.29100000000000026,0.2793959007551242,0.04571428571428578,0.17885679164105703,0.4545238095238097
"woe_enc,median_imp,over_samp,max_abs_scale,no_sel",8,"(8, 12)",75675,0.11618360042838034,0.7790652047028138,0.06853990942083173,0.14592843064001576,0.2526450892857144,0.2456007592015841,0.2663616071428572,0.25614993821114823,0.2526450892857144
"ordinal_enc,most_freq_imp,no_samp,min_max_scale,k_best_sel",8,"(8, 12)",75675,0.10327255726975236,0.8814341688583549,0.0561720455837048,0.20723597756891024,0.2710000000000004,0.24433849821215714,0.0942857142857143,0.17608836907082542,0.3888095238095239
"count_enc,most_freq_imp,no_samp,max_abs_scale,no_sel",8,"(8, 12)",75675,0.08274894810659195,0.9076103977450672,0.045254688481440514,0.1739352206875982,0.2920000000000001,0.2655172413793103,0.08714285714285719,0.18598726114649708,0.4285714285714281
"loo_enc,most_freq_imp,no_samp,max_abs_scale,k_best_sel",8,"(8, 12)",75675,0.10504908835904626,0.8791935483870981,0.0662618769878064,0.1872571217161796,0.2449999999999997,0.22819593787335715,0.0771428571428573,0.15940143135979154,0.3569047619047617
"loo_enc,mean_imp,no_samp,no_scale,k_best_sel",8,"(8, 12)",75675,0.007620383356708781,1.0082414804328028,0.008295197359893923,0.03562600095276588,0.29100000000000026,0.2793959007551242,0.04571428571428578,0.17885679164105703,0.4545238095238097
"count_enc,most_freq_imp,no_samp,min_max_scale,no_sel",8,"(8, 12)",75675,0.08517999064983636,0.9041204020417836,0.04622179682748583,0.1775441466041324,0.28999999999999954,0.2621809744779585,0.0914285714285714,0.18565941101152345,0.4223809523809517
"loo_enc,mean_imp,no_samp,k_best_sel,max_abs_scale",9,"(8, 12)",75675,0.11005142589995304,0.8732295761753471,0.06923299334988374,0.1994025500048623,0.24600000000000036,0.2278177458033572,0.08000000000000004,0.16036505867014322,0.3566666666666665
"loo_enc,most_freq_imp,no_samp,no_scale,k_best_sel",9,"(8, 12)",75675,0.025666199158485375,1.0281105990783403,0.015274329754035422,0.08842865993319884,0.2850000000000001,0.27470141150922905,0.04571428571428578,0.17581739666872306,0.4445238095238092
"woe_enc,most_freq_imp,no_samp,min_max_scale,k_best_sel",9,"(8, 12)",75675,0.1172043010752688,0.8593548387096774,0.060110270291827465,0.21919572108197066,0.2390000000000003,0.21079046424090328,0.10142857142857142,0.1596526386105543,0.3307142857142861
"ordinal_enc,median_imp,over_samp,max_abs_scale,no_sel",9,"(8, 12)",75675,0.14325951372323825,0.7382823037881859,0.11323128221617365,0.21495085149032572,0.285390625,0.2846951725155412,0.28689732142857144,0.2858284935179368,0.28539062499999995
"loo_enc,most_freq_imp,no_samp,max_abs_scale,k_best_sel",9,"(8, 12)",75675,0.10504908835904626,0.8791935483870981,0.0662618769878064,0.1872571217161796,0.2449999999999997,0.22819593787335715,0.0771428571428573,0.15940143135979154,0.3569047619047617
"loo_enc,mean_imp,no_samp,max_abs_scale,k_best_sel",9,"(8, 12)",75675,0.11005142589995304,0.8732295761753471,0.06923299334988374,0.1994025500048623,0.24600000000000036,0.2278177458033572,0.08000000000000004,0.16036505867014322,0.3566666666666665
"loo_enc,mean_imp,no_samp,k_best_sel,no_scale",9,"(8, 12)",75675,0.007620383356708781,1.0082414804328028,0.008295197359893923,0.03562600095276588,0.29100000000000026,0.2793959007551242,0.04571428571428578,0.17885679164105703,0.4545238095238097
"count_enc,most_freq_imp,no_samp,min_max_scale,no_sel",9,"(8, 12)",75675,0.08517999064983636,0.9041204020417836,0.04622179682748583,0.1775441466041324,0.28999999999999954,0.2621809744779585,0.0914285714285714,0.18565941101152345,0.4223809523809517
"woe_enc,median_imp,over_samp,max_abs_scale,no_sel",9,"(8, 12)",75675,0.11618360042838034,0.7790652047028138,0.06853990942083173,0.14592843064001576,0.2526450892857144,0.2456007592015841,0.2663616071428572,0.25614993821114823,0.2526450892857144
"woe_enc,median_imp,over_samp,max_abs_scale,no_sel",10,"(8, 12)",75675,0.11618360042838034,0.7790652047028138,0.06853990942083173,0.14592843064001576,0.2526450892857144,0.2456007592015841,0.2663616071428572,0.25614993821114823,0.2526450892857144
"loo_enc,mean_imp,no_samp,k_best_sel,max_abs_scale",10,"(8, 12)",75675,0.11005142589995304,0.8732295761753471,0.06923299334988374,0.1994025500048623,0.24600000000000036,0.2278177458033572,0.08000000000000004,0.16036505867014322,0.3566666666666665
"loo_enc,most_freq_imp,no_samp,max_abs_scale,k_best_sel",10,"(8, 12)",75675,0.10504908835904626,0.8791935483870981,0.0662618769878064,0.1872571217161796,0.2449999999999997,0.22819593787335715,0.0771428571428573,0.15940143135979154,0.3569047619047617
"ordinal_enc,median_imp,over_samp,max_abs_scale,no_sel",10,"(8, 12)",75675,0.14325951372323825,0.7382823037881859,0.11323128221617365,0.21495085149032572,0.285390625,0.2846951725155412,0.28689732142857144,0.2858284935179368,0.28539062499999995
"loo_enc,most_freq_imp,no_samp,no_scale,k_best_sel",10,"(8, 12)",75675,0.025666199158485375,1.0281105990783403,0.015274329754035422,0.08842865993319884,0.2850000000000001,0.27470141150922905,0.04571428571428578,0.17581739666872306,0.4445238095238092
"count_enc,most_freq_imp,no_samp,min_max_scale,no_sel",10,"(8, 12)",75675,0.08517999064983636,0.9041204020417836,0.04622179682748583,0.1775441466041324,0.28999999999999954,0.2621809744779585,0.0914285714285714,0.18565941101152345,0.4223809523809517
"woe_enc,most_freq_imp,no_samp,min_max_scale,k_best_sel",10,"(8, 12)",75675,0.1172043010752688,0.8593548387096774,0.060110270291827465,0.21919572108197066,0.2390000000000003,0.21079046424090328,0.10142857142857142,0.1596526386105543,0.3307142857142861
"loo_enc,mean_imp,no_samp,max_abs_scale,k_best_sel",10,"(8, 12)",75675,0.11005142589995304,0.8732295761753471,0.06923299334988374,0.1994025500048623,0.24600000000000036,0.2278177458033572,0.08000000000000004,0.16036505867014322,0.3566666666666665
"loo_enc,mean_imp,no_samp,k_best_sel,no_scale",10,"(8, 12)",75675,0.007620383356708781,1.0082414804328028,0.008295197359893923,0.03562600095276588,0.29100000000000026,0.2793959007551242,0.04571428571428578,0.17885679164105703,0.4545238095238097
"loo_enc,most_freq_imp,no_samp,max_abs_scale,k_best_sel",11,"(8, 12)",75675,0.10504908835904626,0.8791935483870981,0.0662618769878064,0.1872571217161796,0.2449999999999997,0.22819593787335715,0.0771428571428573,0.15940143135979154,0.3569047619047617
"loo_enc,most_freq_imp,no_samp,no_scale,k_best_sel",11,"(8, 12)",75675,0.025666199158485375,1.0281105990783403,0.015274329754035422,0.08842865993319884,0.2850000000000001,0.27470141150922905,0.04571428571428578,0.17581739666872306,0.4445238095238092
"loo_enc,most_freq_imp,no_samp,min_max_scale,k_best_sel",11,"(8, 12)",75675,0.10930341280972412,0.868607395751376,0.060110270291827465,0.19561149513451945,0.24000000000000016,0.211779448621554,0.10142857142857142,0.16021361815754348,0.3323809523809519
"woe_enc,most_freq_imp,no_samp,no_scale,k_best_sel",11,"(8, 12)",75675,0.16026180458158026,0.8086840049112632,0.10094816498668988,0.30590517540986073,0.2379999999999999,0.20685279187817288,0.107142857142857,0.15994623655913992,0.3252380952380953
"woe_enc,median_imp,over_samp,max_abs_scale,no_sel",11,"(8, 12)",75675,0.11618360042838034,0.7790652047028138,0.06853990942083173,0.14592843064001576,0.2526450892857144,0.2456007592015841,0.2663616071428572,0.25614993821114823,0.2526450892857144
"ordinal_enc,median_imp,over_samp,max_abs_scale,no_sel",11,"(8, 12)",75675,0.14325951372323825,0.7382823037881859,0.11323128221617365,0.21495085149032572,0.285390625,0.2846951725155412,0.28689732142857144,0.2858284935179368,0.28539062499999995
"loo_enc,mean_imp,no_samp,k_best_sel,max_abs_scale",11,"(8, 12)",75675,0.11005142589995304,0.8732295761753471,0.06923299334988374,0.1994025500048623,0.24600000000000036,0.2278177458033572,0.08000000000000004,0.16036505867014322,0.3566666666666665
"woe_enc,most_freq_imp,no_samp,min_max_scale,k_best_sel",11,"(8, 12)",75675,0.1172043010752688,0.8593548387096774,0.060110270291827465,0.21919572108197066,0.2390000000000003,0.21079046424090328,0.10142857142857142,0.1596526386105543,0.3307142857142861
"count_enc,most_freq_imp,no_samp,min_max_scale,no_sel",11,"(8, 12)",75675,0.08517999064983636,0.9041204020417836,0.04622179682748583,0.1775441466041324,0.28999999999999954,0.2621809744779585,0.0914285714285714,0.18565941101152345,0.4223809523809517
"ordinal_enc,median_imp,over_samp,max_abs_scale,no_sel",12,"(8, 12)",75675,0.14325951372323825,0.7382823037881859,0.11323128221617365,0.21495085149032572,0.285390625,0.2846951725155412,0.28689732142857144,0.2858284935179368,0.28539062499999995
"woe_enc,median_imp,over_samp,max_abs_scale,no_sel",12,"(8, 12)",75675,0.11618360042838034,0.7790652047028138,0.06853990942083173,0.14592843064001576,0.2526450892857144,0.2456007592015841,0.2663616071428572,0.25614993821114823,0.2526450892857144
"woe_enc,most_freq_imp,no_samp,min_max_scale,k_best_sel",12,"(8, 12)",75675,0.1172043010752688,0.8593548387096774,0.060110270291827465,0.21919572108197066,0.2390000000000003,0.21079046424090328,0.10142857142857142,0.1596526386105543,0.3307142857142861
"count_enc,most_freq_imp,no_samp,no_scale,no_sel",12,"(8, 12)",75675,0.06647966339410949,0.9246782138884484,0.0282555160071387,0.14122924193057412,0.2940000000000004,0.26450116009280744,0.0942857142857143,0.1882202304737515,0.4271428571428577
"loo_enc,most_freq_imp,no_samp,max_abs_scale,k_best_sel",12,"(8, 12)",75675,0.10504908835904626,0.8791935483870981,0.0662618769878064,0.1872571217161796,0.2449999999999997,0.22819593787335715,0.0771428571428573,0.15940143135979154,0.3569047619047617
"loo_enc,mean_imp,no_samp,k_best_sel,max_abs_scale",12,"(8, 12)",75675,0.11005142589995304,0.8732295761753471,0.06923299334988374,0.1994025500048623,0.24600000000000036,0.2278177458033572,0.08000000000000004,0.16036505867014322,0.3566666666666665
"woe_enc,most_freq_imp,no_samp,no_scale,k_best_sel",12,"(8, 12)",75675,0.16026180458158026,0.8086840049112632,0.10094816498668988,0.30590517540986073,0.2379999999999999,0.20685279187817288,0.107142857142857,0.15994623655913992,0.3252380952380953
"count_enc,most_freq_imp,no_samp,min_max_scale,no_sel",12,"(8, 12)",75675,0.08517999064983636,0.9041204020417836,0.04622179682748583,0.1775441466041324,0.28999999999999954,0.2621809744779585,0.0914285714285714,0.18565941101152345,0.4223809523809517
"loo_enc,most_freq_imp,no_samp,min_max_scale,k_best_sel",12,"(8, 12)",75675,0.10930341280972412,0.868607395751376,0.060110270291827465,0.19561149513451945,0.24000000000000016,0.211779448621554,0.10142857142857142,0.16021361815754348,0.3323809523809519
"count_enc,most_freq_imp,no_samp,no_scale,k_best_sel",13,"(8, 12)",75675,0.07372604020570349,0.9171482610066184,0.03827555608729895,0.15124928201073454,0.28900000000000003,0.2629757785467126,0.08714285714285719,0.18442884492661107,0.42357142857142827
"woe_enc,most_freq_imp,no_samp,no_scale,no_sel",13,"(8, 12)",75675,0.13043478260869554,0.8429319371727735,0.07696986011824655,0.2465265150968715,0.25,0.2151898734177214,0.11428571428571413,0.16778523489932876,0.3404761904761907
"woe_enc,most_freq_imp,no_samp,no_scale,k_best_sel",13,"(8, 12)",75675,0.16026180458158026,0.8086840049112632,0.10094816498668988,0.30590517540986073,0.2379999999999999,0.20685279187817288,0.107142857142857,0.15994623655913992,0.3252380952380953
"woe_enc,median_imp,over_samp,max_abs_scale,no_sel",13,"(8, 12)",75675,0.11618360042838034,0.7790652047028138,0.06853990942083173,0.14592843064001576,0.2526450892857144,0.2456007592015841,0.2663616071428572,0.25614993821114823,0.2526450892857144
"loo_enc,most_freq_imp,no_samp,max_abs_scale,k_best_sel",13,"(8, 12)",75675,0.10504908835904626,0.8791935483870981,0.0662618769878064,0.1872571217161796,0.2449999999999997,0.22819593787335715,0.0771428571428573,0.15940143135979154,0.3569047619047617
"loo_enc,mean_imp,no_samp,k_best_sel,max_abs_scale",13,"(8, 12)",75675,0.11005142589995304,0.8732295761753471,0.06923299334988374,0.1994025500048623,0.24600000000000036,0.2278177458033572,0.08000000000000004,0.16036505867014322,0.3566666666666665
"count_enc,most_freq_imp,no_samp,min_max_scale,no_sel",13,"(8, 12)",75675,0.08517999064983636,0.9041204020417836,0.04622179682748583,0.1775441466041324,0.28999999999999954,0.2621809744779585,0.0914285714285714,0.18565941101152345,0.4223809523809517
"onehot_enc,most_freq_imp,no_samp,min_max_scale,k_best_sel",13,"(8, 12)",75675,0.08863955119214584,0.8949118722979729,0.06308138665390482,0.1447855991521035,0.26200000000000034,0.23161764705882384,0.1042857142857143,0.17282321899736158,0.3671428571428568
"count_enc,most_freq_imp,no_samp,no_scale,no_sel",13,"(8, 12)",75675,0.06647966339410949,0.9246782138884484,0.0282555160071387,0.14122924193057412,0.2940000000000004,0.26450116009280744,0.0942857142857143,0.1882202304737515,0.4271428571428577
"onehot_enc,most_freq_imp,no_samp,min_max_scale,k_best_sel",14,"(8, 12)",75675,0.08863955119214584,0.8949118722979729,0.06308138665390482,0.1447855991521035,0.26200000000000034,0.23161764705882384,0.1042857142857143,0.17282321899736158,0.3671428571428568
"woe_enc,most_freq_imp,no_samp,no_scale,k_best_sel",14,"(8, 12)",75675,0.16026180458158026,0.8086840049112632,0.10094816498668988,0.30590517540986073,0.2379999999999999,0.20685279187817288,0.107142857142857,0.15994623655913992,0.3252380952380953
"count_enc,most_freq_imp,no_samp,max_abs_scale,k_best_sel",14,"(8, 12)",75675,0.09032258064516116,0.8996415770609327,0.05624183690764618,0.1849223691138041,0.28999999999999954,0.2649082568807338,0.08428571428571444,0.1844783715012723,0.4271428571428577
"loo_enc,most_freq_imp,no_samp,max_abs_scale,k_best_sel",14,"(8, 12)",75675,0.10504908835904626,0.8791935483870981,0.0662618769878064,0.1872571217161796,0.2449999999999997,0.22819593787335715,0.0771428571428573,0.15940143135979154,0.3569047619047617
"loo_enc,mean_imp,no_samp,k_best_sel,max_abs_scale",14,"(8, 12)",75675,0.11005142589995304,0.8732295761753471,0.06923299334988374,0.1994025500048623,0.24600000000000036,0.2278177458033572,0.08000000000000004,0.16036505867014322,0.3566666666666665
"woe_enc,median_imp,over_samp,max_abs_scale,no_sel",14,"(8, 12)",75675,0.11618360042838034,0.7790652047028138,0.06853990942083173,0.14592843064001576,0.2526450892857144,0.2456007592015841,0.2663616071428572,0.25614993821114823,0.2526450892857144
"count_enc,most_freq_imp,no_samp,no_scale,k_best_sel",14,"(8, 12)",75675,0.07372604020570349,0.9171482610066184,0.03827555608729895,0.15124928201073454,0.28900000000000003,0.2629757785467126,0.08714285714285719,0.18442884492661107,0.42357142857142827
"woe_enc,most_freq_imp,no_samp,no_scale,no_sel",14,"(8, 12)",75675,0.13043478260869554,0.8429319371727735,0.07696986011824655,0.2465265150968715,0.25,0.2151898734177214,0.11428571428571413,0.16778523489932876,0.3404761904761907
"count_enc,most_freq_imp,no_samp,min_max_scale,no_sel",14,"(8, 12)",75675,0.08517999064983636,0.9041204020417836,0.04622179682748583,0.1775441466041324,0.28999999999999954,0.2621809744779585,0.0914285714285714,0.18565941101152345,0.4223809523809517
"woe_enc,median_imp,over_samp,max_abs_scale,no_sel",15,"(8, 12)",75675,0.11618360042838034,0.7790652047028138,0.06853990942083173,0.14592843064001576,0.2526450892857144,0.2456007592015841,0.2663616071428572,0.25614993821114823,0.2526450892857144
"woe_enc,most_freq_imp,no_samp,no_scale,no_sel",15,"(8, 12)",75675,0.13043478260869554,0.8429319371727735,0.07696986011824655,0.2465265150968715,0.25,0.2151898734177214,0.11428571428571413,0.16778523489932876,0.3404761904761907
"woe_enc,median_imp,over_samp,max_abs_scale,k_best_sel",15,"(8, 12)",75675,0.13678445899679234,0.7372263325491833,0.08190915412915388,0.18861482727973888,0.2644308035714286,0.25140187271116393,0.29049107142857145,0.2714949992612267,0.26443080357142856
"loo_enc,most_freq_imp,no_samp,max_abs_scale,no_sel",15,"(8, 12)",75675,0.11683029453015426,0.8649700113470564,0.06819609367989711,0.22194987628232726,0.24900000000000025,0.2279855247285885,0.08571428571428573,0.16285153695225668,0.3578571428571425
"count_enc,most_freq_imp,no_samp,no_scale,k_best_sel",15,"(8, 12)",75675,0.07372604020570349,0.9171482610066184,0.03827555608729895,0.15124928201073454,0.28900000000000003,0.2629757785467126,0.08714285714285719,0.18442884492661107,0.42357142857142827
"loo_enc,most_freq_imp,no_samp,max_abs_scale,k_best_sel",15,"(8, 12)",75675,0.10504908835904626,0.8791935483870981,0.0662618769878064,0.1872571217161796,0.2449999999999997,0.22819593787335715,0.0771428571428573,0.15940143135979154,0.3569047619047617
"woe_enc,most_freq_imp,no_samp,no_scale,k_best_sel",15,"(8, 12)",75675,0.16026180458158026,0.8086840049112632,0.10094816498668988,0.30590517540986073,0.2379999999999999,0.20685279187817288,0.107142857142857,0.15994623655913992,0.3252380952380953
"loo_enc,mean_imp,no_samp,k_best_sel,max_abs_scale",15,"(8, 12)",75675,0.11005142589995304,0.8732295761753471,0.06923299334988374,0.1994025500048623,0.24600000000000036,0.2278177458033572,0.08000000000000004,0.16036505867014322,0.3566666666666665
"onehot_enc,most_freq_imp,no_samp,min_max_scale,k_best_sel",15,"(8, 12)",75675,0.08863955119214584,0.8949118722979729,0.06308138665390482,0.1447855991521035,0.26200000000000034,0.23161764705882384,0.1042857142857143,0.17282321899736158,0.3671428571428568
"loo_enc,mean_imp,no_samp,no_sel,max_abs_scale",16,"(8, 12)",75675,0.11393174380551672,0.8678774735700739,0.06121696128575549,0.2189094537205509,0.2469999999999999,0.2261185006045951,0.08571428571428573,0.1617550753110672,0.3545238095238093
"woe_enc,most_freq_imp,no_samp,no_scale,k_best_sel",16,"(8, 12)",75675,0.16026180458158026,0.8086840049112632,0.10094816498668988,0.30590517540986073,0.2379999999999999,0.20685279187817288,0.107142857142857,0.15994623655913992,0.3252380952380953
"loo_enc,most_freq_imp,over_samp,max_abs_scale,no_sel",16,"(8, 12)",75675,0.11825935857193423,0.7756757667222625,0.07231160081356748,0.15579595103134575,0.2640959821428571,0.2576389764282013,0.2772767857142857,0.26760793822600604,0.2640959821428571
"woe_enc,median_imp,no_samp,max_abs_scale,no_sel",16,"(8, 12)",75675,0.0998129967274428,0.8776714604938985,0.044078206163570936,0.18222124857675104,0.24300000000000024,0.2089171974522296,0.11285714285714298,0.16363636363636386,0.3297619047619048
"woe_enc,median_imp,over_samp,max_abs_scale,no_sel",16,"(8, 12)",75675,0.11618360042838034,0.7790652047028138,0.06853990942083173,0.14592843064001576,0.2526450892857144,0.2456007592015841,0.2663616071428572,0.25614993821114823,0.2526450892857144
"loo_enc,most_freq_imp,no_samp,max_abs_scale,no_sel",16,"(8, 12)",75675,0.11683029453015426,0.8649700113470564,0.06819609367989711,0.22194987628232726,0.24900000000000025,0.2279855247285885,0.08571428571428573,0.16285153695225668,0.3578571428571425
"loo_enc,most_freq_imp,no_samp,max_abs_scale,k_best_sel",16,"(8, 12)",75675,0.10504908835904626,0.8791935483870981,0.0662618769878064,0.1872571217161796,0.2449999999999997,0.22819593787335715,0.0771428571428573,0.15940143135979154,0.3569047619047617
"onehot_enc,most_freq_imp,no_samp,min_max_scale,k_best_sel",16,"(8, 12)",75675,0.08863955119214584,0.8949118722979729,0.06308138665390482,0.1447855991521035,0.26200000000000034,0.23161764705882384,0.1042857142857143,0.17282321899736158,0.3671428571428568
"woe_enc,most_freq_imp,no_samp,no_scale,no_sel",16,"(8, 12)",75675,0.13043478260869554,0.8429319371727735,0.07696986011824655,0.2465265150968715,0.25,0.2151898734177214,0.11428571428571413,0.16778523489932876,0.3404761904761907
"woe_enc,median_imp,no_samp,max_abs_scale,no_sel",17,"(8, 12)",75675,0.0998129967274428,0.8776714604938985,0.044078206163570936,0.18222124857675104,0.24300000000000024,0.2089171974522296,0.11285714285714298,0.16363636363636386,0.3297619047619048
"woe_enc,median_imp,over_samp,max_abs_scale,no_sel",17,"(8, 12)",75675,0.11618360042838034,0.7790652047028138,0.06853990942083173,0.14592843064001576,0.2526450892857144,0.2456007592015841,0.2663616071428572,0.25614993821114823,0.2526450892857144
"loo_enc,most_freq_imp,no_samp,no_sel,max_abs_scale",17,"(8, 12)",75675,0.11683029453015426,0.8649700113470564,0.06819609367989711,0.22194987628232726,0.24900000000000025,0.2279855247285885,0.08571428571428573,0.16285153695225668,0.3578571428571425
"loo_enc,mean_imp,no_samp,max_abs_scale,k_best_sel",17,"(8, 12)",75675,0.11005142589995304,0.8732295761753471,0.06923299334988374,0.1994025500048623,0.24600000000000036,0.2278177458033572,0.08000000000000004,0.16036505867014322,0.3566666666666665
"loo_enc,mean_imp,no_samp,no_sel,max_abs_scale",17,"(8, 12)",75675,0.11393174380551672,0.8678774735700739,0.06121696128575549,0.2189094537205509,0.2469999999999999,0.2261185006045951,0.08571428571428573,0.1617550753110672,0.3545238095238093
"loo_enc,most_freq_imp,no_samp,max_abs_scale,no_sel",17,"(8, 12)",75675,0.11683029453015426,0.8649700113470564,0.06819609367989711,0.22194987628232726,0.24900000000000025,0.2279855247285885,0.08571428571428573,0.16285153695225668,0.3578571428571425
"woe_enc,most_freq_imp,no_samp,no_scale,k_best_sel",17,"(8, 12)",75675,0.16026180458158026,0.8086840049112632,0.10094816498668988,0.30590517540986073,0.2379999999999999,0.20685279187817288,0.107142857142857,0.15994623655913992,0.3252380952380953
"loo_enc,most_freq_imp,no_samp,max_abs_scale,k_best_sel",17,"(8, 12)",75675,0.10504908835904626,0.8791935483870981,0.0662618769878064,0.1872571217161796,0.2449999999999997,0.22819593787335715,0.0771428571428573,0.15940143135979154,0.3569047619047617
"woe_enc,most_freq_imp,no_samp,no_scale,no_sel",17,"(8, 12)",75675,0.13043478260869554,0.8429319371727735,0.07696986011824655,0.2465265150968715,0.25,0.2151898734177214,0.11428571428571413,0.16778523489932876,0.3404761904761907
"loo_enc,most_freq_imp,no_samp,no_sel,max_abs_scale",18,"(8, 12)",75675,0.11683029453015426,0.8649700113470564,0.06819609367989711,0.22194987628232726,0.24900000000000025,0.2279855247285885,0.08571428571428573,0.16285153695225668,0.3578571428571425
"loo_enc,most_freq_imp,no_samp,max_abs_scale,no_sel",18,"(8, 12)",75675,0.11683029453015426,0.8649700113470564,0.06819609367989711,0.22194987628232726,0.24900000000000025,0.2279855247285885,0.08571428571428573,0.16285153695225668,0.3578571428571425
"loo_enc,mean_imp,no_samp,no_sel,max_abs_scale",18,"(8, 12)",75675,0.11393174380551672,0.8678774735700739,0.06121696128575549,0.2189094537205509,0.2469999999999999,0.2261185006045951,0.08571428571428573,0.1617550753110672,0.3545238095238093
"loo_enc,most_freq_imp,no_samp,max_abs_scale,k_best_sel",18,"(8, 12)",75675,0.10504908835904626,0.8791935483870981,0.0662618769878064,0.1872571217161796,0.2449999999999997,0.22819593787335715,0.0771428571428573,0.15940143135979154,0.3569047619047617
"woe_enc,median_imp,no_samp,max_abs_scale,no_sel",18,"(8, 12)",75675,0.0998129967274428,0.8776714604938985,0.044078206163570936,0.18222124857675104,0.24300000000000024,0.2089171974522296,0.11285714285714298,0.16363636363636386,0.3297619047619048
"loo_enc,mean_imp,no_samp,max_abs_scale,k_best_sel",18,"(8, 12)",75675,0.11005142589995304,0.8732295761753471,0.06923299334988374,0.1994025500048623,0.24600000000000036,0.2278177458033572,0.08000000000000004,0.16036505867014322,0.3566666666666665
"woe_enc,most_freq_imp,no_samp,no_scale,k_best_sel",18,"(8, 12)",75675,0.16026180458158026,0.8086840049112632,0.10094816498668988,0.30590517540986073,0.2379999999999999,0.20685279187817288,0.107142857142857,0.15994623655913992,0.3252380952380953
"woe_enc,most_freq_imp,no_samp,no_scale,no_sel",18,"(8, 12)",75675,0.13043478260869554,0.8429319371727735,0.07696986011824655,0.2465265150968715,0.25,0.2151898734177214,0.11428571428571413,0.16778523489932876,0.3404761904761907
"loo_enc,most_freq_imp,under_samp,max_abs_scale,k_best_sel",18,"(8, 12)",75675,0.1589411122392918,0.7028975342358615,0.11532716656046772,0.24037294805813805,0.28309895833333343,0.27413313114628723,0.3028125,0.28884670027995324,0.2830989583333334
"loo_enc,median_imp,no_samp,max_abs_scale,no_sel",19,"(8, 12)",75675,0.11538101916783547,0.8664213033124065,0.06619208566386503,0.2199458682662954,0.25,0.22826086956521724,0.08714285714285719,0.16361256544502642,0.358571428571428
"woe_enc,most_freq_imp,no_samp,max_abs_scale,k_best_sel",19,"(8, 12)",75675,0.1070593735390368,0.8699454793275778,0.0520942382276992,0.19547288273512053,0.24000000000000016,0.20886075949367106,0.107142857142857,0.16107382550335572,0.3285714285714289
"loo_enc,most_freq_imp,no_samp,max_abs_scale,k_best_sel",19,"(8, 12)",75675,0.10504908835904626,0.8791935483870981,0.0662618769878064,0.1872571217161796,0.2449999999999997,0.22819593787335715,0.0771428571428573,0.15940143135979154,0.3569047619047617
"loo_enc,most_freq_imp,no_samp,no_sel,max_abs_scale",19,"(8, 12)",75675,0.11683029453015426,0.8649700113470564,0.06819609367989711,0.22194987628232726,0.24900000000000025,0.2279855247285885,0.08571428571428573,0.16285153695225668,0.3578571428571425
"loo_enc,mean_imp,no_samp,max_abs_scale,k_best_sel",19,"(8, 12)",75675,0.11005142589995304,0.8732295761753471,0.06923299334988374,0.1994025500048623,0.24600000000000036,0.2278177458033572,0.08000000000000004,0.16036505867014322,0.3566666666666665
"woe_enc,most_freq_imp,no_samp,no_scale,no_sel",19,"(8, 12)",75675,0.13043478260869554,0.8429319371727735,0.07696986011824655,0.2465265150968715,0.25,0.2151898734177214,0.11428571428571413,0.16778523489932876,0.3404761904761907
"woe_enc,most_freq_imp,no_samp,no_scale,k_best_sel",19,"(8, 12)",75675,0.16026180458158026,0.8086840049112632,0.10094816498668988,0.30590517540986073,0.2379999999999999,0.20685279187817288,0.107142857142857,0.15994623655913992,0.3252380952380953
"loo_enc,median_imp,no_samp,max_abs_scale,k_best_sel",19,"(8, 12)",75675,0.1021505376344087,0.8821339950372216,0.05230361219952339,0.19164748078110752,0.24300000000000024,0.22634730538922185,0.0771428571428573,0.1583061889250814,0.3535714285714281
"loo_enc,most_freq_imp,no_samp,max_abs_scale,no_sel",19,"(8, 12)",75675,0.11683029453015426,0.8649700113470564,0.06819609367989711,0.22194987628232726,0.24900000000000025,0.2279855247285885,0.08571428571428573,0.16285153695225668,0.3578571428571425
"loo_enc,median_imp,no_samp,max_abs_scale,k_best_sel",20,"(8, 12)",75675,0.1021505376344087,0.8821339950372216,0.05230361219952339,0.19164748078110752,0.24300000000000024,0.22634730538922185,0.0771428571428573,0.1583061889250814,0.3535714285714281
"woe_enc,most_freq_imp,no_samp,max_abs_scale,no_sel",20,"(8, 12)",75675,0.09691444600280504,0.8808004140072464,0.03606217409944268,0.1846764207011044,0.24900000000000025,0.21200510855683252,0.11857142857142837,0.16790289952798415,0.3359523809523813
"loo_enc,most_freq_imp,no_samp,max_abs_scale,k_best_sel",20,"(8, 12)",75675,0.10504908835904626,0.8791935483870981,0.0662618769878064,0.1872571217161796,0.2449999999999997,0.22819593787335715,0.0771428571428573,0.15940143135979154,0.3569047619047617
"loo_enc,most_freq_imp,no_samp,no_sel,max_abs_scale",20,"(8, 12)",75675,0.11683029453015426,0.8649700113470564,0.06819609367989711,0.22194987628232726,0.24900000000000025,0.2279855247285885,0.08571428571428573,0.16285153695225668,0.3578571428571425
"woe_enc,most_freq_imp,no_samp,max_abs_scale,k_best_sel",20,"(8, 12)",75675,0.1070593735390368,0.8699454793275778,0.0520942382276992,0.19547288273512053,0.24000000000000016,0.20886075949367106,0.107142857142857,0.16107382550335572,0.3285714285714289
"loo_enc,most_freq_imp,no_samp,max_abs_scale,no_sel",20,"(8, 12)",75675,0.11683029453015426,0.8649700113470564,0.06819609367989711,0.22194987628232726,0.24900000000000025,0.2279855247285885,0.08571428571428573,0.16285153695225668,0.3578571428571425
"woe_enc,most_freq_imp,no_samp,no_scale,k_best_sel",20,"(8, 12)",75675,0.16026180458158026,0.8086840049112632,0.10094816498668988,0.30590517540986073,0.2379999999999999,0.20685279187817288,0.107142857142857,0.15994623655913992,0.3252380952380953
"loo_enc,mean_imp,no_samp,max_abs_scale,k_best_sel",20,"(8, 12)",75675,0.11005142589995304,0.8732295761753471,0.06923299334988374,0.1994025500048623,0.24600000000000036,0.2278177458033572,0.08000000000000004,0.16036505867014322,0.3566666666666665
"woe_enc,most_freq_imp,no_samp,no_scale,no_sel",20,"(8, 12)",75675,0.13043478260869554,0.8429319371727735,0.07696986011824655,0.2465265150968715,0.25,0.2151898734177214,0.11428571428571413,0.16778523489932876,0.3404761904761907
"count_enc,median_imp,under_samp,k_best_sel,max_abs_scale",0,"(12, 8)",75675,0.206987667415878,0.6380090963851409,0.2080042446945573,0.3613474948506649,0.33401041666666664,0.33391303152740953,0.33401041666666664,0.3340547401442879,0.3340104166666667
"target_enc,median_imp,min_max_scale,k_best_sel,over_samp",0,"(12, 8)",75675,0.12356050621667695,0.7628886021176084,0.06451226457890909,0.16460397631711568,0.2668080357142857,0.2565728847913056,0.2876562500000001,0.27247334584983274,0.2668080357142857
"onehot_enc,median_imp,no_samp,max_abs_scale,no_sel",0,"(12, 8)",75675,0.10869565217391307,0.8655913978494633,0.06694982003808607,0.18415045407430294,0.2449999999999997,0.20645161290322592,0.12142857142857165,0.16610169491525414,0.3273809523809525
"woe_enc,mean_imp,over_samp,no_sel,min_max_scale",0,"(12, 8)",75675,0.11108500276190726,0.78793880344042,0.06499410512567426,0.13859701098632224,0.2536160714285714,0.24640889167012345,0.2677232142857142,0.2572379099490092,0.2536160714285714
"target_enc,mean_imp,over_samp,max_abs_scale,k_best_sel",0,"(12, 8)",75675,0.12968133338766338,0.7525384996192674,0.07485976305845522,0.1817891596813072,0.2711607142857143,0.2613314943005489,0.2916294642857145,0.27683019241710594,0.27116071428571425
"woe_enc,most_freq_imp,max_abs_scale,under_samp,k_best_sel",0,"(12, 8)",75675,0.12195994624078085,0.7660046172713562,0.08190028802849081,0.1713183076259739,0.27841145833333336,0.26860585027293565,0.2996354166666667,0.2845126113488684,0.2784114583333333
"onehot_enc,most_freq_imp,no_sel,over_samp,norm_scale",0,"(12, 8)",75675,0.34894515390294656,-1.0,0.5855876865671639,0.8829219605010509,0.45703125,0.4400291648356204,0.5987723214285715,0.532554104649092,0.45703125
"count_enc,most_freq_imp,no_samp,min_max_scale,k_best_sel",0,"(12, 8)",75675,0.0909770920991119,0.8982590055941857,0.05320092922162724,0.1910557733543907,0.2940000000000004,0.2655889145496534,0.0914285714285714,0.18773946360153268,0.4290476190476191
"loo_enc,most_freq_imp,no_samp,no_scale,k_best_sel",0,"(12, 8)",75675,0.025666199158485375,1.0281105990783403,0.015274329754035422,0.08842865993319884,0.2850000000000001,0.27470141150922905,0.04571428571428578,0.17581739666872306,0.4445238095238092
"woe_enc,mean_imp,over_samp,min_max_scale,no_sel",1,"(12, 8)",75675,0.1152526309141747,0.7808108216018486,0.0668242579686737,0.14232792732856522,0.2536383928571428,0.2470162788823489,0.26665178571428577,0.2569816222357749,0.2536383928571428
"onehot_enc,median_imp,no_samp,no_sel,max_abs_scale",1,"(12, 8)",75675,0.10869565217391307,0.8655913978494633,0.06694982003808607,0.18415045407430294,0.2449999999999997,0.20645161290322592,0.12142857142857165,0.16610169491525414,0.3273809523809525
"loo_enc,most_freq_imp,over_samp,no_scale,k_best_sel",1,"(12, 8)",75675,0.16368246882754778,0.7115413424290827,0.13166662927845746,0.2659274185919584,0.319140625,0.320989258228653,0.3083482142857143,0.3153373988979811,0.319140625
"target_enc,median_imp,min_max_scale,k_best_sel,no_samp",1,"(12, 8)",75675,0.10752688172043004,0.8709677419354824,0.0641182863238915,0.18520959714573712,0.2379999999999999,0.21124999999999985,0.09857142857142856,0.1586666666666669,0.3309523809523811
"count_enc,most_freq_imp,no_samp,min_max_scale,k_best_sel",1,"(12, 8)",75675,0.0909770920991119,0.8982590055941857,0.05320092922162724,0.1910557733543907,0.2940000000000004,0.2655889145496534,0.0914285714285714,0.18773946360153268,0.4290476190476191
"woe_enc,most_freq_imp,max_abs_scale,under_samp,k_best_sel",1,"(12, 8)",75675,0.12195994624078085,0.7660046172713562,0.08190028802849081,0.1713183076259739,0.27841145833333336,0.26860585027293565,0.2996354166666667,0.2845126113488684,0.2784114583333333
"woe_enc,mean_imp,over_samp,no_sel,min_max_scale",1,"(12, 8)",75675,0.11108500276190726,0.78793880344042,0.06499410512567426,0.13859701098632224,0.2536160714285714,0.24640889167012345,0.2677232142857142,0.2572379099490092,0.2536160714285714
"onehot_enc,median_imp,no_samp,max_abs_scale,no_sel",1,"(12, 8)",75675,0.10869565217391307,0.8655913978494633,0.06694982003808607,0.18415045407430294,0.2449999999999997,0.20645161290322592,0.12142857142857165,0.16610169491525414,0.3273809523809525
"loo_enc,most_freq_imp,no_samp,no_scale,k_best_sel",1,"(12, 8)",75675,0.025666199158485375,1.0281105990783403,0.015274329754035422,0.08842865993319884,0.2850000000000001,0.27470141150922905,0.04571428571428578,0.17581739666872306,0.4445238095238092
"onehot_enc,median_imp,no_samp,max_abs_scale,no_sel",2,"(12, 8)",75675,0.10869565217391307,0.8655913978494633,0.06694982003808607,0.18415045407430294,0.2449999999999997,0.20645161290322592,0.12142857142857165,0.16610169491525414,0.3273809523809525
"woe_enc,mean_imp,over_samp,min_max_scale,no_sel",2,"(12, 8)",75675,0.1152526309141747,0.7808108216018486,0.0668242579686737,0.14232792732856522,0.2536383928571428,0.2470162788823489,0.26665178571428577,0.2569816222357749,0.2536383928571428
"onehot_enc,median_imp,no_samp,no_sel,max_abs_scale",2,"(12, 8)",75675,0.10869565217391307,0.8655913978494633,0.06694982003808607,0.18415045407430294,0.2449999999999997,0.20645161290322592,0.12142857142857165,0.16610169491525414,0.3273809523809525
"count_enc,most_freq_imp,no_samp,min_max_scale,k_best_sel",2,"(12, 8)",75675,0.0909770920991119,0.8982590055941857,0.05320092922162724,0.1910557733543907,0.2940000000000004,0.2655889145496534,0.0914285714285714,0.18773946360153268,0.4290476190476191
"loo_enc,most_freq_imp,over_samp,k_best_sel,no_scale",2,"(12, 8)",75675,0.166239129340454,0.7079370080024489,0.14171953982592048,0.2736087415006361,0.3218973214285716,0.3243430918877112,0.30988839285714304,0.3177832296654524,0.3218973214285716
"ordinal_enc,mean_imp,over_samp,no_sel,min_max_scale",2,"(12, 8)",75675,0.1389167818169054,0.7459164711864436,0.10283813896449616,0.20295986287765588,0.28624999999999995,0.2857531501267073,0.2872321428571429,0.2865201381567561,0.28624999999999995
"loo_enc,most_freq_imp,no_samp,no_scale,k_best_sel",2,"(12, 8)",75675,0.025666199158485375,1.0281105990783403,0.015274329754035422,0.08842865993319884,0.2850000000000001,0.27470141150922905,0.04571428571428578,0.17581739666872306,0.4445238095238092
"woe_enc,mean_imp,over_samp,no_sel,min_max_scale",2,"(12, 8)",75675,0.11108500276190726,0.78793880344042,0.06499410512567426,0.13859701098632224,0.2536160714285714,0.24640889167012345,0.2677232142857142,0.2572379099490092,0.2536160714285714
"loo_enc,most_freq_imp,over_samp,no_scale,k_best_sel",2,"(12, 8)",75675,0.16368246882754778,0.7115413424290827,0.13166662927845746,0.2659274185919584,0.319140625,0.320989258228653,0.3083482142857143,0.3153373988979811,0.319140625
"onehot_enc,median_imp,no_samp,no_sel,no_scale",3,"(12, 8)",75675,0.1191678354371202,0.8539506102102783,0.07392895243222772,0.21207199484540776,0.24900000000000025,0.21052631578947384,0.12142857142857165,0.16835699797160264,0.3340476190476192
"loo_enc,most_freq_imp,no_samp,max_abs_scale,k_best_sel",3,"(12, 8)",75675,0.10504908835904626,0.8791935483870981,0.0662618769878064,0.1872571217161796,0.2449999999999997,0.22819593787335715,0.0771428571428573,0.15940143135979154,0.3569047619047617
"loo_enc,most_freq_imp,over_samp,no_scale,k_best_sel",3,"(12, 8)",75675,0.16368246882754778,0.7115413424290827,0.13166662927845746,0.2659274185919584,0.319140625,0.320989258228653,0.3083482142857143,0.3153373988979811,0.319140625
"woe_enc,mean_imp,over_samp,no_sel,min_max_scale",3,"(12, 8)",75675,0.11108500276190726,0.78793880344042,0.06499410512567426,0.13859701098632224,0.2536160714285714,0.24640889167012345,0.2677232142857142,0.2572379099490092,0.2536160714285714
"count_enc,most_freq_imp,no_samp,min_max_scale,k_best_sel",3,"(12, 8)",75675,0.0909770920991119,0.8982590055941857,0.05320092922162724,0.1910557733543907,0.2940000000000004,0.2655889145496534,0.0914285714285714,0.18773946360153268,0.4290476190476191
"onehot_enc,median_imp,no_samp,no_sel,max_abs_scale",3,"(12, 8)",75675,0.10869565217391307,0.8655913978494633,0.06694982003808607,0.18415045407430294,0.2449999999999997,0.20645161290322592,0.12142857142857165,0.16610169491525414,0.3273809523809525
"loo_enc,most_freq_imp,over_samp,k_best_sel,no_scale",3,"(12, 8)",75675,0.166239129340454,0.7079370080024489,0.14171953982592048,0.2736087415006361,0.3218973214285716,0.3243430918877112,0.30988839285714304,0.3177832296654524,0.3218973214285716
"loo_enc,most_freq_imp,no_samp,no_scale,k_best_sel",3,"(12, 8)",75675,0.025666199158485375,1.0281105990783403,0.015274329754035422,0.08842865993319884,0.2850000000000001,0.27470141150922905,0.04571428571428578,0.17581739666872306,0.4445238095238092
"woe_enc,mean_imp,over_samp,min_max_scale,no_sel",3,"(12, 8)",75675,0.1152526309141747,0.7808108216018486,0.0668242579686737,0.14232792732856522,0.2536383928571428,0.2470162788823489,0.26665178571428577,0.2569816222357749,0.2536383928571428
"woe_enc,mean_imp,over_samp,min_max_scale,no_sel",4,"(12, 8)",75675,0.1152526309141747,0.7808108216018486,0.0668242579686737,0.14232792732856522,0.2536383928571428,0.2470162788823489,0.26665178571428577,0.2569816222357749,0.2536383928571428
"woe_enc,mean_imp,over_samp,no_sel,min_max_scale",4,"(12, 8)",75675,0.11108500276190726,0.78793880344042,0.06499410512567426,0.13859701098632224,0.2536160714285714,0.24640889167012345,0.2677232142857142,0.2572379099490092,0.2536160714285714
"count_enc,most_freq_imp,no_samp,min_max_scale,no_sel",4,"(12, 8)",75675,0.08517999064983636,0.9041204020417836,0.04622179682748583,0.1775441466041324,0.28999999999999954,0.2621809744779585,0.0914285714285714,0.18565941101152345,0.4223809523809517
"woe_enc,mean_imp,over_samp,min_max_scale,k_best_sel",4,"(12, 8)",75675,0.12989404256228956,0.7492565376002555,0.07982195734753092,0.17813811552435202,0.2664955357142857,0.25350747389051803,0.29267857142857145,0.2736467903315564,0.2664955357142857
"loo_enc,most_freq_imp,over_samp,k_best_sel,no_scale",4,"(12, 8)",75675,0.166239129340454,0.7079370080024489,0.14171953982592048,0.2736087415006361,0.3218973214285716,0.3243430918877112,0.30988839285714304,0.3177832296654524,0.3218973214285716
"loo_enc,most_freq_imp,no_samp,max_abs_scale,k_best_sel",4,"(12, 8)",75675,0.10504908835904626,0.8791935483870981,0.0662618769878064,0.1872571217161796,0.2449999999999997,0.22819593787335715,0.0771428571428573,0.15940143135979154,0.3569047619047617
"loo_enc,most_freq_imp,no_samp,no_scale,k_best_sel",4,"(12, 8)",75675,0.025666199158485375,1.0281105990783403,0.015274329754035422,0.08842865993319884,0.2850000000000001,0.27470141150922905,0.04571428571428578,0.17581739666872306,0.4445238095238092
"onehot_enc,median_imp,no_samp,no_sel,max_abs_scale",4,"(12, 8)",75675,0.10869565217391307,0.8655913978494633,0.06694982003808607,0.18415045407430294,0.2449999999999997,0.20645161290322592,0.12142857142857165,0.16610169491525414,0.3273809523809525
"count_enc,most_freq_imp,no_samp,min_max_scale,k_best_sel",4,"(12, 8)",75675,0.0909770920991119,0.8982590055941857,0.05320092922162724,0.1910557733543907,0.2940000000000004,0.2655889145496534,0.0914285714285714,0.18773946360153268,0.4290476190476191
"woe_enc,mean_imp,over_samp,min_max_scale,no_sel",5,"(12, 8)",75675,0.1152526309141747,0.7808108216018486,0.0668242579686737,0.14232792732856522,0.2536383928571428,0.2470162788823489,0.26665178571428577,0.2569816222357749,0.2536383928571428
"count_enc,most_freq_imp,no_samp,min_max_scale,no_sel",5,"(12, 8)",75675,0.08517999064983636,0.9041204020417836,0.04622179682748583,0.1775441466041324,0.28999999999999954,0.2621809744779585,0.0914285714285714,0.18565941101152345,0.4223809523809517
"count_enc,most_freq_imp,no_samp,min_max_scale,k_best_sel",5,"(12, 8)",75675,0.0909770920991119,0.8982590055941857,0.05320092922162724,0.1910557733543907,0.2940000000000004,0.2655889145496534,0.0914285714285714,0.18773946360153268,0.4290476190476191
"loo_enc,most_freq_imp,no_samp,max_abs_scale,k_best_sel",5,"(12, 8)",75675,0.10504908835904626,0.8791935483870981,0.0662618769878064,0.1872571217161796,0.2449999999999997,0.22819593787335715,0.0771428571428573,0.15940143135979154,0.3569047619047617
"loo_enc,most_freq_imp,no_samp,no_scale,k_best_sel",5,"(12, 8)",75675,0.025666199158485375,1.0281105990783403,0.015274329754035422,0.08842865993319884,0.2850000000000001,0.27470141150922905,0.04571428571428578,0.17581739666872306,0.4445238095238092
"woe_enc,mean_imp,over_samp,no_sel,min_max_scale",5,"(12, 8)",75675,0.11108500276190726,0.78793880344042,0.06499410512567426,0.13859701098632224,0.2536160714285714,0.24640889167012345,0.2677232142857142,0.2572379099490092,0.2536160714285714
"woe_enc,mean_imp,over_samp,min_max_scale,k_best_sel",5,"(12, 8)",75675,0.12989404256228956,0.7492565376002555,0.07982195734753092,0.17813811552435202,0.2664955357142857,0.25350747389051803,0.29267857142857145,0.2736467903315564,0.2664955357142857
"onehot_enc,median_imp,no_samp,no_sel,max_abs_scale",5,"(12, 8)",75675,0.10869565217391307,0.8655913978494633,0.06694982003808607,0.18415045407430294,0.2449999999999997,0.20645161290322592,0.12142857142857165,0.16610169491525414,0.3273809523809525
"woe_enc,median_imp,over_samp,no_sel,min_max_scale",5,"(12, 8)",75675,0.11396899549922015,0.7831043161001396,0.07201638974466346,0.1448620230620763,0.2544308035714286,0.2473968486933942,0.26823660714285713,0.2579851745066798,0.2544308035714286
"count_enc,most_freq_imp,no_samp,max_abs_scale,no_sel",6,"(12, 8)",75675,0.08274894810659195,0.9076103977450672,0.045254688481440514,0.1739352206875982,0.2920000000000001,0.2655172413793103,0.08714285714285719,0.18598726114649708,0.4285714285714281
"loo_enc,most_freq_imp,no_samp,min_max_scale,k_best_sel",6,"(12, 8)",75675,0.10930341280972412,0.868607395751376,0.060110270291827465,0.19561149513451945,0.24000000000000016,0.211779448621554,0.10142857142857142,0.16021361815754348,0.3323809523809519
"loo_enc,most_freq_imp,no_samp,no_scale,k_best_sel",6,"(12, 8)",75675,0.025666199158485375,1.0281105990783403,0.015274329754035422,0.08842865993319884,0.2850000000000001,0.27470141150922905,0.04571428571428578,0.17581739666872306,0.4445238095238092
"loo_enc,most_freq_imp,no_samp,max_abs_scale,k_best_sel",6,"(12, 8)",75675,0.10504908835904626,0.8791935483870981,0.0662618769878064,0.1872571217161796,0.2449999999999997,0.22819593787335715,0.0771428571428573,0.15940143135979154,0.3569047619047617
"woe_enc,median_imp,over_samp,no_sel,min_max_scale",6,"(12, 8)",75675,0.11396899549922015,0.7831043161001396,0.07201638974466346,0.1448620230620763,0.2544308035714286,0.2473968486933942,0.26823660714285713,0.2579851745066798,0.2544308035714286
"count_enc,most_freq_imp,no_samp,min_max_scale,no_sel",6,"(12, 8)",75675,0.08517999064983636,0.9041204020417836,0.04622179682748583,0.1775441466041324,0.28999999999999954,0.2621809744779585,0.0914285714285714,0.18565941101152345,0.4223809523809517
"onehot_enc,median_imp,no_samp,no_sel,max_abs_scale",6,"(12, 8)",75675,0.10869565217391307,0.8655913978494633,0.06694982003808607,0.18415045407430294,0.2449999999999997,0.20645161290322592,0.12142857142857165,0.16610169491525414,0.3273809523809525
"woe_enc,mean_imp,over_samp,no_sel,min_max_scale",6,"(12, 8)",75675,0.11108500276190726,0.78793880344042,0.06499410512567426,0.13859701098632224,0.2536160714285714,0.24640889167012345,0.2677232142857142,0.2572379099490092,0.2536160714285714
"woe_enc,mean_imp,over_samp,min_max_scale,no_sel",6,"(12, 8)",75675,0.1152526309141747,0.7808108216018486,0.0668242579686737,0.14232792732856522,0.2536383928571428,0.2470162788823489,0.26665178571428577,0.2569816222357749,0.2536383928571428
"loo_enc,mean_imp,no_samp,no_scale,k_best_sel",7,"(12, 8)",75675,0.007620383356708781,1.0082414804328028,0.008295197359893923,0.03562600095276588,0.29100000000000026,0.2793959007551242,0.04571428571428578,0.17885679164105703,0.4545238095238097
"woe_enc,most_freq_imp,over_samp,no_sel,min_max_scale",7,"(12, 8)",75675,0.11321153864865735,0.7842523463270527,0.06652826797874355,0.14441030872092545,0.25493303571428577,0.24782410593884865,0.26888392857142857,0.25852879453341604,0.2549330357142858
"woe_enc,median_imp,over_samp,no_sel,max_abs_scale",7,"(12, 8)",75675,0.11395345951309575,0.7830457279191004,0.07000942182873211,0.14254195549257245,0.2526450892857143,0.24601149119082225,0.265625,0.2559668100688601,0.2526450892857143
"count_enc,most_freq_imp,no_samp,min_max_scale,no_sel",7,"(12, 8)",75675,0.08517999064983636,0.9041204020417836,0.04622179682748583,0.1775441466041324,0.28999999999999954,0.2621809744779585,0.0914285714285714,0.18565941101152345,0.4223809523809517
"count_enc,most_freq_imp,no_samp,max_abs_scale,no_sel",7,"(12, 8)",75675,0.08274894810659195,0.9076103977450672,0.045254688481440514,0.1739352206875982,0.2920000000000001,0.2655172413793103,0.08714285714285719,0.18598726114649708,0.4285714285714281
"woe_enc,median_imp,over_samp,no_sel,min_max_scale",7,"(12, 8)",75675,0.11396899549922015,0.7831043161001396,0.07201638974466346,0.1448620230620763,0.2544308035714286,0.2473968486933942,0.26823660714285713,0.2579851745066798,0.2544308035714286
"loo_enc,most_freq_imp,no_samp,max_abs_scale,k_best_sel",7,"(12, 8)",75675,0.10504908835904626,0.8791935483870981,0.0662618769878064,0.1872571217161796,0.2449999999999997,0.22819593787335715,0.0771428571428573,0.15940143135979154,0.3569047619047617
"ordinal_enc,most_freq_imp,no_samp,min_max_scale,k_best_sel",7,"(12, 8)",75675,0.10327255726975236,0.8814341688583549,0.0561720455837048,0.20723597756891024,0.2710000000000004,0.24433849821215714,0.0942857142857143,0.17608836907082542,0.3888095238095239
"loo_enc,most_freq_imp,no_samp,no_scale,k_best_sel",7,"(12, 8)",75675,0.025666199158485375,1.0281105990783403,0.015274329754035422,0.08842865993319884,0.2850000000000001,0.27470141150922905,0.04571428571428578,0.17581739666872306,0.4445238095238092
"loo_enc,most_freq_imp,no_samp,no_scale,k_best_sel",8,"(12, 8)",75675,0.025666199158485375,1.0281105990783403,0.015274329754035422,0.08842865993319884,0.2850000000000001,0.27470141150922905,0.04571428571428578,0.17581739666872306,0.4445238095238092
"loo_enc,mean_imp,no_samp,max_abs_scale,k_best_sel",8,"(12, 8)",75675,0.11005142589995304,0.8732295761753471,0.06923299334988374,0.1994025500048623,0.24600000000000036,0.2278177458033572,0.08000000000000004,0.16036505867014322,0.3566666666666665
"loo_enc,mean_imp,no_samp,k_best_sel,no_scale",8,"(12, 8)",75675,0.007620383356708781,1.0082414804328028,0.008295197359893923,0.03562600095276588,0.29100000000000026,0.2793959007551242,0.04571428571428578,0.17885679164105703,0.4545238095238097
"woe_enc,median_imp,over_samp,max_abs_scale,no_sel",8,"(12, 8)",75675,0.11618360042838034,0.7790652047028138,0.06853990942083173,0.14592843064001576,0.2526450892857144,0.2456007592015841,0.2663616071428572,0.25614993821114823,0.2526450892857144
"ordinal_enc,most_freq_imp,no_samp,min_max_scale,k_best_sel",8,"(12, 8)",75675,0.10327255726975236,0.8814341688583549,0.0561720455837048,0.20723597756891024,0.2710000000000004,0.24433849821215714,0.0942857142857143,0.17608836907082542,0.3888095238095239
"count_enc,most_freq_imp,no_samp,max_abs_scale,no_sel",8,"(12, 8)",75675,0.08274894810659195,0.9076103977450672,0.045254688481440514,0.1739352206875982,0.2920000000000001,0.2655172413793103,0.08714285714285719,0.18598726114649708,0.4285714285714281
"loo_enc,most_freq_imp,no_samp,max_abs_scale,k_best_sel",8,"(12, 8)",75675,0.10504908835904626,0.8791935483870981,0.0662618769878064,0.1872571217161796,0.2449999999999997,0.22819593787335715,0.0771428571428573,0.15940143135979154,0.3569047619047617
"loo_enc,mean_imp,no_samp,no_scale,k_best_sel",8,"(12, 8)",75675,0.007620383356708781,1.0082414804328028,0.008295197359893923,0.03562600095276588,0.29100000000000026,0.2793959007551242,0.04571428571428578,0.17885679164105703,0.4545238095238097
"count_enc,most_freq_imp,no_samp,min_max_scale,no_sel",8,"(12, 8)",75675,0.08517999064983636,0.9041204020417836,0.04622179682748583,0.1775441466041324,0.28999999999999954,0.2621809744779585,0.0914285714285714,0.18565941101152345,0.4223809523809517
"loo_enc,most_freq_imp,no_samp,no_scale,k_best_sel",9,"(12, 8)",75675,0.025666199158485375,1.0281105990783403,0.015274329754035422,0.08842865993319884,0.2850000000000001,0.27470141150922905,0.04571428571428578,0.17581739666872306,0.4445238095238092
"loo_enc,mean_imp,no_samp,max_abs_scale,k_best_sel",9,"(12, 8)",75675,0.11005142589995304,0.8732295761753471,0.06923299334988374,0.1994025500048623,0.24600000000000036,0.2278177458033572,0.08000000000000004,0.16036505867014322,0.3566666666666665
"loo_enc,most_freq_imp,no_samp,max_abs_scale,no_sel",9,"(12, 8)",75675,0.11683029453015426,0.8649700113470564,0.06819609367989711,0.22194987628232726,0.24900000000000025,0.2279855247285885,0.08571428571428573,0.16285153695225668,0.3578571428571425
"count_enc,mean_imp,no_samp,k_best_sel,no_scale",9,"(12, 8)",75675,0.07517531556802225,0.915656963021242,0.040279564103331084,0.15325329002676644,0.2880000000000002,0.2626728110599076,0.08571428571428573,0.1836734693877554,0.4228571428571433
"loo_enc,mean_imp,no_samp,no_scale,k_best_sel",9,"(12, 8)",75675,0.007620383356708781,1.0082414804328028,0.008295197359893923,0.03562600095276588,0.29100000000000026,0.2793959007551242,0.04571428571428578,0.17885679164105703,0.4545238095238097
"loo_enc,most_freq_imp,no_samp,max_abs_scale,k_best_sel",9,"(12, 8)",75675,0.10504908835904626,0.8791935483870981,0.0662618769878064,0.1872571217161796,0.2449999999999997,0.22819593787335715,0.0771428571428573,0.15940143135979154,0.3569047619047617
"ordinal_enc,most_freq_imp,no_samp,min_max_scale,k_best_sel",9,"(12, 8)",75675,0.10327255726975236,0.8814341688583549,0.0561720455837048,0.20723597756891024,0.2710000000000004,0.24433849821215714,0.0942857142857143,0.17608836907082542,0.3888095238095239
"loo_enc,mean_imp,no_samp,k_best_sel,no_scale",9,"(12, 8)",75675,0.007620383356708781,1.0082414804328028,0.008295197359893923,0.03562600095276588,0.29100000000000026,0.2793959007551242,0.04571428571428578,0.17885679164105703,0.4545238095238097
"count_enc,most_freq_imp,no_samp,max_abs_scale,no_sel",9,"(12, 8)",75675,0.08274894810659195,0.9076103977450672,0.045254688481440514,0.1739352206875982,0.2920000000000001,0.2655172413793103,0.08714285714285719,0.18598726114649708,0.4285714285714281
"loo_enc,mean_imp,no_samp,max_abs_scale,k_best_sel",10,"(12, 8)",75675,0.11005142589995304,0.8732295761753471,0.06923299334988374,0.1994025500048623,0.24600000000000036,0.2278177458033572,0.08000000000000004,0.16036505867014322,0.3566666666666665
"loo_enc,most_freq_imp,no_samp,no_scale,k_best_sel",10,"(12, 8)",75675,0.025666199158485375,1.0281105990783403,0.015274329754035422,0.08842865993319884,0.2850000000000001,0.27470141150922905,0.04571428571428578,0.17581739666872306,0.4445238095238092
"loo_enc,mean_imp,no_samp,no_scale,k_best_sel",10,"(12, 8)",75675,0.007620383356708781,1.0082414804328028,0.008295197359893923,0.03562600095276588,0.29100000000000026,0.2793959007551242,0.04571428571428578,0.17885679164105703,0.4545238095238097
"loo_enc,mean_imp,no_samp,k_best_sel,no_scale",10,"(12, 8)",75675,0.007620383356708781,1.0082414804328028,0.008295197359893923,0.03562600095276588,0.29100000000000026,0.2793959007551242,0.04571428571428578,0.17885679164105703,0.4545238095238097
"ordinal_enc,most_freq_imp,no_samp,min_max_scale,k_best_sel",10,"(12, 8)",75675,0.10327255726975236,0.8814341688583549,0.0561720455837048,0.20723597756891024,0.2710000000000004,0.24433849821215714,0.0942857142857143,0.17608836907082542,0.3888095238095239
"count_enc,most_freq_imp,no_samp,max_abs_scale,no_sel",10,"(12, 8)",75675,0.08274894810659195,0.9076103977450672,0.045254688481440514,0.1739352206875982,0.2920000000000001,0.2655172413793103,0.08714285714285719,0.18598726114649708,0.4285714285714281
"loo_enc,most_freq_imp,no_samp,max_abs_scale,no_sel",10,"(12, 8)",75675,0.11683029453015426,0.8649700113470564,0.06819609367989711,0.22194987628232726,0.24900000000000025,0.2279855247285885,0.08571428571428573,0.16285153695225668,0.3578571428571425
"count_enc,mean_imp,no_samp,k_best_sel,no_scale",10,"(12, 8)",75675,0.07517531556802225,0.915656963021242,0.040279564103331084,0.15325329002676644,0.2880000000000002,0.2626728110599076,0.08571428571428573,0.1836734693877554,0.4228571428571433
"loo_enc,most_freq_imp,no_samp,max_abs_scale,k_best_sel",10,"(12, 8)",75675,0.10504908835904626,0.8791935483870981,0.0662618769878064,0.1872571217161796,0.2449999999999997,0.22819593787335715,0.0771428571428573,0.15940143135979154,0.3569047619047617
"count_enc,mean_imp,no_samp,k_best_sel,no_scale",11,"(12, 8)",75675,0.07517531556802225,0.915656963021242,0.040279564103331084,0.15325329002676644,0.2880000000000002,0.2626728110599076,0.08571428571428573,0.1836734693877554,0.4228571428571433
"loo_enc,mean_imp,no_samp,no_scale,k_best_sel",11,"(12, 8)",75675,0.007620383356708781,1.0082414804328028,0.008295197359893923,0.03562600095276588,0.29100000000000026,0.2793959007551242,0.04571428571428578,0.17885679164105703,0.4545238095238097
"ordinal_enc,most_freq_imp,no_samp,min_max_scale,k_best_sel",11,"(12, 8)",75675,0.10327255726975236,0.8814341688583549,0.0561720455837048,0.20723597756891024,0.2710000000000004,0.24433849821215714,0.0942857142857143,0.17608836907082542,0.3888095238095239
"loo_enc,mean_imp,no_samp,k_best_sel,no_scale",11,"(12, 8)",75675,0.007620383356708781,1.0082414804328028,0.008295197359893923,0.03562600095276588,0.29100000000000026,0.2793959007551242,0.04571428571428578,0.17885679164105703,0.4545238095238097
"loo_enc,most_freq_imp,no_samp,max_abs_scale,no_sel",11,"(12, 8)",75675,0.11683029453015426,0.8649700113470564,0.06819609367989711,0.22194987628232726,0.24900000000000025,0.2279855247285885,0.08571428571428573,0.16285153695225668,0.3578571428571425
"loo_enc,most_freq_imp,no_samp,no_scale,k_best_sel",11,"(12, 8)",75675,0.025666199158485375,1.0281105990783403,0.015274329754035422,0.08842865993319884,0.2850000000000001,0.27470141150922905,0.04571428571428578,0.17581739666872306,0.4445238095238092
"count_enc,most_freq_imp,no_samp,max_abs_scale,no_sel",11,"(12, 8)",75675,0.08274894810659195,0.9076103977450672,0.045254688481440514,0.1739352206875982,0.2920000000000001,0.2655172413793103,0.08714285714285719,0.18598726114649708,0.4285714285714281
"loo_enc,mean_imp,no_samp,max_abs_scale,k_best_sel",11,"(12, 8)",75675,0.11005142589995304,0.8732295761753471,0.06923299334988374,0.1994025500048623,0.24600000000000036,0.2278177458033572,0.08000000000000004,0.16036505867014322,0.3566666666666665
"loo_enc,most_freq_imp,no_samp,max_abs_scale,k_best_sel",11,"(12, 8)",75675,0.10504908835904626,0.8791935483870981,0.0662618769878064,0.1872571217161796,0.2449999999999997,0.22819593787335715,0.0771428571428573,0.15940143135979154,0.3569047619047617
"count_enc,mean_imp,no_samp,k_best_sel,no_scale",12,"(12, 8)",75675,0.07517531556802225,0.915656963021242,0.040279564103331084,0.15325329002676644,0.2880000000000002,0.2626728110599076,0.08571428571428573,0.1836734693877554,0.4228571428571433
"count_enc,most_freq_imp,no_samp,max_abs_scale,no_sel",12,"(12, 8)",75675,0.08274894810659195,0.9076103977450672,0.045254688481440514,0.1739352206875982,0.2920000000000001,0.2655172413793103,0.08714285714285719,0.18598726114649708,0.4285714285714281
"loo_enc,mean_imp,no_samp,k_best_sel,no_scale",12,"(12, 8)",75675,0.007620383356708781,1.0082414804328028,0.008295197359893923,0.03562600095276588,0.29100000000000026,0.2793959007551242,0.04571428571428578,0.17885679164105703,0.4545238095238097
"loo_enc,most_freq_imp,no_samp,max_abs_scale,k_best_sel",12,"(12, 8)",75675,0.10504908835904626,0.8791935483870981,0.0662618769878064,0.1872571217161796,0.2449999999999997,0.22819593787335715,0.0771428571428573,0.15940143135979154,0.3569047619047617
"loo_enc,most_freq_imp,no_samp,no_scale,k_best_sel",12,"(12, 8)",75675,0.025666199158485375,1.0281105990783403,0.015274329754035422,0.08842865993319884,0.2850000000000001,0.27470141150922905,0.04571428571428578,0.17581739666872306,0.4445238095238092
"loo_enc,mean_imp,no_samp,no_scale,k_best_sel",12,"(12, 8)",75675,0.007620383356708781,1.0082414804328028,0.008295197359893923,0.03562600095276588,0.29100000000000026,0.2793959007551242,0.04571428571428578,0.17885679164105703,0.4545238095238097
"ordinal_enc,most_freq_imp,no_samp,min_max_scale,k_best_sel",12,"(12, 8)",75675,0.10327255726975236,0.8814341688583549,0.0561720455837048,0.20723597756891024,0.2710000000000004,0.24433849821215714,0.0942857142857143,0.17608836907082542,0.3888095238095239
"loo_enc,mean_imp,no_samp,max_abs_scale,k_best_sel",12,"(12, 8)",75675,0.11005142589995304,0.8732295761753471,0.06923299334988374,0.1994025500048623,0.24600000000000036,0.2278177458033572,0.08000000000000004,0.16036505867014322,0.3566666666666665
"loo_enc,most_freq_imp,no_samp,max_abs_scale,no_sel",12,"(12, 8)",75675,0.11683029453015426,0.8649700113470564,0.06819609367989711,0.22194987628232726,0.24900000000000025,0.2279855247285885,0.08571428571428573,0.16285153695225668,0.3578571428571425
"ordinal_enc,most_freq_imp,no_samp,min_max_scale,k_best_sel",13,"(12, 8)",75675,0.10327255726975236,0.8814341688583549,0.0561720455837048,0.20723597756891024,0.2710000000000004,0.24433849821215714,0.0942857142857143,0.17608836907082542,0.3888095238095239
"loo_enc,most_freq_imp,no_samp,max_abs_scale,k_best_sel",13,"(12, 8)",75675,0.10504908835904626,0.8791935483870981,0.0662618769878064,0.1872571217161796,0.2449999999999997,0.22819593787335715,0.0771428571428573,0.15940143135979154,0.3569047619047617
"ordinal_enc,most_freq_imp,no_samp,no_scale,k_best_sel",13,"(12, 8)",75675,0.13637213651238886,0.8394253000110088,0.08194498449635589,0.2736929070670848,0.269,0.23296158612143725,0.11571428571428567,0.17850033178500327,0.3711904761904765
"loo_enc,most_freq_imp,no_samp,min_max_scale,k_best_sel",13,"(12, 8)",75675,0.10930341280972412,0.868607395751376,0.060110270291827465,0.19561149513451945,0.24000000000000016,0.211779448621554,0.10142857142857142,0.16021361815754348,0.3323809523809519
"loo_enc,mean_imp,no_samp,max_abs_scale,k_best_sel",13,"(12, 8)",75675,0.11005142589995304,0.8732295761753471,0.06923299334988374,0.1994025500048623,0.24600000000000036,0.2278177458033572,0.08000000000000004,0.16036505867014322,0.3566666666666665
"loo_enc,most_freq_imp,no_samp,max_abs_scale,no_sel",13,"(12, 8)",75675,0.11683029453015426,0.8649700113470564,0.06819609367989711,0.22194987628232726,0.24900000000000025,0.2279855247285885,0.08571428571428573,0.16285153695225668,0.3578571428571425
"loo_enc,most_freq_imp,no_samp,no_scale,k_best_sel",13,"(12, 8)",75675,0.025666199158485375,1.0281105990783403,0.015274329754035422,0.08842865993319884,0.2850000000000001,0.27470141150922905,0.04571428571428578,0.17581739666872306,0.4445238095238092
"loo_enc,mean_imp,no_samp,no_scale,k_best_sel",13,"(12, 8)",75675,0.007620383356708781,1.0082414804328028,0.008295197359893923,0.03562600095276588,0.29100000000000026,0.2793959007551242,0.04571428571428578,0.17885679164105703,0.4545238095238097
"onehot_enc,mean_imp,no_samp,k_best_sel,no_scale",13,"(12, 8)",75675,0.1420289855072464,0.8313253012048202,0.08595300052841995,0.27774895614588496,0.25600000000000017,0.22180451127819545,0.11285714285714298,0.17089452603471314,0.3514285714285709
"loo_enc,most_freq_imp,no_samp,max_abs_scale,k_best_sel",14,"(12, 8)",75675,0.10504908835904626,0.8791935483870981,0.0662618769878064,0.1872571217161796,0.2449999999999997,0.22819593787335715,0.0771428571428573,0.15940143135979154,0.3569047619047617
"loo_enc,mean_imp,no_samp,max_abs_scale,k_best_sel",14,"(12, 8)",75675,0.11005142589995304,0.8732295761753471,0.06923299334988374,0.1994025500048623,0.24600000000000036,0.2278177458033572,0.08000000000000004,0.16036505867014322,0.3566666666666665
"loo_enc,most_freq_imp,no_samp,max_abs_scale,no_sel",14,"(12, 8)",75675,0.11683029453015426,0.8649700113470564,0.06819609367989711,0.22194987628232726,0.24900000000000025,0.2279855247285885,0.08571428571428573,0.16285153695225668,0.3578571428571425
"onehot_enc,mean_imp,no_samp,k_best_sel,no_scale",14,"(12, 8)",75675,0.1420289855072464,0.8313253012048202,0.08595300052841995,0.27774895614588496,0.25600000000000017,0.22180451127819545,0.11285714285714298,0.17089452603471314,0.3514285714285709
"loo_enc,most_freq_imp,no_samp,min_max_scale,k_best_sel",14,"(12, 8)",75675,0.10930341280972412,0.868607395751376,0.060110270291827465,0.19561149513451945,0.24000000000000016,0.211779448621554,0.10142857142857142,0.16021361815754348,0.3323809523809519
"loo_enc,most_freq_imp,no_samp,no_scale,k_best_sel",14,"(12, 8)",75675,0.025666199158485375,1.0281105990783403,0.015274329754035422,0.08842865993319884,0.2850000000000001,0.27470141150922905,0.04571428571428578,0.17581739666872306,0.4445238095238092
"ordinal_enc,most_freq_imp,no_samp,no_scale,k_best_sel",14,"(12, 8)",75675,0.13637213651238886,0.8394253000110088,0.08194498449635589,0.2736929070670848,0.269,0.23296158612143725,0.11571428571428567,0.17850033178500327,0.3711904761904765
"onehot_enc,mean_imp,no_samp,k_best_sel,norm_scale",14,"(12, 8)",75675,1.0,-1.0,0.0,1.0,0.3000000000000004,0.3000000000000004,0.0,0.17647058823529407,0.5
"ordinal_enc,most_freq_imp,no_samp,min_max_scale,k_best_sel",14,"(12, 8)",75675,0.10327255726975236,0.8814341688583549,0.0561720455837048,0.20723597756891024,0.2710000000000004,0.24433849821215714,0.0942857142857143,0.17608836907082542,0.3888095238095239
"loo_enc,mean_imp,no_samp,k_best_sel,max_abs_scale",15,"(12, 8)",75675,0.11005142589995304,0.8732295761753471,0.06923299334988374,0.1994025500048623,0.24600000000000036,0.2278177458033572,0.08000000000000004,0.16036505867014322,0.3566666666666665
"onehot_enc,mean_imp,no_samp,no_scale,k_best_sel",15,"(12, 8)",75675,0.1420289855072464,0.8313253012048202,0.08595300052841995,0.27774895614588496,0.25600000000000017,0.22180451127819545,0.11285714285714298,0.17089452603471314,0.3514285714285709
"loo_enc,most_freq_imp,no_samp,max_abs_scale,k_best_sel",15,"(12, 8)",75675,0.10504908835904626,0.8791935483870981,0.0662618769878064,0.1872571217161796,0.2449999999999997,0.22819593787335715,0.0771428571428573,0.15940143135979154,0.3569047619047617
"loo_enc,most_freq_imp,no_samp,max_abs_scale,no_sel",15,"(12, 8)",75675,0.11683029453015426,0.8649700113470564,0.06819609367989711,0.22194987628232726,0.24900000000000025,0.2279855247285885,0.08571428571428573,0.16285153695225668,0.3578571428571425
"onehot_enc,mean_imp,no_samp,k_best_sel,no_scale",15,"(12, 8)",75675,0.1420289855072464,0.8313253012048202,0.08595300052841995,0.27774895614588496,0.25600000000000017,0.22180451127819545,0.11285714285714298,0.17089452603471314,0.3514285714285709
"ordinal_enc,most_freq_imp,no_samp,no_scale,k_best_sel",15,"(12, 8)",75675,0.13637213651238886,0.8394253000110088,0.08194498449635589,0.2736929070670848,0.269,0.23296158612143725,0.11571428571428567,0.17850033178500327,0.3711904761904765
"loo_enc,most_freq_imp,no_samp,min_max_scale,k_best_sel",15,"(12, 8)",75675,0.10930341280972412,0.868607395751376,0.060110270291827465,0.19561149513451945,0.24000000000000016,0.211779448621554,0.10142857142857142,0.16021361815754348,0.3323809523809519
"loo_enc,mean_imp,no_samp,max_abs_scale,k_best_sel",15,"(12, 8)",75675,0.11005142589995304,0.8732295761753471,0.06923299334988374,0.1994025500048623,0.24600000000000036,0.2278177458033572,0.08000000000000004,0.16036505867014322,0.3566666666666665
"ordinal_enc,most_freq_imp,no_samp,min_max_scale,k_best_sel",15,"(12, 8)",75675,0.10327255726975236,0.8814341688583549,0.0561720455837048,0.20723597756891024,0.2710000000000004,0.24433849821215714,0.0942857142857143,0.17608836907082542,0.3888095238095239
"ordinal_enc,most_freq_imp,no_samp,min_max_scale,k_best_sel",16,"(12, 8)",75675,0.10327255726975236,0.8814341688583549,0.0561720455837048,0.20723597756891024,0.2710000000000004,0.24433849821215714,0.0942857142857143,0.17608836907082542,0.3888095238095239
"loo_enc,most_freq_imp,no_samp,min_max_scale,k_best_sel",16,"(12, 8)",75675,0.10930341280972412,0.868607395751376,0.060110270291827465,0.19561149513451945,0.24000000000000016,0.211779448621554,0.10142857142857142,0.16021361815754348,0.3323809523809519
"ordinal_enc,most_freq_imp,no_samp,max_abs_scale,k_best_sel",16,"(12, 8)",75675,0.10584385226741476,0.8792855238603039,0.06418807764783308,0.20607769770643344,0.2680000000000003,0.2440758293838865,0.08857142857142862,0.17357512953367876,0.38761904761904736
"onehot_enc,mean_imp,no_samp,k_best_sel,no_scale",16,"(12, 8)",75675,0.1420289855072464,0.8313253012048202,0.08595300052841995,0.27774895614588496,0.25600000000000017,0.22180451127819545,0.11285714285714298,0.17089452603471314,0.3514285714285709
"onehot_enc,mean_imp,no_samp,no_scale,k_best_sel",16,"(12, 8)",75675,0.1420289855072464,0.8313253012048202,0.08595300052841995,0.27774895614588496,0.25600000000000017,0.22180451127819545,0.11285714285714298,0.17089452603471314,0.3514285714285709
"loo_enc,mean_imp,no_samp,k_best_sel,max_abs_scale",16,"(12, 8)",75675,0.11005142589995304,0.8732295761753471,0.06923299334988374,0.1994025500048623,0.24600000000000036,0.2278177458033572,0.08000000000000004,0.16036505867014322,0.3566666666666665
"loo_enc,most_freq_imp,no_samp,max_abs_scale,no_sel",16,"(12, 8)",75675,0.11683029453015426,0.8649700113470564,0.06819609367989711,0.22194987628232726,0.24900000000000025,0.2279855247285885,0.08571428571428573,0.16285153695225668,0.3578571428571425
"loo_enc,most_freq_imp,no_samp,max_abs_scale,k_best_sel",16,"(12, 8)",75675,0.10504908835904626,0.8791935483870981,0.0662618769878064,0.1872571217161796,0.2449999999999997,0.22819593787335715,0.0771428571428573,0.15940143135979154,0.3569047619047617
"loo_enc,mean_imp,no_samp,max_abs_scale,k_best_sel",16,"(12, 8)",75675,0.11005142589995304,0.8732295761753471,0.06923299334988374,0.1994025500048623,0.24600000000000036,0.2278177458033572,0.08000000000000004,0.16036505867014322,0.3566666666666665
"loo_enc,most_freq_imp,no_samp,min_max_scale,k_best_sel",17,"(12, 8)",75675,0.10930341280972412,0.868607395751376,0.060110270291827465,0.19561149513451945,0.24000000000000016,0.211779448621554,0.10142857142857142,0.16021361815754348,0.3323809523809519
"loo_enc,most_freq_imp,no_samp,max_abs_scale,k_best_sel",17,"(12, 8)",75675,0.10504908835904626,0.8791935483870981,0.0662618769878064,0.1872571217161796,0.2449999999999997,0.22819593787335715,0.0771428571428573,0.15940143135979154,0.3569047619047617
"loo_enc,mean_imp,no_samp,k_best_sel,max_abs_scale",17,"(12, 8)",75675,0.11005142589995304,0.8732295761753471,0.06923299334988374,0.1994025500048623,0.24600000000000036,0.2278177458033572,0.08000000000000004,0.16036505867014322,0.3566666666666665
"loo_enc,mean_imp,no_samp,max_abs_scale,k_best_sel",17,"(12, 8)",75675,0.11005142589995304,0.8732295761753471,0.06923299334988374,0.1994025500048623,0.24600000000000036,0.2278177458033572,0.08000000000000004,0.16036505867014322,0.3566666666666665
"onehot_enc,mean_imp,no_samp,k_best_sel,no_scale",17,"(12, 8)",75675,0.1420289855072464,0.8313253012048202,0.08595300052841995,0.27774895614588496,0.25600000000000017,0.22180451127819545,0.11285714285714298,0.17089452603471314,0.3514285714285709
"ordinal_enc,mean_imp,over_samp,max_abs_scale,k_best_sel",17,"(12, 8)",75675,0.14381428053497974,0.7372210824278062,0.10575130360222934,0.21416210897179172,0.28399553571428576,0.2834825387656924,0.2850000000000001,0.2842723448580156,0.2839955357142858
"loo_enc,most_freq_imp,no_samp,max_abs_scale,no_sel",17,"(12, 8)",75675,0.11683029453015426,0.8649700113470564,0.06819609367989711,0.22194987628232726,0.24900000000000025,0.2279855247285885,0.08571428571428573,0.16285153695225668,0.3578571428571425
"onehot_enc,mean_imp,no_samp,no_scale,k_best_sel",17,"(12, 8)",75675,0.1420289855072464,0.8313253012048202,0.08595300052841995,0.27774895614588496,0.25600000000000017,0.22180451127819545,0.11285714285714298,0.17089452603471314,0.3514285714285709
"ordinal_enc,mean_imp,no_samp,max_abs_scale,k_best_sel",17,"(12, 8)",75675,0.10617110799438992,0.8785106724442292,0.062184069631800974,0.20801239952276568,0.2669999999999998,0.2425683709869201,0.08999999999999989,0.17326411421155072,0.3850000000000005
"loo_enc,mean_imp,no_samp,max_abs_scale,no_sel",18,"(12, 8)",75675,0.11393174380551672,0.8678774735700739,0.06121696128575549,0.2189094537205509,0.2469999999999999,0.2261185006045951,0.08571428571428573,0.1617550753110672,0.3545238095238093
"loo_enc,most_freq_imp,no_samp,max_abs_scale,k_best_sel",18,"(12, 8)",75675,0.10504908835904626,0.8791935483870981,0.0662618769878064,0.1872571217161796,0.2449999999999997,0.22819593787335715,0.0771428571428573,0.15940143135979154,0.3569047619047617
"loo_enc,mean_imp,no_samp,max_abs_scale,k_best_sel",18,"(12, 8)",75675,0.11005142589995304,0.8732295761753471,0.06923299334988374,0.1994025500048623,0.24600000000000036,0.2278177458033572,0.08000000000000004,0.16036505867014322,0.3566666666666665
"onehot_enc,mean_imp,no_samp,k_best_sel,no_scale",18,"(12, 8)",75675,0.1420289855072464,0.8313253012048202,0.08595300052841995,0.27774895614588496,0.25600000000000017,0.22180451127819545,0.11285714285714298,0.17089452603471314,0.3514285714285709
"loo_enc,mean_imp,no_samp,k_best_sel,max_abs_scale",18,"(12, 8)",75675,0.11005142589995304,0.8732295761753471,0.06923299334988374,0.1994025500048623,0.24600000000000036,0.2278177458033572,0.08000000000000004,0.16036505867014322,0.3566666666666665
"ordinal_enc,mean_imp,no_samp,max_abs_scale,k_best_sel",18,"(12, 8)",75675,0.10617110799438992,0.8785106724442292,0.062184069631800974,0.20801239952276568,0.2669999999999998,0.2425683709869201,0.08999999999999989,0.17326411421155072,0.3850000000000005
"loo_enc,most_freq_imp,no_samp,min_max_scale,k_best_sel",18,"(12, 8)",75675,0.10930341280972412,0.868607395751376,0.060110270291827465,0.19561149513451945,0.24000000000000016,0.211779448621554,0.10142857142857142,0.16021361815754348,0.3323809523809519
"loo_enc,most_freq_imp,no_samp,max_abs_scale,no_sel",18,"(12, 8)",75675,0.11683029453015426,0.8649700113470564,0.06819609367989711,0.22194987628232726,0.24900000000000025,0.2279855247285885,0.08571428571428573,0.16285153695225668,0.3578571428571425
"ordinal_enc,mean_imp,over_samp,max_abs_scale,k_best_sel",18,"(12, 8)",75675,0.14381428053497974,0.7372210824278062,0.10575130360222934,0.21416210897179172,0.28399553571428576,0.2834825387656924,0.2850000000000001,0.2842723448580156,0.2839955357142858
"loo_enc,mean_imp,no_samp,k_best_sel,max_abs_scale",19,"(12, 8)",75675,0.11005142589995304,0.8732295761753471,0.06923299334988374,0.1994025500048623,0.24600000000000036,0.2278177458033572,0.08000000000000004,0.16036505867014322,0.3566666666666665
"loo_enc,most_freq_imp,no_samp,min_max_scale,k_best_sel",19,"(12, 8)",75675,0.10930341280972412,0.868607395751376,0.060110270291827465,0.19561149513451945,0.24000000000000016,0.211779448621554,0.10142857142857142,0.16021361815754348,0.3323809523809519
"loo_enc,mean_imp,no_samp,max_abs_scale,k_best_sel",19,"(12, 8)",75675,0.11005142589995304,0.8732295761753471,0.06923299334988374,0.1994025500048623,0.24600000000000036,0.2278177458033572,0.08000000000000004,0.16036505867014322,0.3566666666666665
"ordinal_enc,mean_imp,over_samp,max_abs_scale,k_best_sel",19,"(12, 8)",75675,0.14381428053497974,0.7372210824278062,0.10575130360222934,0.21416210897179172,0.28399553571428576,0.2834825387656924,0.2850000000000001,0.2842723448580156,0.2839955357142858
"onehot_enc,mean_imp,no_samp,k_best_sel,no_scale",19,"(12, 8)",75675,0.1420289855072464,0.8313253012048202,0.08595300052841995,0.27774895614588496,0.25600000000000017,0.22180451127819545,0.11285714285714298,0.17089452603471314,0.3514285714285709
"loo_enc,mean_imp,no_samp,max_abs_scale,no_sel",19,"(12, 8)",75675,0.11393174380551672,0.8678774735700739,0.06121696128575549,0.2189094537205509,0.2469999999999999,0.2261185006045951,0.08571428571428573,0.1617550753110672,0.3545238095238093
"loo_enc,most_freq_imp,no_samp,max_abs_scale,k_best_sel",19,"(12, 8)",75675,0.10504908835904626,0.8791935483870981,0.0662618769878064,0.1872571217161796,0.2449999999999997,0.22819593787335715,0.0771428571428573,0.15940143135979154,0.3569047619047617
"loo_enc,most_freq_imp,no_samp,max_abs_scale,no_sel",19,"(12, 8)",75675,0.11683029453015426,0.8649700113470564,0.06819609367989711,0.22194987628232726,0.24900000000000025,0.2279855247285885,0.08571428571428573,0.16285153695225668,0.3578571428571425
"ordinal_enc,mean_imp,no_samp,max_abs_scale,k_best_sel",19,"(12, 8)",75675,0.10617110799438992,0.8785106724442292,0.062184069631800974,0.20801239952276568,0.2669999999999998,0.2425683709869201,0.08999999999999989,0.17326411421155072,0.3850000000000005
"loo_enc,mean_imp,no_samp,k_best_sel,max_abs_scale",20,"(12, 8)",75675,0.11005142589995304,0.8732295761753471,0.06923299334988374,0.1994025500048623,0.24600000000000036,0.2278177458033572,0.08000000000000004,0.16036505867014322,0.3566666666666665
"loo_enc,most_freq_imp,no_samp,min_max_scale,k_best_sel",20,"(12, 8)",75675,0.10930341280972412,0.868607395751376,0.060110270291827465,0.19561149513451945,0.24000000000000016,0.211779448621554,0.10142857142857142,0.16021361815754348,0.3323809523809519
"loo_enc,most_freq_imp,no_samp,max_abs_scale,k_best_sel",20,"(12, 8)",75675,0.10504908835904626,0.8791935483870981,0.0662618769878064,0.1872571217161796,0.2449999999999997,0.22819593787335715,0.0771428571428573,0.15940143135979154,0.3569047619047617
"loo_enc,mean_imp,no_samp,max_abs_scale,k_best_sel",20,"(12, 8)",75675,0.11005142589995304,0.8732295761753471,0.06923299334988374,0.1994025500048623,0.24600000000000036,0.2278177458033572,0.08000000000000004,0.16036505867014322,0.3566666666666665
"onehot_enc,mean_imp,no_samp,k_best_sel,no_scale",20,"(12, 8)",75675,0.1420289855072464,0.8313253012048202,0.08595300052841995,0.27774895614588496,0.25600000000000017,0.22180451127819545,0.11285714285714298,0.17089452603471314,0.3514285714285709
"loo_enc,mean_imp,no_samp,max_abs_scale,no_sel",20,"(12, 8)",75675,0.11393174380551672,0.8678774735700739,0.06121696128575549,0.2189094537205509,0.2469999999999999,0.2261185006045951,0.08571428571428573,0.1617550753110672,0.3545238095238093
"ordinal_enc,mean_imp,no_samp,max_abs_scale,k_best_sel",20,"(12, 8)",75675,0.10617110799438992,0.8785106724442292,0.062184069631800974,0.20801239952276568,0.2669999999999998,0.2425683709869201,0.08999999999999989,0.17326411421155072,0.3850000000000005
"loo_enc,most_freq_imp,no_samp,max_abs_scale,no_sel",20,"(12, 8)",75675,0.11683029453015426,0.8649700113470564,0.06819609367989711,0.22194987628232726,0.24900000000000025,0.2279855247285885,0.08571428571428573,0.16285153695225668,0.3578571428571425
"loo_enc,mean_imp,no_samp,min_max_scale,k_best_sel",20,"(12, 8)",75675,0.11542776998597486,0.8617271505376338,0.06909341070200095,0.20459463554469265,0.2390000000000003,0.21151439299123886,0.0999999999999999,0.15943962641761186,0.3316666666666669
"count_enc,median_imp,under_samp,k_best_sel,max_abs_scale",0,"(16, 4)",75675,0.206987667415878,0.6380090963851409,0.2080042446945573,0.3613474948506649,0.33401041666666664,0.33391303152740953,0.33401041666666664,0.3340547401442879,0.3340104166666667
"target_enc,median_imp,min_max_scale,k_best_sel,over_samp",0,"(16, 4)",75675,0.12356050621667695,0.7628886021176084,0.06451226457890909,0.16460397631711568,0.2668080357142857,0.2565728847913056,0.2876562500000001,0.27247334584983274,0.2668080357142857
"onehot_enc,median_imp,no_samp,max_abs_scale,no_sel",0,"(16, 4)",75675,0.10869565217391307,0.8655913978494633,0.06694982003808607,0.18415045407430294,0.2449999999999997,0.20645161290322592,0.12142857142857165,0.16610169491525414,0.3273809523809525
"woe_enc,mean_imp,over_samp,no_sel,min_max_scale",0,"(16, 4)",75675,0.11108500276190726,0.78793880344042,0.06499410512567426,0.13859701098632224,0.2536160714285714,0.24640889167012345,0.2677232142857142,0.2572379099490092,0.2536160714285714
"target_enc,mean_imp,over_samp,max_abs_scale,k_best_sel",0,"(16, 4)",75675,0.12968133338766338,0.7525384996192674,0.07485976305845522,0.1817891596813072,0.2711607142857143,0.2613314943005489,0.2916294642857145,0.27683019241710594,0.27116071428571425
"woe_enc,most_freq_imp,max_abs_scale,under_samp,k_best_sel",0,"(16, 4)",75675,0.12195994624078085,0.7660046172713562,0.08190028802849081,0.1713183076259739,0.27841145833333336,0.26860585027293565,0.2996354166666667,0.2845126113488684,0.2784114583333333
"onehot_enc,most_freq_imp,no_sel,over_samp,norm_scale",0,"(16, 4)",75675,0.34894515390294656,-1.0,0.5855876865671639,0.8829219605010509,0.45703125,0.4400291648356204,0.5987723214285715,0.532554104649092,0.45703125
"count_enc,most_freq_imp,no_samp,min_max_scale,k_best_sel",0,"(16, 4)",75675,0.0909770920991119,0.8982590055941857,0.05320092922162724,0.1910557733543907,0.2940000000000004,0.2655889145496534,0.0914285714285714,0.18773946360153268,0.4290476190476191
"loo_enc,most_freq_imp,no_samp,no_scale,k_best_sel",0,"(16, 4)",75675,0.025666199158485375,1.0281105990783403,0.015274329754035422,0.08842865993319884,0.2850000000000001,0.27470141150922905,0.04571428571428578,0.17581739666872306,0.4445238095238092
"woe_enc,mean_imp,over_samp,min_max_scale,no_sel",1,"(16, 4)",75675,0.1152526309141747,0.7808108216018486,0.0668242579686737,0.14232792732856522,0.2536383928571428,0.2470162788823489,0.26665178571428577,0.2569816222357749,0.2536383928571428
"onehot_enc,median_imp,no_samp,no_sel,max_abs_scale",1,"(16, 4)",75675,0.10869565217391307,0.8655913978494633,0.06694982003808607,0.18415045407430294,0.2449999999999997,0.20645161290322592,0.12142857142857165,0.16610169491525414,0.3273809523809525
"loo_enc,most_freq_imp,over_samp,no_scale,k_best_sel",1,"(16, 4)",75675,0.16368246882754778,0.7115413424290827,0.13166662927845746,0.2659274185919584,0.319140625,0.320989258228653,0.3083482142857143,0.3153373988979811,0.319140625
"target_enc,median_imp,min_max_scale,k_best_sel,no_samp",1,"(16, 4)",75675,0.10752688172043004,0.8709677419354824,0.0641182863238915,0.18520959714573712,0.2379999999999999,0.21124999999999985,0.09857142857142856,0.1586666666666669,0.3309523809523811
"count_enc,most_freq_imp,no_samp,min_max_scale,k_best_sel",1,"(16, 4)",75675,0.0909770920991119,0.8982590055941857,0.05320092922162724,0.1910557733543907,0.2940000000000004,0.2655889145496534,0.0914285714285714,0.18773946360153268,0.4290476190476191
"woe_enc,most_freq_imp,max_abs_scale,under_samp,k_best_sel",1,"(16, 4)",75675,0.12195994624078085,0.7660046172713562,0.08190028802849081,0.1713183076259739,0.27841145833333336,0.26860585027293565,0.2996354166666667,0.2845126113488684,0.2784114583333333
"woe_enc,mean_imp,over_samp,no_sel,min_max_scale",1,"(16, 4)",75675,0.11108500276190726,0.78793880344042,0.06499410512567426,0.13859701098632224,0.2536160714285714,0.24640889167012345,0.2677232142857142,0.2572379099490092,0.2536160714285714
"onehot_enc,median_imp,no_samp,max_abs_scale,no_sel",1,"(16, 4)",75675,0.10869565217391307,0.8655913978494633,0.06694982003808607,0.18415045407430294,0.2449999999999997,0.20645161290322592,0.12142857142857165,0.16610169491525414,0.3273809523809525
"loo_enc,most_freq_imp,no_samp,no_scale,k_best_sel",1,"(16, 4)",75675,0.025666199158485375,1.0281105990783403,0.015274329754035422,0.08842865993319884,0.2850000000000001,0.27470141150922905,0.04571428571428578,0.17581739666872306,0.4445238095238092
"onehot_enc,median_imp,no_samp,max_abs_scale,no_sel",2,"(16, 4)",75675,0.10869565217391307,0.8655913978494633,0.06694982003808607,0.18415045407430294,0.2449999999999997,0.20645161290322592,0.12142857142857165,0.16610169491525414,0.3273809523809525
"woe_enc,mean_imp,over_samp,min_max_scale,no_sel",2,"(16, 4)",75675,0.1152526309141747,0.7808108216018486,0.0668242579686737,0.14232792732856522,0.2536383928571428,0.2470162788823489,0.26665178571428577,0.2569816222357749,0.2536383928571428
"onehot_enc,median_imp,no_samp,no_sel,max_abs_scale",2,"(16, 4)",75675,0.10869565217391307,0.8655913978494633,0.06694982003808607,0.18415045407430294,0.2449999999999997,0.20645161290322592,0.12142857142857165,0.16610169491525414,0.3273809523809525
"count_enc,most_freq_imp,no_samp,min_max_scale,k_best_sel",2,"(16, 4)",75675,0.0909770920991119,0.8982590055941857,0.05320092922162724,0.1910557733543907,0.2940000000000004,0.2655889145496534,0.0914285714285714,0.18773946360153268,0.4290476190476191
"loo_enc,most_freq_imp,over_samp,k_best_sel,no_scale",2,"(16, 4)",75675,0.166239129340454,0.7079370080024489,0.14171953982592048,0.2736087415006361,0.3218973214285716,0.3243430918877112,0.30988839285714304,0.3177832296654524,0.3218973214285716
"ordinal_enc,mean_imp,over_samp,no_sel,min_max_scale",2,"(16, 4)",75675,0.1389167818169054,0.7459164711864436,0.10283813896449616,0.20295986287765588,0.28624999999999995,0.2857531501267073,0.2872321428571429,0.2865201381567561,0.28624999999999995
"loo_enc,most_freq_imp,no_samp,no_scale,k_best_sel",2,"(16, 4)",75675,0.025666199158485375,1.0281105990783403,0.015274329754035422,0.08842865993319884,0.2850000000000001,0.27470141150922905,0.04571428571428578,0.17581739666872306,0.4445238095238092
"woe_enc,mean_imp,over_samp,no_sel,min_max_scale",2,"(16, 4)",75675,0.11108500276190726,0.78793880344042,0.06499410512567426,0.13859701098632224,0.2536160714285714,0.24640889167012345,0.2677232142857142,0.2572379099490092,0.2536160714285714
"loo_enc,most_freq_imp,over_samp,no_scale,k_best_sel",2,"(16, 4)",75675,0.16368246882754778,0.7115413424290827,0.13166662927845746,0.2659274185919584,0.319140625,0.320989258228653,0.3083482142857143,0.3153373988979811,0.319140625
"onehot_enc,median_imp,no_samp,no_sel,no_scale",3,"(16, 4)",75675,0.1191678354371202,0.8539506102102783,0.07392895243222772,0.21207199484540776,0.24900000000000025,0.21052631578947384,0.12142857142857165,0.16835699797160264,0.3340476190476192
"loo_enc,most_freq_imp,no_samp,max_abs_scale,k_best_sel",3,"(16, 4)",75675,0.10504908835904626,0.8791935483870981,0.0662618769878064,0.1872571217161796,0.2449999999999997,0.22819593787335715,0.0771428571428573,0.15940143135979154,0.3569047619047617
"loo_enc,most_freq_imp,over_samp,no_scale,k_best_sel",3,"(16, 4)",75675,0.16368246882754778,0.7115413424290827,0.13166662927845746,0.2659274185919584,0.319140625,0.320989258228653,0.3083482142857143,0.3153373988979811,0.319140625
"woe_enc,mean_imp,over_samp,no_sel,min_max_scale",3,"(16, 4)",75675,0.11108500276190726,0.78793880344042,0.06499410512567426,0.13859701098632224,0.2536160714285714,0.24640889167012345,0.2677232142857142,0.2572379099490092,0.2536160714285714
"count_enc,most_freq_imp,no_samp,min_max_scale,k_best_sel",3,"(16, 4)",75675,0.0909770920991119,0.8982590055941857,0.05320092922162724,0.1910557733543907,0.2940000000000004,0.2655889145496534,0.0914285714285714,0.18773946360153268,0.4290476190476191
"onehot_enc,median_imp,no_samp,no_sel,max_abs_scale",3,"(16, 4)",75675,0.10869565217391307,0.8655913978494633,0.06694982003808607,0.18415045407430294,0.2449999999999997,0.20645161290322592,0.12142857142857165,0.16610169491525414,0.3273809523809525
"loo_enc,most_freq_imp,over_samp,k_best_sel,no_scale",3,"(16, 4)",75675,0.166239129340454,0.7079370080024489,0.14171953982592048,0.2736087415006361,0.3218973214285716,0.3243430918877112,0.30988839285714304,0.3177832296654524,0.3218973214285716
"loo_enc,most_freq_imp,no_samp,no_scale,k_best_sel",3,"(16, 4)",75675,0.025666199158485375,1.0281105990783403,0.015274329754035422,0.08842865993319884,0.2850000000000001,0.27470141150922905,0.04571428571428578,0.17581739666872306,0.4445238095238092
"woe_enc,mean_imp,over_samp,min_max_scale,no_sel",3,"(16, 4)",75675,0.1152526309141747,0.7808108216018486,0.0668242579686737,0.14232792732856522,0.2536383928571428,0.2470162788823489,0.26665178571428577,0.2569816222357749,0.2536383928571428
"woe_enc,mean_imp,over_samp,min_max_scale,no_sel",4,"(16, 4)",75675,0.1152526309141747,0.7808108216018486,0.0668242579686737,0.14232792732856522,0.2536383928571428,0.2470162788823489,0.26665178571428577,0.2569816222357749,0.2536383928571428
"woe_enc,mean_imp,over_samp,no_sel,min_max_scale",4,"(16, 4)",75675,0.11108500276190726,0.78793880344042,0.06499410512567426,0.13859701098632224,0.2536160714285714,0.24640889167012345,0.2677232142857142,0.2572379099490092,0.2536160714285714
"count_enc,most_freq_imp,no_samp,min_max_scale,no_sel",4,"(16, 4)",75675,0.08517999064983636,0.9041204020417836,0.04622179682748583,0.1775441466041324,0.28999999999999954,0.2621809744779585,0.0914285714285714,0.18565941101152345,0.4223809523809517
"woe_enc,mean_imp,over_samp,min_max_scale,k_best_sel",4,"(16, 4)",75675,0.12989404256228956,0.7492565376002555,0.07982195734753092,0.17813811552435202,0.2664955357142857,0.25350747389051803,0.29267857142857145,0.2736467903315564,0.2664955357142857
"loo_enc,most_freq_imp,over_samp,k_best_sel,no_scale",4,"(16, 4)",75675,0.166239129340454,0.7079370080024489,0.14171953982592048,0.2736087415006361,0.3218973214285716,0.3243430918877112,0.30988839285714304,0.3177832296654524,0.3218973214285716
"loo_enc,most_freq_imp,no_samp,max_abs_scale,k_best_sel",4,"(16, 4)",75675,0.10504908835904626,0.8791935483870981,0.0662618769878064,0.1872571217161796,0.2449999999999997,0.22819593787335715,0.0771428571428573,0.15940143135979154,0.3569047619047617
"loo_enc,most_freq_imp,no_samp,no_scale,k_best_sel",4,"(16, 4)",75675,0.025666199158485375,1.0281105990783403,0.015274329754035422,0.08842865993319884,0.2850000000000001,0.27470141150922905,0.04571428571428578,0.17581739666872306,0.4445238095238092
"onehot_enc,median_imp,no_samp,no_sel,max_abs_scale",4,"(16, 4)",75675,0.10869565217391307,0.8655913978494633,0.06694982003808607,0.18415045407430294,0.2449999999999997,0.20645161290322592,0.12142857142857165,0.16610169491525414,0.3273809523809525
"count_enc,most_freq_imp,no_samp,min_max_scale,k_best_sel",4,"(16, 4)",75675,0.0909770920991119,0.8982590055941857,0.05320092922162724,0.1910557733543907,0.2940000000000004,0.2655889145496534,0.0914285714285714,0.18773946360153268,0.4290476190476191
"woe_enc,mean_imp,over_samp,min_max_scale,no_sel",5,"(16, 4)",75675,0.1152526309141747,0.7808108216018486,0.0668242579686737,0.14232792732856522,0.2536383928571428,0.2470162788823489,0.26665178571428577,0.2569816222357749,0.2536383928571428
"count_enc,most_freq_imp,no_samp,min_max_scale,no_sel",5,"(16, 4)",75675,0.08517999064983636,0.9041204020417836,0.04622179682748583,0.1775441466041324,0.28999999999999954,0.2621809744779585,0.0914285714285714,0.18565941101152345,0.4223809523809517
"count_enc,most_freq_imp,no_samp,min_max_scale,k_best_sel",5,"(16, 4)",75675,0.0909770920991119,0.8982590055941857,0.05320092922162724,0.1910557733543907,0.2940000000000004,0.2655889145496534,0.0914285714285714,0.18773946360153268,0.4290476190476191
"loo_enc,most_freq_imp,no_samp,max_abs_scale,k_best_sel",5,"(16, 4)",75675,0.10504908835904626,0.8791935483870981,0.0662618769878064,0.1872571217161796,0.2449999999999997,0.22819593787335715,0.0771428571428573,0.15940143135979154,0.3569047619047617
"loo_enc,most_freq_imp,no_samp,no_scale,k_best_sel",5,"(16, 4)",75675,0.025666199158485375,1.0281105990783403,0.015274329754035422,0.08842865993319884,0.2850000000000001,0.27470141150922905,0.04571428571428578,0.17581739666872306,0.4445238095238092
"woe_enc,mean_imp,over_samp,no_sel,min_max_scale",5,"(16, 4)",75675,0.11108500276190726,0.78793880344042,0.06499410512567426,0.13859701098632224,0.2536160714285714,0.24640889167012345,0.2677232142857142,0.2572379099490092,0.2536160714285714
"woe_enc,mean_imp,over_samp,min_max_scale,k_best_sel",5,"(16, 4)",75675,0.12989404256228956,0.7492565376002555,0.07982195734753092,0.17813811552435202,0.2664955357142857,0.25350747389051803,0.29267857142857145,0.2736467903315564,0.2664955357142857
"onehot_enc,median_imp,no_samp,no_sel,max_abs_scale",5,"(16, 4)",75675,0.10869565217391307,0.8655913978494633,0.06694982003808607,0.18415045407430294,0.2449999999999997,0.20645161290322592,0.12142857142857165,0.16610169491525414,0.3273809523809525
"woe_enc,median_imp,over_samp,no_sel,min_max_scale",5,"(16, 4)",75675,0.11396899549922015,0.7831043161001396,0.07201638974466346,0.1448620230620763,0.2544308035714286,0.2473968486933942,0.26823660714285713,0.2579851745066798,0.2544308035714286
"count_enc,most_freq_imp,no_samp,max_abs_scale,no_sel",6,"(16, 4)",75675,0.08274894810659195,0.9076103977450672,0.045254688481440514,0.1739352206875982,0.2920000000000001,0.2655172413793103,0.08714285714285719,0.18598726114649708,0.4285714285714281
"loo_enc,most_freq_imp,no_samp,min_max_scale,k_best_sel",6,"(16, 4)",75675,0.10930341280972412,0.868607395751376,0.060110270291827465,0.19561149513451945,0.24000000000000016,0.211779448621554,0.10142857142857142,0.16021361815754348,0.3323809523809519
"loo_enc,most_freq_imp,no_samp,no_scale,k_best_sel",6,"(16, 4)",75675,0.025666199158485375,1.0281105990783403,0.015274329754035422,0.08842865993319884,0.2850000000000001,0.27470141150922905,0.04571428571428578,0.17581739666872306,0.4445238095238092
"loo_enc,most_freq_imp,no_samp,max_abs_scale,k_best_sel",6,"(16, 4)",75675,0.10504908835904626,0.8791935483870981,0.0662618769878064,0.1872571217161796,0.2449999999999997,0.22819593787335715,0.0771428571428573,0.15940143135979154,0.3569047619047617
"woe_enc,median_imp,over_samp,no_sel,min_max_scale",6,"(16, 4)",75675,0.11396899549922015,0.7831043161001396,0.07201638974466346,0.1448620230620763,0.2544308035714286,0.2473968486933942,0.26823660714285713,0.2579851745066798,0.2544308035714286
"count_enc,most_freq_imp,no_samp,min_max_scale,no_sel",6,"(16, 4)",75675,0.08517999064983636,0.9041204020417836,0.04622179682748583,0.1775441466041324,0.28999999999999954,0.2621809744779585,0.0914285714285714,0.18565941101152345,0.4223809523809517
"onehot_enc,median_imp,no_samp,no_sel,max_abs_scale",6,"(16, 4)",75675,0.10869565217391307,0.8655913978494633,0.06694982003808607,0.18415045407430294,0.2449999999999997,0.20645161290322592,0.12142857142857165,0.16610169491525414,0.3273809523809525
"woe_enc,mean_imp,over_samp,no_sel,min_max_scale",6,"(16, 4)",75675,0.11108500276190726,0.78793880344042,0.06499410512567426,0.13859701098632224,0.2536160714285714,0.24640889167012345,0.2677232142857142,0.2572379099490092,0.2536160714285714
"woe_enc,mean_imp,over_samp,min_max_scale,no_sel",6,"(16, 4)",75675,0.1152526309141747,0.7808108216018486,0.0668242579686737,0.14232792732856522,0.2536383928571428,0.2470162788823489,0.26665178571428577,0.2569816222357749,0.2536383928571428
"loo_enc,mean_imp,no_samp,no_scale,k_best_sel",7,"(16, 4)",75675,0.007620383356708781,1.0082414804328028,0.008295197359893923,0.03562600095276588,0.29100000000000026,0.2793959007551242,0.04571428571428578,0.17885679164105703,0.4545238095238097
"woe_enc,most_freq_imp,over_samp,no_sel,min_max_scale",7,"(16, 4)",75675,0.11321153864865735,0.7842523463270527,0.06652826797874355,0.14441030872092545,0.25493303571428577,0.24782410593884865,0.26888392857142857,0.25852879453341604,0.2549330357142858
"woe_enc,median_imp,over_samp,no_sel,max_abs_scale",7,"(16, 4)",75675,0.11395345951309575,0.7830457279191004,0.07000942182873211,0.14254195549257245,0.2526450892857143,0.24601149119082225,0.265625,0.2559668100688601,0.2526450892857143
"count_enc,most_freq_imp,no_samp,min_max_scale,no_sel",7,"(16, 4)",75675,0.08517999064983636,0.9041204020417836,0.04622179682748583,0.1775441466041324,0.28999999999999954,0.2621809744779585,0.0914285714285714,0.18565941101152345,0.4223809523809517
"count_enc,most_freq_imp,no_samp,max_abs_scale,no_sel",7,"(16, 4)",75675,0.08274894810659195,0.9076103977450672,0.045254688481440514,0.1739352206875982,0.2920000000000001,0.2655172413793103,0.08714285714285719,0.18598726114649708,0.4285714285714281
"woe_enc,median_imp,over_samp,no_sel,min_max_scale",7,"(16, 4)",75675,0.11396899549922015,0.7831043161001396,0.07201638974466346,0.1448620230620763,0.2544308035714286,0.2473968486933942,0.26823660714285713,0.2579851745066798,0.2544308035714286
"loo_enc,most_freq_imp,no_samp,max_abs_scale,k_best_sel",7,"(16, 4)",75675,0.10504908835904626,0.8791935483870981,0.0662618769878064,0.1872571217161796,0.2449999999999997,0.22819593787335715,0.0771428571428573,0.15940143135979154,0.3569047619047617
"ordinal_enc,most_freq_imp,no_samp,min_max_scale,k_best_sel",7,"(16, 4)",75675,0.10327255726975236,0.8814341688583549,0.0561720455837048,0.20723597756891024,0.2710000000000004,0.24433849821215714,0.0942857142857143,0.17608836907082542,0.3888095238095239
"loo_enc,most_freq_imp,no_samp,no_scale,k_best_sel",7,"(16, 4)",75675,0.025666199158485375,1.0281105990783403,0.015274329754035422,0.08842865993319884,0.2850000000000001,0.27470141150922905,0.04571428571428578,0.17581739666872306,0.4445238095238092
"loo_enc,most_freq_imp,no_samp,no_scale,k_best_sel",8,"(16, 4)",75675,0.025666199158485375,1.0281105990783403,0.015274329754035422,0.08842865993319884,0.2850000000000001,0.27470141150922905,0.04571428571428578,0.17581739666872306,0.4445238095238092
"loo_enc,mean_imp,no_samp,max_abs_scale,k_best_sel",8,"(16, 4)",75675,0.11005142589995304,0.8732295761753471,0.06923299334988374,0.1994025500048623,0.24600000000000036,0.2278177458033572,0.08000000000000004,0.16036505867014322,0.3566666666666665
"loo_enc,mean_imp,no_samp,k_best_sel,no_scale",8,"(16, 4)",75675,0.007620383356708781,1.0082414804328028,0.008295197359893923,0.03562600095276588,0.29100000000000026,0.2793959007551242,0.04571428571428578,0.17885679164105703,0.4545238095238097
"woe_enc,median_imp,over_samp,max_abs_scale,no_sel",8,"(16, 4)",75675,0.11618360042838034,0.7790652047028138,0.06853990942083173,0.14592843064001576,0.2526450892857144,0.2456007592015841,0.2663616071428572,0.25614993821114823,0.2526450892857144
"ordinal_enc,most_freq_imp,no_samp,min_max_scale,k_best_sel",8,"(16, 4)",75675,0.10327255726975236,0.8814341688583549,0.0561720455837048,0.20723597756891024,0.2710000000000004,0.24433849821215714,0.0942857142857143,0.17608836907082542,0.3888095238095239
"count_enc,most_freq_imp,no_samp,max_abs_scale,no_sel",8,"(16, 4)",75675,0.08274894810659195,0.9076103977450672,0.045254688481440514,0.1739352206875982,0.2920000000000001,0.2655172413793103,0.08714285714285719,0.18598726114649708,0.4285714285714281
"loo_enc,most_freq_imp,no_samp,max_abs_scale,k_best_sel",8,"(16, 4)",75675,0.10504908835904626,0.8791935483870981,0.0662618769878064,0.1872571217161796,0.2449999999999997,0.22819593787335715,0.0771428571428573,0.15940143135979154,0.3569047619047617
"loo_enc,mean_imp,no_samp,no_scale,k_best_sel",8,"(16, 4)",75675,0.007620383356708781,1.0082414804328028,0.008295197359893923,0.03562600095276588,0.29100000000000026,0.2793959007551242,0.04571428571428578,0.17885679164105703,0.4545238095238097
"count_enc,most_freq_imp,no_samp,min_max_scale,no_sel",8,"(16, 4)",75675,0.08517999064983636,0.9041204020417836,0.04622179682748583,0.1775441466041324,0.28999999999999954,0.2621809744779585,0.0914285714285714,0.18565941101152345,0.4223809523809517
"loo_enc,most_freq_imp,no_samp,no_scale,k_best_sel",9,"(16, 4)",75675,0.025666199158485375,1.0281105990783403,0.015274329754035422,0.08842865993319884,0.2850000000000001,0.27470141150922905,0.04571428571428578,0.17581739666872306,0.4445238095238092
"loo_enc,mean_imp,no_samp,max_abs_scale,k_best_sel",9,"(16, 4)",75675,0.11005142589995304,0.8732295761753471,0.06923299334988374,0.1994025500048623,0.24600000000000036,0.2278177458033572,0.08000000000000004,0.16036505867014322,0.3566666666666665
"loo_enc,most_freq_imp,no_samp,max_abs_scale,no_sel",9,"(16, 4)",75675,0.11683029453015426,0.8649700113470564,0.06819609367989711,0.22194987628232726,0.24900000000000025,0.2279855247285885,0.08571428571428573,0.16285153695225668,0.3578571428571425
"count_enc,mean_imp,no_samp,k_best_sel,no_scale",9,"(16, 4)",75675,0.07517531556802225,0.915656963021242,0.040279564103331084,0.15325329002676644,0.2880000000000002,0.2626728110599076,0.08571428571428573,0.1836734693877554,0.4228571428571433
"loo_enc,mean_imp,no_samp,no_scale,k_best_sel",9,"(16, 4)",75675,0.007620383356708781,1.0082414804328028,0.008295197359893923,0.03562600095276588,0.29100000000000026,0.2793959007551242,0.04571428571428578,0.17885679164105703,0.4545238095238097
"loo_enc,most_freq_imp,no_samp,max_abs_scale,k_best_sel",9,"(16, 4)",75675,0.10504908835904626,0.8791935483870981,0.0662618769878064,0.1872571217161796,0.2449999999999997,0.22819593787335715,0.0771428571428573,0.15940143135979154,0.3569047619047617
"ordinal_enc,most_freq_imp,no_samp,min_max_scale,k_best_sel",9,"(16, 4)",75675,0.10327255726975236,0.8814341688583549,0.0561720455837048,0.20723597756891024,0.2710000000000004,0.24433849821215714,0.0942857142857143,0.17608836907082542,0.3888095238095239
"loo_enc,mean_imp,no_samp,k_best_sel,no_scale",9,"(16, 4)",75675,0.007620383356708781,1.0082414804328028,0.008295197359893923,0.03562600095276588,0.29100000000000026,0.2793959007551242,0.04571428571428578,0.17885679164105703,0.4545238095238097
"count_enc,most_freq_imp,no_samp,max_abs_scale,no_sel",9,"(16, 4)",75675,0.08274894810659195,0.9076103977450672,0.045254688481440514,0.1739352206875982,0.2920000000000001,0.2655172413793103,0.08714285714285719,0.18598726114649708,0.4285714285714281
"loo_enc,mean_imp,no_samp,max_abs_scale,k_best_sel",10,"(16, 4)",75675,0.11005142589995304,0.8732295761753471,0.06923299334988374,0.1994025500048623,0.24600000000000036,0.2278177458033572,0.08000000000000004,0.16036505867014322,0.3566666666666665
"loo_enc,most_freq_imp,no_samp,no_scale,k_best_sel",10,"(16, 4)",75675,0.025666199158485375,1.0281105990783403,0.015274329754035422,0.08842865993319884,0.2850000000000001,0.27470141150922905,0.04571428571428578,0.17581739666872306,0.4445238095238092
"loo_enc,mean_imp,no_samp,no_scale,k_best_sel",10,"(16, 4)",75675,0.007620383356708781,1.0082414804328028,0.008295197359893923,0.03562600095276588,0.29100000000000026,0.2793959007551242,0.04571428571428578,0.17885679164105703,0.4545238095238097
"loo_enc,mean_imp,no_samp,k_best_sel,no_scale",10,"(16, 4)",75675,0.007620383356708781,1.0082414804328028,0.008295197359893923,0.03562600095276588,0.29100000000000026,0.2793959007551242,0.04571428571428578,0.17885679164105703,0.4545238095238097
"ordinal_enc,most_freq_imp,no_samp,min_max_scale,k_best_sel",10,"(16, 4)",75675,0.10327255726975236,0.8814341688583549,0.0561720455837048,0.20723597756891024,0.2710000000000004,0.24433849821215714,0.0942857142857143,0.17608836907082542,0.3888095238095239
"count_enc,most_freq_imp,no_samp,max_abs_scale,no_sel",10,"(16, 4)",75675,0.08274894810659195,0.9076103977450672,0.045254688481440514,0.1739352206875982,0.2920000000000001,0.2655172413793103,0.08714285714285719,0.18598726114649708,0.4285714285714281
"loo_enc,most_freq_imp,no_samp,max_abs_scale,no_sel",10,"(16, 4)",75675,0.11683029453015426,0.8649700113470564,0.06819609367989711,0.22194987628232726,0.24900000000000025,0.2279855247285885,0.08571428571428573,0.16285153695225668,0.3578571428571425
"count_enc,mean_imp,no_samp,k_best_sel,no_scale",10,"(16, 4)",75675,0.07517531556802225,0.915656963021242,0.040279564103331084,0.15325329002676644,0.2880000000000002,0.2626728110599076,0.08571428571428573,0.1836734693877554,0.4228571428571433
"loo_enc,most_freq_imp,no_samp,max_abs_scale,k_best_sel",10,"(16, 4)",75675,0.10504908835904626,0.8791935483870981,0.0662618769878064,0.1872571217161796,0.2449999999999997,0.22819593787335715,0.0771428571428573,0.15940143135979154,0.3569047619047617
"count_enc,mean_imp,no_samp,k_best_sel,no_scale",11,"(16, 4)",75675,0.07517531556802225,0.915656963021242,0.040279564103331084,0.15325329002676644,0.2880000000000002,0.2626728110599076,0.08571428571428573,0.1836734693877554,0.4228571428571433
"loo_enc,mean_imp,no_samp,no_scale,k_best_sel",11,"(16, 4)",75675,0.007620383356708781,1.0082414804328028,0.008295197359893923,0.03562600095276588,0.29100000000000026,0.2793959007551242,0.04571428571428578,0.17885679164105703,0.4545238095238097
"ordinal_enc,most_freq_imp,no_samp,min_max_scale,k_best_sel",11,"(16, 4)",75675,0.10327255726975236,0.8814341688583549,0.0561720455837048,0.20723597756891024,0.2710000000000004,0.24433849821215714,0.0942857142857143,0.17608836907082542,0.3888095238095239
"loo_enc,mean_imp,no_samp,k_best_sel,no_scale",11,"(16, 4)",75675,0.007620383356708781,1.0082414804328028,0.008295197359893923,0.03562600095276588,0.29100000000000026,0.2793959007551242,0.04571428571428578,0.17885679164105703,0.4545238095238097
"loo_enc,most_freq_imp,no_samp,max_abs_scale,no_sel",11,"(16, 4)",75675,0.11683029453015426,0.8649700113470564,0.06819609367989711,0.22194987628232726,0.24900000000000025,0.2279855247285885,0.08571428571428573,0.16285153695225668,0.3578571428571425
"loo_enc,most_freq_imp,no_samp,no_scale,k_best_sel",11,"(16, 4)",75675,0.025666199158485375,1.0281105990783403,0.015274329754035422,0.08842865993319884,0.2850000000000001,0.27470141150922905,0.04571428571428578,0.17581739666872306,0.4445238095238092
"count_enc,most_freq_imp,no_samp,max_abs_scale,no_sel",11,"(16, 4)",75675,0.08274894810659195,0.9076103977450672,0.045254688481440514,0.1739352206875982,0.2920000000000001,0.2655172413793103,0.08714285714285719,0.18598726114649708,0.4285714285714281
"loo_enc,mean_imp,no_samp,max_abs_scale,k_best_sel",11,"(16, 4)",75675,0.11005142589995304,0.8732295761753471,0.06923299334988374,0.1994025500048623,0.24600000000000036,0.2278177458033572,0.08000000000000004,0.16036505867014322,0.3566666666666665
"loo_enc,most_freq_imp,no_samp,max_abs_scale,k_best_sel",11,"(16, 4)",75675,0.10504908835904626,0.8791935483870981,0.0662618769878064,0.1872571217161796,0.2449999999999997,0.22819593787335715,0.0771428571428573,0.15940143135979154,0.3569047619047617
"count_enc,mean_imp,no_samp,k_best_sel,no_scale",12,"(16, 4)",75675,0.07517531556802225,0.915656963021242,0.040279564103331084,0.15325329002676644,0.2880000000000002,0.2626728110599076,0.08571428571428573,0.1836734693877554,0.4228571428571433
"count_enc,most_freq_imp,no_samp,max_abs_scale,no_sel",12,"(16, 4)",75675,0.08274894810659195,0.9076103977450672,0.045254688481440514,0.1739352206875982,0.2920000000000001,0.2655172413793103,0.08714285714285719,0.18598726114649708,0.4285714285714281
"loo_enc,mean_imp,no_samp,k_best_sel,no_scale",12,"(16, 4)",75675,0.007620383356708781,1.0082414804328028,0.008295197359893923,0.03562600095276588,0.29100000000000026,0.2793959007551242,0.04571428571428578,0.17885679164105703,0.4545238095238097
"loo_enc,most_freq_imp,no_samp,max_abs_scale,k_best_sel",12,"(16, 4)",75675,0.10504908835904626,0.8791935483870981,0.0662618769878064,0.1872571217161796,0.2449999999999997,0.22819593787335715,0.0771428571428573,0.15940143135979154,0.3569047619047617
"loo_enc,most_freq_imp,no_samp,no_scale,k_best_sel",12,"(16, 4)",75675,0.025666199158485375,1.0281105990783403,0.015274329754035422,0.08842865993319884,0.2850000000000001,0.27470141150922905,0.04571428571428578,0.17581739666872306,0.4445238095238092
"loo_enc,mean_imp,no_samp,no_scale,k_best_sel",12,"(16, 4)",75675,0.007620383356708781,1.0082414804328028,0.008295197359893923,0.03562600095276588,0.29100000000000026,0.2793959007551242,0.04571428571428578,0.17885679164105703,0.4545238095238097
"ordinal_enc,most_freq_imp,no_samp,min_max_scale,k_best_sel",12,"(16, 4)",75675,0.10327255726975236,0.8814341688583549,0.0561720455837048,0.20723597756891024,0.2710000000000004,0.24433849821215714,0.0942857142857143,0.17608836907082542,0.3888095238095239
"loo_enc,mean_imp,no_samp,max_abs_scale,k_best_sel",12,"(16, 4)",75675,0.11005142589995304,0.8732295761753471,0.06923299334988374,0.1994025500048623,0.24600000000000036,0.2278177458033572,0.08000000000000004,0.16036505867014322,0.3566666666666665
"loo_enc,most_freq_imp,no_samp,max_abs_scale,no_sel",12,"(16, 4)",75675,0.11683029453015426,0.8649700113470564,0.06819609367989711,0.22194987628232726,0.24900000000000025,0.2279855247285885,0.08571428571428573,0.16285153695225668,0.3578571428571425
"count_enc,mean_imp,no_samp,k_best_sel,no_scale",13,"(16, 4)",75675,0.07517531556802225,0.915656963021242,0.040279564103331084,0.15325329002676644,0.2880000000000002,0.2626728110599076,0.08571428571428573,0.1836734693877554,0.4228571428571433
"loo_enc,mean_imp,no_samp,k_best_sel,no_scale",13,"(16, 4)",75675,0.007620383356708781,1.0082414804328028,0.008295197359893923,0.03562600095276588,0.29100000000000026,0.2793959007551242,0.04571428571428578,0.17885679164105703,0.4545238095238097
"count_enc,most_freq_imp,no_samp,max_abs_scale,no_sel",13,"(16, 4)",75675,0.08274894810659195,0.9076103977450672,0.045254688481440514,0.1739352206875982,0.2920000000000001,0.2655172413793103,0.08714285714285719,0.18598726114649708,0.4285714285714281
"loo_enc,mean_imp,no_samp,no_scale,k_best_sel",13,"(16, 4)",75675,0.007620383356708781,1.0082414804328028,0.008295197359893923,0.03562600095276588,0.29100000000000026,0.2793959007551242,0.04571428571428578,0.17885679164105703,0.4545238095238097
"loo_enc,most_freq_imp,no_samp,no_scale,k_best_sel",13,"(16, 4)",75675,0.025666199158485375,1.0281105990783403,0.015274329754035422,0.08842865993319884,0.2850000000000001,0.27470141150922905,0.04571428571428578,0.17581739666872306,0.4445238095238092
"loo_enc,mean_imp,no_samp,max_abs_scale,k_best_sel",13,"(16, 4)",75675,0.11005142589995304,0.8732295761753471,0.06923299334988374,0.1994025500048623,0.24600000000000036,0.2278177458033572,0.08000000000000004,0.16036505867014322,0.3566666666666665
"loo_enc,most_freq_imp,no_samp,max_abs_scale,k_best_sel",13,"(16, 4)",75675,0.10504908835904626,0.8791935483870981,0.0662618769878064,0.1872571217161796,0.2449999999999997,0.22819593787335715,0.0771428571428573,0.15940143135979154,0.3569047619047617
"onehot_enc,mean_imp,no_samp,no_scale,k_best_sel",13,"(16, 4)",75675,0.1420289855072464,0.8313253012048202,0.08595300052841995,0.27774895614588496,0.25600000000000017,0.22180451127819545,0.11285714285714298,0.17089452603471314,0.3514285714285709
"ordinal_enc,most_freq_imp,no_samp,min_max_scale,k_best_sel",13,"(16, 4)",75675,0.10327255726975236,0.8814341688583549,0.0561720455837048,0.20723597756891024,0.2710000000000004,0.24433849821215714,0.0942857142857143,0.17608836907082542,0.3888095238095239
"loo_enc,mean_imp,no_samp,k_best_sel,no_scale",14,"(16, 4)",75675,0.007620383356708781,1.0082414804328028,0.008295197359893923,0.03562600095276588,0.29100000000000026,0.2793959007551242,0.04571428571428578,0.17885679164105703,0.4545238095238097
"loo_enc,mean_imp,no_samp,no_scale,k_best_sel",14,"(16, 4)",75675,0.007620383356708781,1.0082414804328028,0.008295197359893923,0.03562600095276588,0.29100000000000026,0.2793959007551242,0.04571428571428578,0.17885679164105703,0.4545238095238097
"ordinal_enc,most_freq_imp,no_samp,k_best_sel,min_max_scale",14,"(16, 4)",75675,0.10327255726975236,0.8814341688583549,0.0561720455837048,0.20723597756891024,0.2710000000000004,0.24433849821215714,0.0942857142857143,0.17608836907082542,0.3888095238095239
"loo_enc,most_freq_imp,no_samp,no_scale,k_best_sel",14,"(16, 4)",75675,0.025666199158485375,1.0281105990783403,0.015274329754035422,0.08842865993319884,0.2850000000000001,0.27470141150922905,0.04571428571428578,0.17581739666872306,0.4445238095238092
"count_enc,most_freq_imp,no_samp,max_abs_scale,no_sel",14,"(16, 4)",75675,0.08274894810659195,0.9076103977450672,0.045254688481440514,0.1739352206875982,0.2920000000000001,0.2655172413793103,0.08714285714285719,0.18598726114649708,0.4285714285714281
"count_enc,mean_imp,no_samp,k_best_sel,no_scale",14,"(16, 4)",75675,0.07517531556802225,0.915656963021242,0.040279564103331084,0.15325329002676644,0.2880000000000002,0.2626728110599076,0.08571428571428573,0.1836734693877554,0.4228571428571433
"ordinal_enc,most_freq_imp,no_samp,min_max_scale,k_best_sel",14,"(16, 4)",75675,0.10327255726975236,0.8814341688583549,0.0561720455837048,0.20723597756891024,0.2710000000000004,0.24433849821215714,0.0942857142857143,0.17608836907082542,0.3888095238095239
"loo_enc,mean_imp,no_samp,max_abs_scale,k_best_sel",14,"(16, 4)",75675,0.11005142589995304,0.8732295761753471,0.06923299334988374,0.1994025500048623,0.24600000000000036,0.2278177458033572,0.08000000000000004,0.16036505867014322,0.3566666666666665
"loo_enc,most_freq_imp,no_samp,max_abs_scale,k_best_sel",14,"(16, 4)",75675,0.10504908835904626,0.8791935483870981,0.0662618769878064,0.1872571217161796,0.2449999999999997,0.22819593787335715,0.0771428571428573,0.15940143135979154,0.3569047619047617
"loo_enc,most_freq_imp,no_samp,max_abs_scale,k_best_sel",15,"(16, 4)",75675,0.10504908835904626,0.8791935483870981,0.0662618769878064,0.1872571217161796,0.2449999999999997,0.22819593787335715,0.0771428571428573,0.15940143135979154,0.3569047619047617
"count_enc,most_freq_imp,no_samp,no_scale,no_sel",15,"(16, 4)",75675,0.06647966339410949,0.9246782138884484,0.0282555160071387,0.14122924193057412,0.2940000000000004,0.26450116009280744,0.0942857142857143,0.1882202304737515,0.4271428571428577
"count_enc,mean_imp,no_samp,no_scale,k_best_sel",15,"(16, 4)",75675,0.07517531556802225,0.915656963021242,0.040279564103331084,0.15325329002676644,0.2880000000000002,0.2626728110599076,0.08571428571428573,0.1836734693877554,0.4228571428571433
"loo_enc,mean_imp,no_samp,k_best_sel,no_scale",15,"(16, 4)",75675,0.007620383356708781,1.0082414804328028,0.008295197359893923,0.03562600095276588,0.29100000000000026,0.2793959007551242,0.04571428571428578,0.17885679164105703,0.4545238095238097
"count_enc,mean_imp,no_samp,k_best_sel,no_scale",15,"(16, 4)",75675,0.07517531556802225,0.915656963021242,0.040279564103331084,0.15325329002676644,0.2880000000000002,0.2626728110599076,0.08571428571428573,0.1836734693877554,0.4228571428571433
"count_enc,most_freq_imp,no_samp,max_abs_scale,no_sel",15,"(16, 4)",75675,0.08274894810659195,0.9076103977450672,0.045254688481440514,0.1739352206875982,0.2920000000000001,0.2655172413793103,0.08714285714285719,0.18598726114649708,0.4285714285714281
"loo_enc,mean_imp,no_samp,no_scale,k_best_sel",15,"(16, 4)",75675,0.007620383356708781,1.0082414804328028,0.008295197359893923,0.03562600095276588,0.29100000000000026,0.2793959007551242,0.04571428571428578,0.17885679164105703,0.4545238095238097
"ordinal_enc,most_freq_imp,no_samp,k_best_sel,max_abs_scale",15,"(16, 4)",75675,0.10584385226741476,0.8792855238603039,0.06418807764783308,0.20607769770643344,0.2680000000000003,0.2440758293838865,0.08857142857142862,0.17357512953367876,0.38761904761904736
"loo_enc,most_freq_imp,no_samp,no_scale,k_best_sel",15,"(16, 4)",75675,0.025666199158485375,1.0281105990783403,0.015274329754035422,0.08842865993319884,0.2850000000000001,0.27470141150922905,0.04571428571428578,0.17581739666872306,0.4445238095238092
"count_enc,mean_imp,no_samp,k_best_sel,no_scale",16,"(16, 4)",75675,0.07517531556802225,0.915656963021242,0.040279564103331084,0.15325329002676644,0.2880000000000002,0.2626728110599076,0.08571428571428573,0.1836734693877554,0.4228571428571433
"count_enc,mean_imp,no_samp,no_scale,k_best_sel",16,"(16, 4)",75675,0.07517531556802225,0.915656963021242,0.040279564103331084,0.15325329002676644,0.2880000000000002,0.2626728110599076,0.08571428571428573,0.1836734693877554,0.4228571428571433
"loo_enc,mean_imp,no_samp,k_best_sel,max_abs_scale",16,"(16, 4)",75675,0.11005142589995304,0.8732295761753471,0.06923299334988374,0.1994025500048623,0.24600000000000036,0.2278177458033572,0.08000000000000004,0.16036505867014322,0.3566666666666665
"ordinal_enc,most_freq_imp,no_samp,k_best_sel,max_abs_scale",16,"(16, 4)",75675,0.10584385226741476,0.8792855238603039,0.06418807764783308,0.20607769770643344,0.2680000000000003,0.2440758293838865,0.08857142857142862,0.17357512953367876,0.38761904761904736
"loo_enc,mean_imp,no_samp,no_scale,k_best_sel",16,"(16, 4)",75675,0.007620383356708781,1.0082414804328028,0.008295197359893923,0.03562600095276588,0.29100000000000026,0.2793959007551242,0.04571428571428578,0.17885679164105703,0.4545238095238097
"loo_enc,most_freq_imp,no_samp,no_scale,k_best_sel",16,"(16, 4)",75675,0.025666199158485375,1.0281105990783403,0.015274329754035422,0.08842865993319884,0.2850000000000001,0.27470141150922905,0.04571428571428578,0.17581739666872306,0.4445238095238092
"loo_enc,most_freq_imp,no_samp,max_abs_scale,k_best_sel",16,"(16, 4)",75675,0.10504908835904626,0.8791935483870981,0.0662618769878064,0.1872571217161796,0.2449999999999997,0.22819593787335715,0.0771428571428573,0.15940143135979154,0.3569047619047617
"count_enc,mean_imp,no_samp,no_scale,no_sel",16,"(16, 4)",75675,0.08648901355773739,0.9013596374300192,0.05313113789768587,0.17268539122397425,0.2920000000000001,0.2599999999999999,0.10142857142857142,0.18838709677419327,0.41904761904761856
"loo_enc,mean_imp,no_samp,k_best_sel,no_scale",16,"(16, 4)",75675,0.007620383356708781,1.0082414804328028,0.008295197359893923,0.03562600095276588,0.29100000000000026,0.2793959007551242,0.04571428571428578,0.17885679164105703,0.4545238095238097
"loo_enc,mean_imp,no_samp,no_scale,k_best_sel",17,"(16, 4)",75675,0.007620383356708781,1.0082414804328028,0.008295197359893923,0.03562600095276588,0.29100000000000026,0.2793959007551242,0.04571428571428578,0.17885679164105703,0.4545238095238097
"count_enc,mean_imp,no_samp,no_scale,k_best_sel",17,"(16, 4)",75675,0.07517531556802225,0.915656963021242,0.040279564103331084,0.15325329002676644,0.2880000000000002,0.2626728110599076,0.08571428571428573,0.1836734693877554,0.4228571428571433
"loo_enc,mean_imp,no_samp,max_abs_scale,k_best_sel",17,"(16, 4)",75675,0.11005142589995304,0.8732295761753471,0.06923299334988374,0.1994025500048623,0.24600000000000036,0.2278177458033572,0.08000000000000004,0.16036505867014322,0.3566666666666665
"ordinal_enc,most_freq_imp,no_samp,k_best_sel,max_abs_scale",17,"(16, 4)",75675,0.10584385226741476,0.8792855238603039,0.06418807764783308,0.20607769770643344,0.2680000000000003,0.2440758293838865,0.08857142857142862,0.17357512953367876,0.38761904761904736
"count_enc,mean_imp,no_samp,k_best_sel,no_scale",17,"(16, 4)",75675,0.07517531556802225,0.915656963021242,0.040279564103331084,0.15325329002676644,0.2880000000000002,0.2626728110599076,0.08571428571428573,0.1836734693877554,0.4228571428571433
"count_enc,mean_imp,no_samp,no_scale,no_sel",17,"(16, 4)",75675,0.08648901355773739,0.9013596374300192,0.05313113789768587,0.17268539122397425,0.2920000000000001,0.2599999999999999,0.10142857142857142,0.18838709677419327,0.41904761904761856
"loo_enc,most_freq_imp,no_samp,no_scale,k_best_sel",17,"(16, 4)",75675,0.025666199158485375,1.0281105990783403,0.015274329754035422,0.08842865993319884,0.2850000000000001,0.27470141150922905,0.04571428571428578,0.17581739666872306,0.4445238095238092
"woe_enc,mean_imp,no_samp,k_best_sel,max_abs_scale",17,"(16, 4)",75675,0.11173445535296883,0.8645047905210039,0.059073370621840586,0.20245201512926192,0.24000000000000016,0.20886075949367106,0.107142857142857,0.16107382550335572,0.3285714285714289
"loo_enc,most_freq_imp,no_samp,max_abs_scale,k_best_sel",17,"(16, 4)",75675,0.10504908835904626,0.8791935483870981,0.0662618769878064,0.1872571217161796,0.2449999999999997,0.22819593787335715,0.0771428571428573,0.15940143135979154,0.3569047619047617
"ordinal_enc,most_freq_imp,no_samp,k_best_sel,max_abs_scale",18,"(16, 4)",75675,0.10584385226741476,0.8792855238603039,0.06418807764783308,0.20607769770643344,0.2680000000000003,0.2440758293838865,0.08857142857142862,0.17357512953367876,0.38761904761904736
"loo_enc,most_freq_imp,no_samp,max_abs_scale,k_best_sel",18,"(16, 4)",75675,0.10504908835904626,0.8791935483870981,0.0662618769878064,0.1872571217161796,0.2449999999999997,0.22819593787335715,0.0771428571428573,0.15940143135979154,0.3569047619047617
"woe_enc,most_freq_imp,no_samp,max_abs_scale,k_best_sel",18,"(16, 4)",75675,0.1070593735390368,0.8699454793275778,0.0520942382276992,0.19547288273512053,0.24000000000000016,0.20886075949367106,0.107142857142857,0.16107382550335572,0.3285714285714289
"loo_enc,mean_imp,no_samp,k_best_sel,max_abs_scale",18,"(16, 4)",75675,0.11005142589995304,0.8732295761753471,0.06923299334988374,0.1994025500048623,0.24600000000000036,0.2278177458033572,0.08000000000000004,0.16036505867014322,0.3566666666666665
"loo_enc,mean_imp,no_samp,max_abs_scale,k_best_sel",18,"(16, 4)",75675,0.11005142589995304,0.8732295761753471,0.06923299334988374,0.1994025500048623,0.24600000000000036,0.2278177458033572,0.08000000000000004,0.16036505867014322,0.3566666666666665
"loo_enc,most_freq_imp,no_samp,no_scale,k_best_sel",18,"(16, 4)",75675,0.025666199158485375,1.0281105990783403,0.015274329754035422,0.08842865993319884,0.2850000000000001,0.27470141150922905,0.04571428571428578,0.17581739666872306,0.4445238095238092
"woe_enc,mean_imp,no_samp,k_best_sel,max_abs_scale",18,"(16, 4)",75675,0.11173445535296883,0.8645047905210039,0.059073370621840586,0.20245201512926192,0.24000000000000016,0.20886075949367106,0.107142857142857,0.16107382550335572,0.3285714285714289
"count_enc,mean_imp,no_samp,no_scale,k_best_sel",18,"(16, 4)",75675,0.07517531556802225,0.915656963021242,0.040279564103331084,0.15325329002676644,0.2880000000000002,0.2626728110599076,0.08571428571428573,0.1836734693877554,0.4228571428571433
"count_enc,median_imp,no_samp,k_best_sel,no_scale",18,"(16, 4)",75675,0.05970079476390833,0.9325801172060596,0.035304439725221584,0.10898713341848247,0.2850000000000001,0.26066897347174145,0.08428571428571444,0.18187619655392476,0.4188095238095241
"loo_enc,mean_imp,no_samp,max_abs_scale,k_best_sel",19,"(16, 4)",75675,0.11005142589995304,0.8732295761753471,0.06923299334988374,0.1994025500048623,0.24600000000000036,0.2278177458033572,0.08000000000000004,0.16036505867014322,0.3566666666666665
"loo_enc,most_freq_imp,no_samp,max_abs_scale,k_best_sel",19,"(16, 4)",75675,0.10504908835904626,0.8791935483870981,0.0662618769878064,0.1872571217161796,0.2449999999999997,0.22819593787335715,0.0771428571428573,0.15940143135979154,0.3569047619047617
"woe_enc,most_freq_imp,no_samp,max_abs_scale,k_best_sel",19,"(16, 4)",75675,0.1070593735390368,0.8699454793275778,0.0520942382276992,0.19547288273512053,0.24000000000000016,0.20886075949367106,0.107142857142857,0.16107382550335572,0.3285714285714289
"loo_enc,mean_imp,no_samp,k_best_sel,max_abs_scale",19,"(16, 4)",75675,0.11005142589995304,0.8732295761753471,0.06923299334988374,0.1994025500048623,0.24600000000000036,0.2278177458033572,0.08000000000000004,0.16036505867014322,0.3566666666666665
"count_enc,median_imp,no_samp,k_best_sel,no_scale",19,"(16, 4)",75675,0.05970079476390833,0.9325801172060596,0.035304439725221584,0.10898713341848247,0.2850000000000001,0.26066897347174145,0.08428571428571444,0.18187619655392476,0.4188095238095241
"ordinal_enc,most_freq_imp,no_samp,k_best_sel,max_abs_scale",19,"(16, 4)",75675,0.10584385226741476,0.8792855238603039,0.06418807764783308,0.20607769770643344,0.2680000000000003,0.2440758293838865,0.08857142857142862,0.17357512953367876,0.38761904761904736
"woe_enc,mean_imp,no_samp,k_best_sel,max_abs_scale",19,"(16, 4)",75675,0.11173445535296883,0.8645047905210039,0.059073370621840586,0.20245201512926192,0.24000000000000016,0.20886075949367106,0.107142857142857,0.16107382550335572,0.3285714285714289
"loo_enc,most_freq_imp,no_samp,no_scale,k_best_sel",19,"(16, 4)",75675,0.025666199158485375,1.0281105990783403,0.015274329754035422,0.08842865993319884,0.2850000000000001,0.27470141150922905,0.04571428571428578,0.17581739666872306,0.4445238095238092
"count_enc,mean_imp,no_samp,no_scale,k_best_sel",19,"(16, 4)",75675,0.07517531556802225,0.915656963021242,0.040279564103331084,0.15325329002676644,0.2880000000000002,0.2626728110599076,0.08571428571428573,0.1836734693877554,0.4228571428571433
"woe_enc,most_freq_imp,no_samp,max_abs_scale,k_best_sel",20,"(16, 4)",75675,0.1070593735390368,0.8699454793275778,0.0520942382276992,0.19547288273512053,0.24000000000000016,0.20886075949367106,0.107142857142857,0.16107382550335572,0.3285714285714289
"loo_enc,mean_imp,no_samp,max_abs_scale,k_best_sel",20,"(16, 4)",75675,0.11005142589995304,0.8732295761753471,0.06923299334988374,0.1994025500048623,0.24600000000000036,0.2278177458033572,0.08000000000000004,0.16036505867014322,0.3566666666666665
"woe_enc,mean_imp,no_samp,k_best_sel,max_abs_scale",20,"(16, 4)",75675,0.11173445535296883,0.8645047905210039,0.059073370621840586,0.20245201512926192,0.24000000000000016,0.20886075949367106,0.107142857142857,0.16107382550335572,0.3285714285714289
"count_enc,mean_imp,no_samp,no_scale,k_best_sel",20,"(16, 4)",75675,0.07517531556802225,0.915656963021242,0.040279564103331084,0.15325329002676644,0.2880000000000002,0.2626728110599076,0.08571428571428573,0.1836734693877554,0.4228571428571433
"ordinal_enc,most_freq_imp,no_samp,k_best_sel,max_abs_scale",20,"(16, 4)",75675,0.10584385226741476,0.8792855238603039,0.06418807764783308,0.20607769770643344,0.2680000000000003,0.2440758293838865,0.08857142857142862,0.17357512953367876,0.38761904761904736
"loo_enc,most_freq_imp,no_samp,no_scale,k_best_sel",20,"(16, 4)",75675,0.025666199158485375,1.0281105990783403,0.015274329754035422,0.08842865993319884,0.2850000000000001,0.27470141150922905,0.04571428571428578,0.17581739666872306,0.4445238095238092
"count_enc,median_imp,no_samp,k_best_sel,no_scale",20,"(16, 4)",75675,0.05970079476390833,0.9325801172060596,0.035304439725221584,0.10898713341848247,0.2850000000000001,0.26066897347174145,0.08428571428571444,0.18187619655392476,0.4188095238095241
"woe_enc,most_freq_imp,under_samp,max_abs_scale,k_best_sel",20,"(16, 4)",75675,0.11947519791097225,0.771421875639251,0.08032794753007833,0.16585904292370912,0.276640625,0.2668120441744237,0.2977083333333333,0.28264451812011443,0.276640625
"loo_enc,most_freq_imp,no_samp,max_abs_scale,k_best_sel",20,"(16, 4)",75675,0.10504908835904626,0.8791935483870981,0.0662618769878064,0.1872571217161796,0.2449999999999997,0.22819593787335715,0.0771428571428573,0.15940143135979154,0.3569047619047617
"count_enc,median_imp,under_samp,k_best_sel,max_abs_scale",0,"(20, 0)",75675,0.206987667415878,0.6380090963851409,0.2080042446945573,0.3613474948506649,0.33401041666666664,0.33391303152740953,0.33401041666666664,0.3340547401442879,0.3340104166666667
"target_enc,median_imp,min_max_scale,k_best_sel,over_samp",0,"(20, 0)",75675,0.12356050621667695,0.7628886021176084,0.06451226457890909,0.16460397631711568,0.2668080357142857,0.2565728847913056,0.2876562500000001,0.27247334584983274,0.2668080357142857
"onehot_enc,median_imp,no_samp,max_abs_scale,no_sel",0,"(20, 0)",75675,0.10869565217391307,0.8655913978494633,0.06694982003808607,0.18415045407430294,0.2449999999999997,0.20645161290322592,0.12142857142857165,0.16610169491525414,0.3273809523809525
"woe_enc,mean_imp,over_samp,no_sel,min_max_scale",0,"(20, 0)",75675,0.11108500276190726,0.78793880344042,0.06499410512567426,0.13859701098632224,0.2536160714285714,0.24640889167012345,0.2677232142857142,0.2572379099490092,0.2536160714285714
"target_enc,mean_imp,over_samp,max_abs_scale,k_best_sel",0,"(20, 0)",75675,0.12968133338766338,0.7525384996192674,0.07485976305845522,0.1817891596813072,0.2711607142857143,0.2613314943005489,0.2916294642857145,0.27683019241710594,0.27116071428571425
"woe_enc,most_freq_imp,max_abs_scale,under_samp,k_best_sel",0,"(20, 0)",75675,0.12195994624078085,0.7660046172713562,0.08190028802849081,0.1713183076259739,0.27841145833333336,0.26860585027293565,0.2996354166666667,0.2845126113488684,0.2784114583333333
"onehot_enc,most_freq_imp,no_sel,over_samp,norm_scale",0,"(20, 0)",75675,0.34894515390294656,-1.0,0.5855876865671639,0.8829219605010509,0.45703125,0.4400291648356204,0.5987723214285715,0.532554104649092,0.45703125
"count_enc,most_freq_imp,no_samp,min_max_scale,k_best_sel",0,"(20, 0)",75675,0.0909770920991119,0.8982590055941857,0.05320092922162724,0.1910557733543907,0.2940000000000004,0.2655889145496534,0.0914285714285714,0.18773946360153268,0.4290476190476191
"loo_enc,most_freq_imp,no_samp,no_scale,k_best_sel",0,"(20, 0)",75675,0.025666199158485375,1.0281105990783403,0.015274329754035422,0.08842865993319884,0.2850000000000001,0.27470141150922905,0.04571428571428578,0.17581739666872306,0.4445238095238092
"woe_enc,mean_imp,over_samp,min_max_scale,no_sel",1,"(20, 0)",75675,0.1152526309141747,0.7808108216018486,0.0668242579686737,0.14232792732856522,0.2536383928571428,0.2470162788823489,0.26665178571428577,0.2569816222357749,0.2536383928571428
"onehot_enc,median_imp,no_samp,no_sel,max_abs_scale",1,"(20, 0)",75675,0.10869565217391307,0.8655913978494633,0.06694982003808607,0.18415045407430294,0.2449999999999997,0.20645161290322592,0.12142857142857165,0.16610169491525414,0.3273809523809525
"loo_enc,most_freq_imp,over_samp,no_scale,k_best_sel",1,"(20, 0)",75675,0.16368246882754778,0.7115413424290827,0.13166662927845746,0.2659274185919584,0.319140625,0.320989258228653,0.3083482142857143,0.3153373988979811,0.319140625
"target_enc,median_imp,min_max_scale,k_best_sel,no_samp",1,"(20, 0)",75675,0.10752688172043004,0.8709677419354824,0.0641182863238915,0.18520959714573712,0.2379999999999999,0.21124999999999985,0.09857142857142856,0.1586666666666669,0.3309523809523811
"count_enc,most_freq_imp,no_samp,min_max_scale,k_best_sel",1,"(20, 0)",75675,0.0909770920991119,0.8982590055941857,0.05320092922162724,0.1910557733543907,0.2940000000000004,0.2655889145496534,0.0914285714285714,0.18773946360153268,0.4290476190476191
"woe_enc,most_freq_imp,max_abs_scale,under_samp,k_best_sel",1,"(20, 0)",75675,0.12195994624078085,0.7660046172713562,0.08190028802849081,0.1713183076259739,0.27841145833333336,0.26860585027293565,0.2996354166666667,0.2845126113488684,0.2784114583333333
"woe_enc,mean_imp,over_samp,no_sel,min_max_scale",1,"(20, 0)",75675,0.11108500276190726,0.78793880344042,0.06499410512567426,0.13859701098632224,0.2536160714285714,0.24640889167012345,0.2677232142857142,0.2572379099490092,0.2536160714285714
"onehot_enc,median_imp,no_samp,max_abs_scale,no_sel",1,"(20, 0)",75675,0.10869565217391307,0.8655913978494633,0.06694982003808607,0.18415045407430294,0.2449999999999997,0.20645161290322592,0.12142857142857165,0.16610169491525414,0.3273809523809525
"loo_enc,most_freq_imp,no_samp,no_scale,k_best_sel",1,"(20, 0)",75675,0.025666199158485375,1.0281105990783403,0.015274329754035422,0.08842865993319884,0.2850000000000001,0.27470141150922905,0.04571428571428578,0.17581739666872306,0.4445238095238092
"onehot_enc,median_imp,no_samp,max_abs_scale,no_sel",2,"(20, 0)",75675,0.10869565217391307,0.8655913978494633,0.06694982003808607,0.18415045407430294,0.2449999999999997,0.20645161290322592,0.12142857142857165,0.16610169491525414,0.3273809523809525
"woe_enc,mean_imp,over_samp,min_max_scale,no_sel",2,"(20, 0)",75675,0.1152526309141747,0.7808108216018486,0.0668242579686737,0.14232792732856522,0.2536383928571428,0.2470162788823489,0.26665178571428577,0.2569816222357749,0.2536383928571428
"onehot_enc,median_imp,no_samp,no_sel,max_abs_scale",2,"(20, 0)",75675,0.10869565217391307,0.8655913978494633,0.06694982003808607,0.18415045407430294,0.2449999999999997,0.20645161290322592,0.12142857142857165,0.16610169491525414,0.3273809523809525
"count_enc,most_freq_imp,no_samp,min_max_scale,k_best_sel",2,"(20, 0)",75675,0.0909770920991119,0.8982590055941857,0.05320092922162724,0.1910557733543907,0.2940000000000004,0.2655889145496534,0.0914285714285714,0.18773946360153268,0.4290476190476191
"loo_enc,most_freq_imp,over_samp,k_best_sel,no_scale",2,"(20, 0)",75675,0.166239129340454,0.7079370080024489,0.14171953982592048,0.2736087415006361,0.3218973214285716,0.3243430918877112,0.30988839285714304,0.3177832296654524,0.3218973214285716
"ordinal_enc,mean_imp,over_samp,no_sel,min_max_scale",2,"(20, 0)",75675,0.1389167818169054,0.7459164711864436,0.10283813896449616,0.20295986287765588,0.28624999999999995,0.2857531501267073,0.2872321428571429,0.2865201381567561,0.28624999999999995
"loo_enc,most_freq_imp,no_samp,no_scale,k_best_sel",2,"(20, 0)",75675,0.025666199158485375,1.0281105990783403,0.015274329754035422,0.08842865993319884,0.2850000000000001,0.27470141150922905,0.04571428571428578,0.17581739666872306,0.4445238095238092
"woe_enc,mean_imp,over_samp,no_sel,min_max_scale",2,"(20, 0)",75675,0.11108500276190726,0.78793880344042,0.06499410512567426,0.13859701098632224,0.2536160714285714,0.24640889167012345,0.2677232142857142,0.2572379099490092,0.2536160714285714
"loo_enc,most_freq_imp,over_samp,no_scale,k_best_sel",2,"(20, 0)",75675,0.16368246882754778,0.7115413424290827,0.13166662927845746,0.2659274185919584,0.319140625,0.320989258228653,0.3083482142857143,0.3153373988979811,0.319140625
"onehot_enc,median_imp,no_samp,no_sel,no_scale",3,"(20, 0)",75675,0.1191678354371202,0.8539506102102783,0.07392895243222772,0.21207199484540776,0.24900000000000025,0.21052631578947384,0.12142857142857165,0.16835699797160264,0.3340476190476192
"loo_enc,most_freq_imp,no_samp,max_abs_scale,k_best_sel",3,"(20, 0)",75675,0.10504908835904626,0.8791935483870981,0.0662618769878064,0.1872571217161796,0.2449999999999997,0.22819593787335715,0.0771428571428573,0.15940143135979154,0.3569047619047617
"loo_enc,most_freq_imp,over_samp,no_scale,k_best_sel",3,"(20, 0)",75675,0.16368246882754778,0.7115413424290827,0.13166662927845746,0.2659274185919584,0.319140625,0.320989258228653,0.3083482142857143,0.3153373988979811,0.319140625
"woe_enc,mean_imp,over_samp,no_sel,min_max_scale",3,"(20, 0)",75675,0.11108500276190726,0.78793880344042,0.06499410512567426,0.13859701098632224,0.2536160714285714,0.24640889167012345,0.2677232142857142,0.2572379099490092,0.2536160714285714
"count_enc,most_freq_imp,no_samp,min_max_scale,k_best_sel",3,"(20, 0)",75675,0.0909770920991119,0.8982590055941857,0.05320092922162724,0.1910557733543907,0.2940000000000004,0.2655889145496534,0.0914285714285714,0.18773946360153268,0.4290476190476191
"onehot_enc,median_imp,no_samp,no_sel,max_abs_scale",3,"(20, 0)",75675,0.10869565217391307,0.8655913978494633,0.06694982003808607,0.18415045407430294,0.2449999999999997,0.20645161290322592,0.12142857142857165,0.16610169491525414,0.3273809523809525
"loo_enc,most_freq_imp,over_samp,k_best_sel,no_scale",3,"(20, 0)",75675,0.166239129340454,0.7079370080024489,0.14171953982592048,0.2736087415006361,0.3218973214285716,0.3243430918877112,0.30988839285714304,0.3177832296654524,0.3218973214285716
"loo_enc,most_freq_imp,no_samp,no_scale,k_best_sel",3,"(20, 0)",75675,0.025666199158485375,1.0281105990783403,0.015274329754035422,0.08842865993319884,0.2850000000000001,0.27470141150922905,0.04571428571428578,0.17581739666872306,0.4445238095238092
"woe_enc,mean_imp,over_samp,min_max_scale,no_sel",3,"(20, 0)",75675,0.1152526309141747,0.7808108216018486,0.0668242579686737,0.14232792732856522,0.2536383928571428,0.2470162788823489,0.26665178571428577,0.2569816222357749,0.2536383928571428
"woe_enc,mean_imp,over_samp,min_max_scale,no_sel",4,"(20, 0)",75675,0.1152526309141747,0.7808108216018486,0.0668242579686737,0.14232792732856522,0.2536383928571428,0.2470162788823489,0.26665178571428577,0.2569816222357749,0.2536383928571428
"woe_enc,mean_imp,over_samp,no_sel,min_max_scale",4,"(20, 0)",75675,0.11108500276190726,0.78793880344042,0.06499410512567426,0.13859701098632224,0.2536160714285714,0.24640889167012345,0.2677232142857142,0.2572379099490092,0.2536160714285714
"count_enc,most_freq_imp,no_samp,min_max_scale,no_sel",4,"(20, 0)",75675,0.08517999064983636,0.9041204020417836,0.04622179682748583,0.1775441466041324,0.28999999999999954,0.2621809744779585,0.0914285714285714,0.18565941101152345,0.4223809523809517
"woe_enc,mean_imp,over_samp,min_max_scale,k_best_sel",4,"(20, 0)",75675,0.12989404256228956,0.7492565376002555,0.07982195734753092,0.17813811552435202,0.2664955357142857,0.25350747389051803,0.29267857142857145,0.2736467903315564,0.2664955357142857
"loo_enc,most_freq_imp,over_samp,k_best_sel,no_scale",4,"(20, 0)",75675,0.166239129340454,0.7079370080024489,0.14171953982592048,0.2736087415006361,0.3218973214285716,0.3243430918877112,0.30988839285714304,0.3177832296654524,0.3218973214285716
"loo_enc,most_freq_imp,no_samp,max_abs_scale,k_best_sel",4,"(20, 0)",75675,0.10504908835904626,0.8791935483870981,0.0662618769878064,0.1872571217161796,0.2449999999999997,0.22819593787335715,0.0771428571428573,0.15940143135979154,0.3569047619047617
"loo_enc,most_freq_imp,no_samp,no_scale,k_best_sel",4,"(20, 0)",75675,0.025666199158485375,1.0281105990783403,0.015274329754035422,0.08842865993319884,0.2850000000000001,0.27470141150922905,0.04571428571428578,0.17581739666872306,0.4445238095238092
"onehot_enc,median_imp,no_samp,no_sel,max_abs_scale",4,"(20, 0)",75675,0.10869565217391307,0.8655913978494633,0.06694982003808607,0.18415045407430294,0.2449999999999997,0.20645161290322592,0.12142857142857165,0.16610169491525414,0.3273809523809525
"count_enc,most_freq_imp,no_samp,min_max_scale,k_best_sel",4,"(20, 0)",75675,0.0909770920991119,0.8982590055941857,0.05320092922162724,0.1910557733543907,0.2940000000000004,0.2655889145496534,0.0914285714285714,0.18773946360153268,0.4290476190476191
"woe_enc,mean_imp,over_samp,min_max_scale,no_sel",5,"(20, 0)",75675,0.1152526309141747,0.7808108216018486,0.0668242579686737,0.14232792732856522,0.2536383928571428,0.2470162788823489,0.26665178571428577,0.2569816222357749,0.2536383928571428
"count_enc,most_freq_imp,no_samp,min_max_scale,no_sel",5,"(20, 0)",75675,0.08517999064983636,0.9041204020417836,0.04622179682748583,0.1775441466041324,0.28999999999999954,0.2621809744779585,0.0914285714285714,0.18565941101152345,0.4223809523809517
"count_enc,most_freq_imp,no_samp,min_max_scale,k_best_sel",5,"(20, 0)",75675,0.0909770920991119,0.8982590055941857,0.05320092922162724,0.1910557733543907,0.2940000000000004,0.2655889145496534,0.0914285714285714,0.18773946360153268,0.4290476190476191
"loo_enc,most_freq_imp,no_samp,max_abs_scale,k_best_sel",5,"(20, 0)",75675,0.10504908835904626,0.8791935483870981,0.0662618769878064,0.1872571217161796,0.2449999999999997,0.22819593787335715,0.0771428571428573,0.15940143135979154,0.3569047619047617
"loo_enc,most_freq_imp,no_samp,no_scale,k_best_sel",5,"(20, 0)",75675,0.025666199158485375,1.0281105990783403,0.015274329754035422,0.08842865993319884,0.2850000000000001,0.27470141150922905,0.04571428571428578,0.17581739666872306,0.4445238095238092
"woe_enc,mean_imp,over_samp,no_sel,min_max_scale",5,"(20, 0)",75675,0.11108500276190726,0.78793880344042,0.06499410512567426,0.13859701098632224,0.2536160714285714,0.24640889167012345,0.2677232142857142,0.2572379099490092,0.2536160714285714
"woe_enc,mean_imp,over_samp,min_max_scale,k_best_sel",5,"(20, 0)",75675,0.12989404256228956,0.7492565376002555,0.07982195734753092,0.17813811552435202,0.2664955357142857,0.25350747389051803,0.29267857142857145,0.2736467903315564,0.2664955357142857
"onehot_enc,median_imp,no_samp,no_sel,max_abs_scale",5,"(20, 0)",75675,0.10869565217391307,0.8655913978494633,0.06694982003808607,0.18415045407430294,0.2449999999999997,0.20645161290322592,0.12142857142857165,0.16610169491525414,0.3273809523809525
"woe_enc,median_imp,over_samp,no_sel,min_max_scale",5,"(20, 0)",75675,0.11396899549922015,0.7831043161001396,0.07201638974466346,0.1448620230620763,0.2544308035714286,0.2473968486933942,0.26823660714285713,0.2579851745066798,0.2544308035714286
"count_enc,most_freq_imp,no_samp,max_abs_scale,no_sel",6,"(20, 0)",75675,0.08274894810659195,0.9076103977450672,0.045254688481440514,0.1739352206875982,0.2920000000000001,0.2655172413793103,0.08714285714285719,0.18598726114649708,0.4285714285714281
"loo_enc,most_freq_imp,no_samp,min_max_scale,k_best_sel",6,"(20, 0)",75675,0.10930341280972412,0.868607395751376,0.060110270291827465,0.19561149513451945,0.24000000000000016,0.211779448621554,0.10142857142857142,0.16021361815754348,0.3323809523809519
"loo_enc,most_freq_imp,no_samp,no_scale,k_best_sel",6,"(20, 0)",75675,0.025666199158485375,1.0281105990783403,0.015274329754035422,0.08842865993319884,0.2850000000000001,0.27470141150922905,0.04571428571428578,0.17581739666872306,0.4445238095238092
"loo_enc,most_freq_imp,no_samp,max_abs_scale,k_best_sel",6,"(20, 0)",75675,0.10504908835904626,0.8791935483870981,0.0662618769878064,0.1872571217161796,0.2449999999999997,0.22819593787335715,0.0771428571428573,0.15940143135979154,0.3569047619047617
"woe_enc,median_imp,over_samp,no_sel,min_max_scale",6,"(20, 0)",75675,0.11396899549922015,0.7831043161001396,0.07201638974466346,0.1448620230620763,0.2544308035714286,0.2473968486933942,0.26823660714285713,0.2579851745066798,0.2544308035714286
"count_enc,most_freq_imp,no_samp,min_max_scale,no_sel",6,"(20, 0)",75675,0.08517999064983636,0.9041204020417836,0.04622179682748583,0.1775441466041324,0.28999999999999954,0.2621809744779585,0.0914285714285714,0.18565941101152345,0.4223809523809517
"onehot_enc,median_imp,no_samp,no_sel,max_abs_scale",6,"(20, 0)",75675,0.10869565217391307,0.8655913978494633,0.06694982003808607,0.18415045407430294,0.2449999999999997,0.20645161290322592,0.12142857142857165,0.16610169491525414,0.3273809523809525
"woe_enc,mean_imp,over_samp,no_sel,min_max_scale",6,"(20, 0)",75675,0.11108500276190726,0.78793880344042,0.06499410512567426,0.13859701098632224,0.2536160714285714,0.24640889167012345,0.2677232142857142,0.2572379099490092,0.2536160714285714
"woe_enc,mean_imp,over_samp,min_max_scale,no_sel",6,"(20, 0)",75675,0.1152526309141747,0.7808108216018486,0.0668242579686737,0.14232792732856522,0.2536383928571428,0.2470162788823489,0.26665178571428577,0.2569816222357749,0.2536383928571428
"loo_enc,mean_imp,no_samp,no_scale,k_best_sel",7,"(20, 0)",75675,0.007620383356708781,1.0082414804328028,0.008295197359893923,0.03562600095276588,0.29100000000000026,0.2793959007551242,0.04571428571428578,0.17885679164105703,0.4545238095238097
"woe_enc,most_freq_imp,over_samp,no_sel,min_max_scale",7,"(20, 0)",75675,0.11321153864865735,0.7842523463270527,0.06652826797874355,0.14441030872092545,0.25493303571428577,0.24782410593884865,0.26888392857142857,0.25852879453341604,0.2549330357142858
"woe_enc,median_imp,over_samp,no_sel,max_abs_scale",7,"(20, 0)",75675,0.11395345951309575,0.7830457279191004,0.07000942182873211,0.14254195549257245,0.2526450892857143,0.24601149119082225,0.265625,0.2559668100688601,0.2526450892857143
"count_enc,most_freq_imp,no_samp,min_max_scale,no_sel",7,"(20, 0)",75675,0.08517999064983636,0.9041204020417836,0.04622179682748583,0.1775441466041324,0.28999999999999954,0.2621809744779585,0.0914285714285714,0.18565941101152345,0.4223809523809517
"count_enc,most_freq_imp,no_samp,max_abs_scale,no_sel",7,"(20, 0)",75675,0.08274894810659195,0.9076103977450672,0.045254688481440514,0.1739352206875982,0.2920000000000001,0.2655172413793103,0.08714285714285719,0.18598726114649708,0.4285714285714281
"woe_enc,median_imp,over_samp,no_sel,min_max_scale",7,"(20, 0)",75675,0.11396899549922015,0.7831043161001396,0.07201638974466346,0.1448620230620763,0.2544308035714286,0.2473968486933942,0.26823660714285713,0.2579851745066798,0.2544308035714286
"loo_enc,most_freq_imp,no_samp,max_abs_scale,k_best_sel",7,"(20, 0)",75675,0.10504908835904626,0.8791935483870981,0.0662618769878064,0.1872571217161796,0.2449999999999997,0.22819593787335715,0.0771428571428573,0.15940143135979154,0.3569047619047617
"ordinal_enc,most_freq_imp,no_samp,min_max_scale,k_best_sel",7,"(20, 0)",75675,0.10327255726975236,0.8814341688583549,0.0561720455837048,0.20723597756891024,0.2710000000000004,0.24433849821215714,0.0942857142857143,0.17608836907082542,0.3888095238095239
"loo_enc,most_freq_imp,no_samp,no_scale,k_best_sel",7,"(20, 0)",75675,0.025666199158485375,1.0281105990783403,0.015274329754035422,0.08842865993319884,0.2850000000000001,0.27470141150922905,0.04571428571428578,0.17581739666872306,0.4445238095238092
"loo_enc,most_freq_imp,no_samp,no_scale,k_best_sel",8,"(20, 0)",75675,0.025666199158485375,1.0281105990783403,0.015274329754035422,0.08842865993319884,0.2850000000000001,0.27470141150922905,0.04571428571428578,0.17581739666872306,0.4445238095238092
"loo_enc,mean_imp,no_samp,max_abs_scale,k_best_sel",8,"(20, 0)",75675,0.11005142589995304,0.8732295761753471,0.06923299334988374,0.1994025500048623,0.24600000000000036,0.2278177458033572,0.08000000000000004,0.16036505867014322,0.3566666666666665
"loo_enc,mean_imp,no_samp,k_best_sel,no_scale",8,"(20, 0)",75675,0.007620383356708781,1.0082414804328028,0.008295197359893923,0.03562600095276588,0.29100000000000026,0.2793959007551242,0.04571428571428578,0.17885679164105703,0.4545238095238097
"woe_enc,median_imp,over_samp,max_abs_scale,no_sel",8,"(20, 0)",75675,0.11618360042838034,0.7790652047028138,0.06853990942083173,0.14592843064001576,0.2526450892857144,0.2456007592015841,0.2663616071428572,0.25614993821114823,0.2526450892857144
"ordinal_enc,most_freq_imp,no_samp,min_max_scale,k_best_sel",8,"(20, 0)",75675,0.10327255726975236,0.8814341688583549,0.0561720455837048,0.20723597756891024,0.2710000000000004,0.24433849821215714,0.0942857142857143,0.17608836907082542,0.3888095238095239
"count_enc,most_freq_imp,no_samp,max_abs_scale,no_sel",8,"(20, 0)",75675,0.08274894810659195,0.9076103977450672,0.045254688481440514,0.1739352206875982,0.2920000000000001,0.2655172413793103,0.08714285714285719,0.18598726114649708,0.4285714285714281
"loo_enc,most_freq_imp,no_samp,max_abs_scale,k_best_sel",8,"(20, 0)",75675,0.10504908835904626,0.8791935483870981,0.0662618769878064,0.1872571217161796,0.2449999999999997,0.22819593787335715,0.0771428571428573,0.15940143135979154,0.3569047619047617
"loo_enc,mean_imp,no_samp,no_scale,k_best_sel",8,"(20, 0)",75675,0.007620383356708781,1.0082414804328028,0.008295197359893923,0.03562600095276588,0.29100000000000026,0.2793959007551242,0.04571428571428578,0.17885679164105703,0.4545238095238097
"count_enc,most_freq_imp,no_samp,min_max_scale,no_sel",8,"(20, 0)",75675,0.08517999064983636,0.9041204020417836,0.04622179682748583,0.1775441466041324,0.28999999999999954,0.2621809744779585,0.0914285714285714,0.18565941101152345,0.4223809523809517
"loo_enc,most_freq_imp,no_samp,no_scale,k_best_sel",9,"(20, 0)",75675,0.025666199158485375,1.0281105990783403,0.015274329754035422,0.08842865993319884,0.2850000000000001,0.27470141150922905,0.04571428571428578,0.17581739666872306,0.4445238095238092
"loo_enc,mean_imp,no_samp,max_abs_scale,k_best_sel",9,"(20, 0)",75675,0.11005142589995304,0.8732295761753471,0.06923299334988374,0.1994025500048623,0.24600000000000036,0.2278177458033572,0.08000000000000004,0.16036505867014322,0.3566666666666665
"loo_enc,most_freq_imp,no_samp,max_abs_scale,no_sel",9,"(20, 0)",75675,0.11683029453015426,0.8649700113470564,0.06819609367989711,0.22194987628232726,0.24900000000000025,0.2279855247285885,0.08571428571428573,0.16285153695225668,0.3578571428571425
"count_enc,mean_imp,no_samp,k_best_sel,no_scale",9,"(20, 0)",75675,0.07517531556802225,0.915656963021242,0.040279564103331084,0.15325329002676644,0.2880000000000002,0.2626728110599076,0.08571428571428573,0.1836734693877554,0.4228571428571433
"loo_enc,mean_imp,no_samp,no_scale,k_best_sel",9,"(20, 0)",75675,0.007620383356708781,1.0082414804328028,0.008295197359893923,0.03562600095276588,0.29100000000000026,0.2793959007551242,0.04571428571428578,0.17885679164105703,0.4545238095238097
"loo_enc,most_freq_imp,no_samp,max_abs_scale,k_best_sel",9,"(20, 0)",75675,0.10504908835904626,0.8791935483870981,0.0662618769878064,0.1872571217161796,0.2449999999999997,0.22819593787335715,0.0771428571428573,0.15940143135979154,0.3569047619047617
"ordinal_enc,most_freq_imp,no_samp,min_max_scale,k_best_sel",9,"(20, 0)",75675,0.10327255726975236,0.8814341688583549,0.0561720455837048,0.20723597756891024,0.2710000000000004,0.24433849821215714,0.0942857142857143,0.17608836907082542,0.3888095238095239
"loo_enc,mean_imp,no_samp,k_best_sel,no_scale",9,"(20, 0)",75675,0.007620383356708781,1.0082414804328028,0.008295197359893923,0.03562600095276588,0.29100000000000026,0.2793959007551242,0.04571428571428578,0.17885679164105703,0.4545238095238097
"count_enc,most_freq_imp,no_samp,max_abs_scale,no_sel",9,"(20, 0)",75675,0.08274894810659195,0.9076103977450672,0.045254688481440514,0.1739352206875982,0.2920000000000001,0.2655172413793103,0.08714285714285719,0.18598726114649708,0.4285714285714281
"loo_enc,mean_imp,no_samp,max_abs_scale,k_best_sel",10,"(20, 0)",75675,0.11005142589995304,0.8732295761753471,0.06923299334988374,0.1994025500048623,0.24600000000000036,0.2278177458033572,0.08000000000000004,0.16036505867014322,0.3566666666666665
"loo_enc,most_freq_imp,no_samp,no_scale,k_best_sel",10,"(20, 0)",75675,0.025666199158485375,1.0281105990783403,0.015274329754035422,0.08842865993319884,0.2850000000000001,0.27470141150922905,0.04571428571428578,0.17581739666872306,0.4445238095238092
"loo_enc,mean_imp,no_samp,no_scale,k_best_sel",10,"(20, 0)",75675,0.007620383356708781,1.0082414804328028,0.008295197359893923,0.03562600095276588,0.29100000000000026,0.2793959007551242,0.04571428571428578,0.17885679164105703,0.4545238095238097
"loo_enc,mean_imp,no_samp,k_best_sel,no_scale",10,"(20, 0)",75675,0.007620383356708781,1.0082414804328028,0.008295197359893923,0.03562600095276588,0.29100000000000026,0.2793959007551242,0.04571428571428578,0.17885679164105703,0.4545238095238097
"ordinal_enc,most_freq_imp,no_samp,min_max_scale,k_best_sel",10,"(20, 0)",75675,0.10327255726975236,0.8814341688583549,0.0561720455837048,0.20723597756891024,0.2710000000000004,0.24433849821215714,0.0942857142857143,0.17608836907082542,0.3888095238095239
"count_enc,most_freq_imp,no_samp,max_abs_scale,no_sel",10,"(20, 0)",75675,0.08274894810659195,0.9076103977450672,0.045254688481440514,0.1739352206875982,0.2920000000000001,0.2655172413793103,0.08714285714285719,0.18598726114649708,0.4285714285714281
"loo_enc,most_freq_imp,no_samp,max_abs_scale,no_sel",10,"(20, 0)",75675,0.11683029453015426,0.8649700113470564,0.06819609367989711,0.22194987628232726,0.24900000000000025,0.2279855247285885,0.08571428571428573,0.16285153695225668,0.3578571428571425
"count_enc,mean_imp,no_samp,k_best_sel,no_scale",10,"(20, 0)",75675,0.07517531556802225,0.915656963021242,0.040279564103331084,0.15325329002676644,0.2880000000000002,0.2626728110599076,0.08571428571428573,0.1836734693877554,0.4228571428571433
"loo_enc,most_freq_imp,no_samp,max_abs_scale,k_best_sel",10,"(20, 0)",75675,0.10504908835904626,0.8791935483870981,0.0662618769878064,0.1872571217161796,0.2449999999999997,0.22819593787335715,0.0771428571428573,0.15940143135979154,0.3569047619047617
"count_enc,mean_imp,no_samp,k_best_sel,no_scale",11,"(20, 0)",75675,0.07517531556802225,0.915656963021242,0.040279564103331084,0.15325329002676644,0.2880000000000002,0.2626728110599076,0.08571428571428573,0.1836734693877554,0.4228571428571433
"loo_enc,mean_imp,no_samp,no_scale,k_best_sel",11,"(20, 0)",75675,0.007620383356708781,1.0082414804328028,0.008295197359893923,0.03562600095276588,0.29100000000000026,0.2793959007551242,0.04571428571428578,0.17885679164105703,0.4545238095238097
"ordinal_enc,most_freq_imp,no_samp,min_max_scale,k_best_sel",11,"(20, 0)",75675,0.10327255726975236,0.8814341688583549,0.0561720455837048,0.20723597756891024,0.2710000000000004,0.24433849821215714,0.0942857142857143,0.17608836907082542,0.3888095238095239
"loo_enc,mean_imp,no_samp,k_best_sel,no_scale",11,"(20, 0)",75675,0.007620383356708781,1.0082414804328028,0.008295197359893923,0.03562600095276588,0.29100000000000026,0.2793959007551242,0.04571428571428578,0.17885679164105703,0.4545238095238097
"loo_enc,most_freq_imp,no_samp,max_abs_scale,no_sel",11,"(20, 0)",75675,0.11683029453015426,0.8649700113470564,0.06819609367989711,0.22194987628232726,0.24900000000000025,0.2279855247285885,0.08571428571428573,0.16285153695225668,0.3578571428571425
"loo_enc,most_freq_imp,no_samp,no_scale,k_best_sel",11,"(20, 0)",75675,0.025666199158485375,1.0281105990783403,0.015274329754035422,0.08842865993319884,0.2850000000000001,0.27470141150922905,0.04571428571428578,0.17581739666872306,0.4445238095238092
"count_enc,most_freq_imp,no_samp,max_abs_scale,no_sel",11,"(20, 0)",75675,0.08274894810659195,0.9076103977450672,0.045254688481440514,0.1739352206875982,0.2920000000000001,0.2655172413793103,0.08714285714285719,0.18598726114649708,0.4285714285714281
"loo_enc,mean_imp,no_samp,max_abs_scale,k_best_sel",11,"(20, 0)",75675,0.11005142589995304,0.8732295761753471,0.06923299334988374,0.1994025500048623,0.24600000000000036,0.2278177458033572,0.08000000000000004,0.16036505867014322,0.3566666666666665
"loo_enc,most_freq_imp,no_samp,max_abs_scale,k_best_sel",11,"(20, 0)",75675,0.10504908835904626,0.8791935483870981,0.0662618769878064,0.1872571217161796,0.2449999999999997,0.22819593787335715,0.0771428571428573,0.15940143135979154,0.3569047619047617
"count_enc,mean_imp,no_samp,k_best_sel,no_scale",12,"(20, 0)",75675,0.07517531556802225,0.915656963021242,0.040279564103331084,0.15325329002676644,0.2880000000000002,0.2626728110599076,0.08571428571428573,0.1836734693877554,0.4228571428571433
"count_enc,most_freq_imp,no_samp,max_abs_scale,no_sel",12,"(20, 0)",75675,0.08274894810659195,0.9076103977450672,0.045254688481440514,0.1739352206875982,0.2920000000000001,0.2655172413793103,0.08714285714285719,0.18598726114649708,0.4285714285714281
"loo_enc,mean_imp,no_samp,k_best_sel,no_scale",12,"(20, 0)",75675,0.007620383356708781,1.0082414804328028,0.008295197359893923,0.03562600095276588,0.29100000000000026,0.2793959007551242,0.04571428571428578,0.17885679164105703,0.4545238095238097
"loo_enc,most_freq_imp,no_samp,max_abs_scale,k_best_sel",12,"(20, 0)",75675,0.10504908835904626,0.8791935483870981,0.0662618769878064,0.1872571217161796,0.2449999999999997,0.22819593787335715,0.0771428571428573,0.15940143135979154,0.3569047619047617
"loo_enc,most_freq_imp,no_samp,no_scale,k_best_sel",12,"(20, 0)",75675,0.025666199158485375,1.0281105990783403,0.015274329754035422,0.08842865993319884,0.2850000000000001,0.27470141150922905,0.04571428571428578,0.17581739666872306,0.4445238095238092
"loo_enc,mean_imp,no_samp,no_scale,k_best_sel",12,"(20, 0)",75675,0.007620383356708781,1.0082414804328028,0.008295197359893923,0.03562600095276588,0.29100000000000026,0.2793959007551242,0.04571428571428578,0.17885679164105703,0.4545238095238097
"ordinal_enc,most_freq_imp,no_samp,min_max_scale,k_best_sel",12,"(20, 0)",75675,0.10327255726975236,0.8814341688583549,0.0561720455837048,0.20723597756891024,0.2710000000000004,0.24433849821215714,0.0942857142857143,0.17608836907082542,0.3888095238095239
"loo_enc,mean_imp,no_samp,max_abs_scale,k_best_sel",12,"(20, 0)",75675,0.11005142589995304,0.8732295761753471,0.06923299334988374,0.1994025500048623,0.24600000000000036,0.2278177458033572,0.08000000000000004,0.16036505867014322,0.3566666666666665
"loo_enc,most_freq_imp,no_samp,max_abs_scale,no_sel",12,"(20, 0)",75675,0.11683029453015426,0.8649700113470564,0.06819609367989711,0.22194987628232726,0.24900000000000025,0.2279855247285885,0.08571428571428573,0.16285153695225668,0.3578571428571425
"count_enc,mean_imp,no_samp,k_best_sel,no_scale",13,"(20, 0)",75675,0.07517531556802225,0.915656963021242,0.040279564103331084,0.15325329002676644,0.2880000000000002,0.2626728110599076,0.08571428571428573,0.1836734693877554,0.4228571428571433
"loo_enc,mean_imp,no_samp,k_best_sel,no_scale",13,"(20, 0)",75675,0.007620383356708781,1.0082414804328028,0.008295197359893923,0.03562600095276588,0.29100000000000026,0.2793959007551242,0.04571428571428578,0.17885679164105703,0.4545238095238097
"count_enc,most_freq_imp,no_samp,max_abs_scale,no_sel",13,"(20, 0)",75675,0.08274894810659195,0.9076103977450672,0.045254688481440514,0.1739352206875982,0.2920000000000001,0.2655172413793103,0.08714285714285719,0.18598726114649708,0.4285714285714281
"loo_enc,mean_imp,no_samp,no_scale,k_best_sel",13,"(20, 0)",75675,0.007620383356708781,1.0082414804328028,0.008295197359893923,0.03562600095276588,0.29100000000000026,0.2793959007551242,0.04571428571428578,0.17885679164105703,0.4545238095238097
"loo_enc,most_freq_imp,no_samp,no_scale,k_best_sel",13,"(20, 0)",75675,0.025666199158485375,1.0281105990783403,0.015274329754035422,0.08842865993319884,0.2850000000000001,0.27470141150922905,0.04571428571428578,0.17581739666872306,0.4445238095238092
"loo_enc,mean_imp,no_samp,max_abs_scale,k_best_sel",13,"(20, 0)",75675,0.11005142589995304,0.8732295761753471,0.06923299334988374,0.1994025500048623,0.24600000000000036,0.2278177458033572,0.08000000000000004,0.16036505867014322,0.3566666666666665
"loo_enc,most_freq_imp,no_samp,max_abs_scale,k_best_sel",13,"(20, 0)",75675,0.10504908835904626,0.8791935483870981,0.0662618769878064,0.1872571217161796,0.2449999999999997,0.22819593787335715,0.0771428571428573,0.15940143135979154,0.3569047619047617
"onehot_enc,mean_imp,no_samp,no_scale,k_best_sel",13,"(20, 0)",75675,0.1420289855072464,0.8313253012048202,0.08595300052841995,0.27774895614588496,0.25600000000000017,0.22180451127819545,0.11285714285714298,0.17089452603471314,0.3514285714285709
"ordinal_enc,most_freq_imp,no_samp,min_max_scale,k_best_sel",13,"(20, 0)",75675,0.10327255726975236,0.8814341688583549,0.0561720455837048,0.20723597756891024,0.2710000000000004,0.24433849821215714,0.0942857142857143,0.17608836907082542,0.3888095238095239
"loo_enc,mean_imp,no_samp,k_best_sel,no_scale",14,"(20, 0)",75675,0.007620383356708781,1.0082414804328028,0.008295197359893923,0.03562600095276588,0.29100000000000026,0.2793959007551242,0.04571428571428578,0.17885679164105703,0.4545238095238097
"loo_enc,mean_imp,no_samp,no_scale,k_best_sel",14,"(20, 0)",75675,0.007620383356708781,1.0082414804328028,0.008295197359893923,0.03562600095276588,0.29100000000000026,0.2793959007551242,0.04571428571428578,0.17885679164105703,0.4545238095238097
"ordinal_enc,most_freq_imp,no_samp,k_best_sel,min_max_scale",14,"(20, 0)",75675,0.10327255726975236,0.8814341688583549,0.0561720455837048,0.20723597756891024,0.2710000000000004,0.24433849821215714,0.0942857142857143,0.17608836907082542,0.3888095238095239
"loo_enc,most_freq_imp,no_samp,no_scale,k_best_sel",14,"(20, 0)",75675,0.025666199158485375,1.0281105990783403,0.015274329754035422,0.08842865993319884,0.2850000000000001,0.27470141150922905,0.04571428571428578,0.17581739666872306,0.4445238095238092
"count_enc,most_freq_imp,no_samp,max_abs_scale,no_sel",14,"(20, 0)",75675,0.08274894810659195,0.9076103977450672,0.045254688481440514,0.1739352206875982,0.2920000000000001,0.2655172413793103,0.08714285714285719,0.18598726114649708,0.4285714285714281
"count_enc,mean_imp,no_samp,k_best_sel,no_scale",14,"(20, 0)",75675,0.07517531556802225,0.915656963021242,0.040279564103331084,0.15325329002676644,0.2880000000000002,0.2626728110599076,0.08571428571428573,0.1836734693877554,0.4228571428571433
"ordinal_enc,most_freq_imp,no_samp,min_max_scale,k_best_sel",14,"(20, 0)",75675,0.10327255726975236,0.8814341688583549,0.0561720455837048,0.20723597756891024,0.2710000000000004,0.24433849821215714,0.0942857142857143,0.17608836907082542,0.3888095238095239
"loo_enc,mean_imp,no_samp,max_abs_scale,k_best_sel",14,"(20, 0)",75675,0.11005142589995304,0.8732295761753471,0.06923299334988374,0.1994025500048623,0.24600000000000036,0.2278177458033572,0.08000000000000004,0.16036505867014322,0.3566666666666665
"loo_enc,most_freq_imp,no_samp,max_abs_scale,k_best_sel",14,"(20, 0)",75675,0.10504908835904626,0.8791935483870981,0.0662618769878064,0.1872571217161796,0.2449999999999997,0.22819593787335715,0.0771428571428573,0.15940143135979154,0.3569047619047617
"loo_enc,most_freq_imp,no_samp,max_abs_scale,k_best_sel",15,"(20, 0)",75675,0.10504908835904626,0.8791935483870981,0.0662618769878064,0.1872571217161796,0.2449999999999997,0.22819593787335715,0.0771428571428573,0.15940143135979154,0.3569047619047617
"count_enc,most_freq_imp,no_samp,no_scale,no_sel",15,"(20, 0)",75675,0.06647966339410949,0.9246782138884484,0.0282555160071387,0.14122924193057412,0.2940000000000004,0.26450116009280744,0.0942857142857143,0.1882202304737515,0.4271428571428577
"count_enc,mean_imp,no_samp,no_scale,k_best_sel",15,"(20, 0)",75675,0.07517531556802225,0.915656963021242,0.040279564103331084,0.15325329002676644,0.2880000000000002,0.2626728110599076,0.08571428571428573,0.1836734693877554,0.4228571428571433
"loo_enc,mean_imp,no_samp,k_best_sel,no_scale",15,"(20, 0)",75675,0.007620383356708781,1.0082414804328028,0.008295197359893923,0.03562600095276588,0.29100000000000026,0.2793959007551242,0.04571428571428578,0.17885679164105703,0.4545238095238097
"count_enc,mean_imp,no_samp,k_best_sel,no_scale",15,"(20, 0)",75675,0.07517531556802225,0.915656963021242,0.040279564103331084,0.15325329002676644,0.2880000000000002,0.2626728110599076,0.08571428571428573,0.1836734693877554,0.4228571428571433
"count_enc,most_freq_imp,no_samp,max_abs_scale,no_sel",15,"(20, 0)",75675,0.08274894810659195,0.9076103977450672,0.045254688481440514,0.1739352206875982,0.2920000000000001,0.2655172413793103,0.08714285714285719,0.18598726114649708,0.4285714285714281
"loo_enc,mean_imp,no_samp,no_scale,k_best_sel",15,"(20, 0)",75675,0.007620383356708781,1.0082414804328028,0.008295197359893923,0.03562600095276588,0.29100000000000026,0.2793959007551242,0.04571428571428578,0.17885679164105703,0.4545238095238097
"ordinal_enc,most_freq_imp,no_samp,k_best_sel,max_abs_scale",15,"(20, 0)",75675,0.10584385226741476,0.8792855238603039,0.06418807764783308,0.20607769770643344,0.2680000000000003,0.2440758293838865,0.08857142857142862,0.17357512953367876,0.38761904761904736
"loo_enc,most_freq_imp,no_samp,no_scale,k_best_sel",15,"(20, 0)",75675,0.025666199158485375,1.0281105990783403,0.015274329754035422,0.08842865993319884,0.2850000000000001,0.27470141150922905,0.04571428571428578,0.17581739666872306,0.4445238095238092
"count_enc,mean_imp,no_samp,k_best_sel,no_scale",16,"(20, 0)",75675,0.07517531556802225,0.915656963021242,0.040279564103331084,0.15325329002676644,0.2880000000000002,0.2626728110599076,0.08571428571428573,0.1836734693877554,0.4228571428571433
"count_enc,mean_imp,no_samp,no_scale,k_best_sel",16,"(20, 0)",75675,0.07517531556802225,0.915656963021242,0.040279564103331084,0.15325329002676644,0.2880000000000002,0.2626728110599076,0.08571428571428573,0.1836734693877554,0.4228571428571433
"loo_enc,mean_imp,no_samp,k_best_sel,max_abs_scale",16,"(20, 0)",75675,0.11005142589995304,0.8732295761753471,0.06923299334988374,0.1994025500048623,0.24600000000000036,0.2278177458033572,0.08000000000000004,0.16036505867014322,0.3566666666666665
"ordinal_enc,most_freq_imp,no_samp,k_best_sel,max_abs_scale",16,"(20, 0)",75675,0.10584385226741476,0.8792855238603039,0.06418807764783308,0.20607769770643344,0.2680000000000003,0.2440758293838865,0.08857142857142862,0.17357512953367876,0.38761904761904736
"loo_enc,mean_imp,no_samp,no_scale,k_best_sel",16,"(20, 0)",75675,0.007620383356708781,1.0082414804328028,0.008295197359893923,0.03562600095276588,0.29100000000000026,0.2793959007551242,0.04571428571428578,0.17885679164105703,0.4545238095238097
"loo_enc,most_freq_imp,no_samp,no_scale,k_best_sel",16,"(20, 0)",75675,0.025666199158485375,1.0281105990783403,0.015274329754035422,0.08842865993319884,0.2850000000000001,0.27470141150922905,0.04571428571428578,0.17581739666872306,0.4445238095238092
"loo_enc,most_freq_imp,no_samp,max_abs_scale,k_best_sel",16,"(20, 0)",75675,0.10504908835904626,0.8791935483870981,0.0662618769878064,0.1872571217161796,0.2449999999999997,0.22819593787335715,0.0771428571428573,0.15940143135979154,0.3569047619047617
"count_enc,mean_imp,no_samp,no_scale,no_sel",16,"(20, 0)",75675,0.08648901355773739,0.9013596374300192,0.05313113789768587,0.17268539122397425,0.2920000000000001,0.2599999999999999,0.10142857142857142,0.18838709677419327,0.41904761904761856
"loo_enc,mean_imp,no_samp,k_best_sel,no_scale",16,"(20, 0)",75675,0.007620383356708781,1.0082414804328028,0.008295197359893923,0.03562600095276588,0.29100000000000026,0.2793959007551242,0.04571428571428578,0.17885679164105703,0.4545238095238097
"loo_enc,most_freq_imp,no_samp,max_abs_scale,k_best_sel",17,"(20, 0)",75675,0.10504908835904626,0.8791935483870981,0.0662618769878064,0.1872571217161796,0.2449999999999997,0.22819593787335715,0.0771428571428573,0.15940143135979154,0.3569047619047617
"count_enc,mean_imp,no_samp,no_scale,no_sel",17,"(20, 0)",75675,0.08648901355773739,0.9013596374300192,0.05313113789768587,0.17268539122397425,0.2920000000000001,0.2599999999999999,0.10142857142857142,0.18838709677419327,0.41904761904761856
"loo_enc,mean_imp,no_samp,k_best_sel,no_scale",17,"(20, 0)",75675,0.007620383356708781,1.0082414804328028,0.008295197359893923,0.03562600095276588,0.29100000000000026,0.2793959007551242,0.04571428571428578,0.17885679164105703,0.4545238095238097
"loo_enc,most_freq_imp,no_samp,no_scale,k_best_sel",17,"(20, 0)",75675,0.025666199158485375,1.0281105990783403,0.015274329754035422,0.08842865993319884,0.2850000000000001,0.27470141150922905,0.04571428571428578,0.17581739666872306,0.4445238095238092
"loo_enc,mean_imp,no_samp,k_best_sel,max_abs_scale",17,"(20, 0)",75675,0.11005142589995304,0.8732295761753471,0.06923299334988374,0.1994025500048623,0.24600000000000036,0.2278177458033572,0.08000000000000004,0.16036505867014322,0.3566666666666665
"count_enc,mean_imp,no_samp,no_scale,k_best_sel",17,"(20, 0)",75675,0.07517531556802225,0.915656963021242,0.040279564103331084,0.15325329002676644,0.2880000000000002,0.2626728110599076,0.08571428571428573,0.1836734693877554,0.4228571428571433
"loo_enc,mean_imp,no_samp,no_scale,k_best_sel",17,"(20, 0)",75675,0.007620383356708781,1.0082414804328028,0.008295197359893923,0.03562600095276588,0.29100000000000026,0.2793959007551242,0.04571428571428578,0.17885679164105703,0.4545238095238097
"count_enc,mean_imp,no_samp,k_best_sel,no_scale",17,"(20, 0)",75675,0.07517531556802225,0.915656963021242,0.040279564103331084,0.15325329002676644,0.2880000000000002,0.2626728110599076,0.08571428571428573,0.1836734693877554,0.4228571428571433
"count_enc,mean_imp,under_samp,no_scale,k_best_sel",17,"(20, 0)",75675,0.1694924908040382,0.7010774073611282,0.17100486084738858,0.2908938444681195,0.34380208333333323,0.34630303655318395,0.3355208333333332,0.34106035450506417,0.3438020833333333
"loo_enc,most_freq_imp,no_samp,no_scale,k_best_sel",18,"(20, 0)",75675,0.025666199158485375,1.0281105990783403,0.015274329754035422,0.08842865993319884,0.2850000000000001,0.27470141150922905,0.04571428571428578,0.17581739666872306,0.4445238095238092
"loo_enc,mean_imp,no_samp,no_scale,k_best_sel",18,"(20, 0)",75675,0.007620383356708781,1.0082414804328028,0.008295197359893923,0.03562600095276588,0.29100000000000026,0.2793959007551242,0.04571428571428578,0.17885679164105703,0.4545238095238097
"loo_enc,mean_imp,no_samp,k_best_sel,no_scale",18,"(20, 0)",75675,0.007620383356708781,1.0082414804328028,0.008295197359893923,0.03562600095276588,0.29100000000000026,0.2793959007551242,0.04571428571428578,0.17885679164105703,0.4545238095238097
"count_enc,mean_imp,no_samp,no_scale,no_sel",18,"(20, 0)",75675,0.08648901355773739,0.9013596374300192,0.05313113789768587,0.17268539122397425,0.2920000000000001,0.2599999999999999,0.10142857142857142,0.18838709677419327,0.41904761904761856
"count_enc,mean_imp,no_samp,no_scale,k_best_sel",18,"(20, 0)",75675,0.07517531556802225,0.915656963021242,0.040279564103331084,0.15325329002676644,0.2880000000000002,0.2626728110599076,0.08571428571428573,0.1836734693877554,0.4228571428571433
"loo_enc,mean_imp,no_samp,k_best_sel,max_abs_scale",18,"(20, 0)",75675,0.11005142589995304,0.8732295761753471,0.06923299334988374,0.1994025500048623,0.24600000000000036,0.2278177458033572,0.08000000000000004,0.16036505867014322,0.3566666666666665
"count_enc,mean_imp,no_samp,k_best_sel,no_scale",18,"(20, 0)",75675,0.07517531556802225,0.915656963021242,0.040279564103331084,0.15325329002676644,0.2880000000000002,0.2626728110599076,0.08571428571428573,0.1836734693877554,0.4228571428571433
"loo_enc,most_freq_imp,no_samp,max_abs_scale,k_best_sel",18,"(20, 0)",75675,0.10504908835904626,0.8791935483870981,0.0662618769878064,0.1872571217161796,0.2449999999999997,0.22819593787335715,0.0771428571428573,0.15940143135979154,0.3569047619047617
"count_enc,median_imp,no_samp,k_best_sel,no_scale",18,"(20, 0)",75675,0.05970079476390833,0.9325801172060596,0.035304439725221584,0.10898713341848247,0.2850000000000001,0.26066897347174145,0.08428571428571444,0.18187619655392476,0.4188095238095241
"loo_enc,mean_imp,no_samp,k_best_sel,no_scale",19,"(20, 0)",75675,0.007620383356708781,1.0082414804328028,0.008295197359893923,0.03562600095276588,0.29100000000000026,0.2793959007551242,0.04571428571428578,0.17885679164105703,0.4545238095238097
"count_enc,mean_imp,no_samp,no_scale,k_best_sel",19,"(20, 0)",75675,0.07517531556802225,0.915656963021242,0.040279564103331084,0.15325329002676644,0.2880000000000002,0.2626728110599076,0.08571428571428573,0.1836734693877554,0.4228571428571433
"count_enc,mean_imp,no_samp,k_best_sel,no_scale",19,"(20, 0)",75675,0.07517531556802225,0.915656963021242,0.040279564103331084,0.15325329002676644,0.2880000000000002,0.2626728110599076,0.08571428571428573,0.1836734693877554,0.4228571428571433
"loo_enc,mean_imp,no_samp,no_scale,k_best_sel",19,"(20, 0)",75675,0.007620383356708781,1.0082414804328028,0.008295197359893923,0.03562600095276588,0.29100000000000026,0.2793959007551242,0.04571428571428578,0.17885679164105703,0.4545238095238097
"count_enc,median_imp,no_samp,k_best_sel,no_scale",19,"(20, 0)",75675,0.05970079476390833,0.9325801172060596,0.035304439725221584,0.10898713341848247,0.2850000000000001,0.26066897347174145,0.08428571428571444,0.18187619655392476,0.4188095238095241
"loo_enc,most_freq_imp,no_samp,no_scale,k_best_sel",19,"(20, 0)",75675,0.025666199158485375,1.0281105990783403,0.015274329754035422,0.08842865993319884,0.2850000000000001,0.27470141150922905,0.04571428571428578,0.17581739666872306,0.4445238095238092
"onehot_enc,mean_imp,no_samp,k_best_sel,max_abs_scale",19,"(20, 0)",75675,0.08686302010285192,0.8971947103413938,0.05810626227579532,0.14504607686823506,0.26200000000000034,0.2322738386308068,0.10285714285714297,0.17259552042160742,0.3680952380952374
"count_enc,mean_imp,no_samp,no_scale,no_sel",19,"(20, 0)",75675,0.08648901355773739,0.9013596374300192,0.05313113789768587,0.17268539122397425,0.2920000000000001,0.2599999999999999,0.10142857142857142,0.18838709677419327,0.41904761904761856
"loo_enc,mean_imp,no_samp,k_best_sel,max_abs_scale",19,"(20, 0)",75675,0.11005142589995304,0.8732295761753471,0.06923299334988374,0.1994025500048623,0.24600000000000036,0.2278177458033572,0.08000000000000004,0.16036505867014322,0.3566666666666665
"loo_enc,mean_imp,no_samp,no_scale,k_best_sel",20,"(20, 0)",75675,0.007620383356708781,1.0082414804328028,0.008295197359893923,0.03562600095276588,0.29100000000000026,0.2793959007551242,0.04571428571428578,0.17885679164105703,0.4545238095238097
"loo_enc,most_freq_imp,no_samp,no_scale,k_best_sel",20,"(20, 0)",75675,0.025666199158485375,1.0281105990783403,0.015274329754035422,0.08842865993319884,0.2850000000000001,0.27470141150922905,0.04571428571428578,0.17581739666872306,0.4445238095238092
"count_enc,mean_imp,no_samp,no_scale,k_best_sel",20,"(20, 0)",75675,0.07517531556802225,0.915656963021242,0.040279564103331084,0.15325329002676644,0.2880000000000002,0.2626728110599076,0.08571428571428573,0.1836734693877554,0.4228571428571433
"count_enc,mean_imp,no_samp,k_best_sel,no_scale",20,"(20, 0)",75675,0.07517531556802225,0.915656963021242,0.040279564103331084,0.15325329002676644,0.2880000000000002,0.2626728110599076,0.08571428571428573,0.1836734693877554,0.4228571428571433
"loo_enc,mean_imp,no_samp,k_best_sel,no_scale",20,"(20, 0)",75675,0.007620383356708781,1.0082414804328028,0.008295197359893923,0.03562600095276588,0.29100000000000026,0.2793959007551242,0.04571428571428578,0.17885679164105703,0.4545238095238097
"count_enc,mean_imp,no_samp,no_scale,no_sel",20,"(20, 0)",75675,0.08648901355773739,0.9013596374300192,0.05313113789768587,0.17268539122397425,0.2920000000000001,0.2599999999999999,0.10142857142857142,0.18838709677419327,0.41904761904761856
"onehot_enc,mean_imp,no_samp,k_best_sel,max_abs_scale",20,"(20, 0)",75675,0.08686302010285192,0.8971947103413938,0.05810626227579532,0.14504607686823506,0.26200000000000034,0.2322738386308068,0.10285714285714297,0.17259552042160742,0.3680952380952374
"count_enc,median_imp,no_samp,k_best_sel,no_scale",20,"(20, 0)",75675,0.05970079476390833,0.9325801172060596,0.035304439725221584,0.10898713341848247,0.2850000000000001,0.26066897347174145,0.08428571428571444,0.18187619655392476,0.4188095238095241
"loo_enc,most_freq_imp,no_scale,k_best_sel,no_samp",20,"(20, 0)",75675,0.025666199158485375,1.0281105990783403,0.015274329754035422,0.08842865993319884,0.2850000000000001,0.27470141150922905,0.04571428571428578,0.17581739666872306,0.4445238095238092
