pipe,dp,eo,eqOdds,accu,precision,recall,f1,roc_auc,dpr,gen,opt_metric,seed
"woe_enc,mean_imp,no_samp,no_sel,norm_scale",0.48685180634062425,0.3029693004529441,0.5892325089063544,0.29277381723914453,0.3125,0.3460306158775365,0.32968436416712277,0.2971604164728151,-1.0,0,"(1, 0, 0, 0)",85910
"onehot_enc,mean_imp,no_sel,norm_scale,under_samp",0.7000535618639528,0.16859587317564168,0.7192541444979084,0.34709861160555355,0.3834464043419268,0.19117123531505875,0.300277178934401,0.34709861160555366,-1.0,0,"(1, 0, 0, 0)",85910
"count_enc,most_freq_imp,no_scale,no_samp,no_sel",0.10466247529684969,0.0007132737489545795,0.022079641432703086,0.029650032404407,0.06057563587684067,0.0007119971520114232,0.03156805244091776,0.027266495156439863,1.2521250693577033,0,"(1, 0, 0, 0)",85910
"woe_enc,mean_imp,k_best_sel,under_samp,no_scale",0.10135253217491175,0.0,0.014729165435071183,0.02652189391242432,0.05037187288708589,0.0,0.025836656840645067,0.02652189391242432,1.2206662725833521,0,"(1, 0, 0, 0)",85910
"target_enc,most_freq_imp,no_samp,k_best_sel,min_max_scale",0.10443272475148435,0.0,0.021366367683748506,0.029325988334413466,0.060535117056856214,0.0,0.031212277978961867,0.026910496580434207,1.2512837759180453,0,"(1, 0, 0, 0)",85910
"target_enc,most_freq_imp,k_best_sel,over_samp,quant_scale",0.10989514447423293,0.0,0.021366367683748506,0.026910496580434096,0.05107223476297973,0.0,0.026205298972057367,0.026910496580434207,1.2421783301342058,0,"(1, 0, 0, 0)",85910
"onehot_enc,most_freq_imp,max_abs_scale,over_samp,no_sel",0.09942869372805824,0.0,0.021366367683748506,0.026910496580434096,0.05107223476297973,0.0,0.026205298972057367,0.026910496580434207,1.2155863596898298,0,"(1, 0, 0, 0)",85910
"count_enc,median_imp,k_best_sel,under_samp,no_scale",0.10642272407293868,0.0007132737489545795,0.02629265793342818,0.027945888216447168,0.05232950708980422,0.0007119971520114232,0.02720499046958924,0.02794588821644728,1.233069465235057,0,"(1, 0, 0, 0)",85910
"count_enc,most_freq_imp,over_samp,quant_scale,no_sel",0.10177809860440423,0.0,0.021366367683748506,0.026910496580434096,0.05107223476297973,0.0,0.026205298972057367,0.026910496580434207,1.2214769341879572,0,"(1, 0, 0, 0)",85910
"count_enc,mean_imp,max_abs_scale,no_samp,no_sel",0.10443272475148435,0.0,0.021366367683748506,0.029325988334413466,0.060535117056856214,0.0,0.031212277978961867,0.026910496580434207,1.2512837759180453,0,"(1, 0, 0, 0)",85910
"count_enc,most_freq_imp,no_samp,k_best_sel,min_max_scale",0.10443272475148435,0.0,0.021366367683748506,0.029325988334413466,0.060535117056856214,0.0,0.031212277978961867,0.026910496580434207,1.2512837759180453,1,"(1, 0, 0, 0)",85910
"target_enc,mean_imp,max_abs_scale,no_samp,no_sel",0.10443272475148435,0.0,0.021366367683748506,0.029325988334413466,0.060535117056856214,0.0,0.031212277978961867,0.026910496580434207,1.2512837759180453,1,"(1, 0, 0, 0)",85910
"onehot_enc,most_freq_imp,max_abs_scale,over_samp,no_sel",0.10650123449940357,0.0,0.021366367683748506,0.026910496580434096,0.05107223476297973,0.0,0.026205298972057367,0.026910496580434207,1.2334556643730865,1,"(1, 0, 0, 0)",85910
"count_enc,most_freq_imp,over_samp,quant_scale,no_sel",0.09608619976113575,0.0,0.021366367683748506,0.026910496580434096,0.05107223476297973,0.0,0.026205298972057367,0.026910496580434207,1.207281999673034,1,"(1, 0, 0, 0)",85910
"woe_enc,mean_imp,k_best_sel,under_samp,no_scale",0.10557110532198782,0.0,0.019905119164533455,0.026165895336418665,0.049729364005412724,0.0,0.025498699045967133,0.026165895336418665,1.231402099064149,1,"(1, 0, 0, 0)",85910
"count_enc,median_imp,k_best_sel,under_samp,no_scale",0.10964295726998674,0.0,0.024200313928010843,0.02598789604841578,0.049407783417935724,0.0,0.025329632199861174,0.02598789604841578,1.2417996076220936,1,"(1, 0, 0, 0)",85910
"onehot_enc,mean_imp,no_sel,norm_scale,under_samp",0.6973262032085561,0.16758933064921994,0.7117992564906346,0.34371662513349943,0.3801201529219006,0.19188323246707017,0.2984082831092567,0.34371662513349954,-1.0,1,"(1, 0, 0, 0)",85910
"target_enc,most_freq_imp,no_samp,k_best_sel,min_max_scale",0.10443272475148435,0.0,0.021366367683748506,0.029325988334413466,0.060535117056856214,0.0,0.031212277978961867,0.026910496580434207,1.2512837759180453,1,"(1, 0, 0, 0)",85910
"count_enc,mean_imp,max_abs_scale,no_samp,no_sel",0.10443272475148435,0.0,0.021366367683748506,0.029325988334413466,0.060535117056856214,0.0,0.031212277978961867,0.026910496580434207,1.2512837759180453,1,"(1, 0, 0, 0)",85910
"count_enc,most_freq_imp,no_scale,no_samp,no_sel",0.10466247529684969,0.0007132737489545795,0.022079641432703086,0.029650032404407,0.06057563587684067,0.0007119971520114232,0.03156805244091776,0.027266495156439863,1.2521250693577033,1,"(1, 0, 0, 0)",85910
"target_enc,mean_imp,max_abs_scale,no_samp,k_best_sel",0.10443272475148435,0.0,0.021366367683748506,0.029325988334413466,0.060535117056856214,0.0,0.031212277978961867,0.026910496580434207,1.2512837759180453,2,"(1, 0, 0, 0)",85910
"count_enc,median_imp,no_sel,under_samp,no_scale",0.10477500640506782,0.0012165450121654502,0.018683097907694568,0.02652189391242432,0.05006765899864685,0.0003559985760056561,0.02584562012142244,0.02652189391242432,1.229391930882227,2,"(1, 0, 0, 0)",85910
"count_enc,most_freq_imp,over_samp,no_scale,no_sel",0.10806439334767542,0.0020470829068577278,0.023413450590606233,0.02720785013380911,0.051101072840203265,0.0005947071067499143,0.02650253439536565,0.02720785013380911,1.2375943526573039,2,"(1, 0, 0, 0)",85910
"count_enc,most_freq_imp,quant_scale,no_samp,no_sel",0.10443272475148435,0.0,0.021366367683748506,0.029325988334413466,0.060535117056856214,0.0,0.031212277978961867,0.026910496580434207,1.2512837759180453,2,"(1, 0, 0, 0)",85910
"count_enc,most_freq_imp,over_samp,quant_scale,no_sel",0.10278745179669879,0.0,0.021366367683748506,0.026910496580434096,0.05107223476297973,0.0,0.026205298972057367,0.026910496580434207,1.2240214040597917,2,"(1, 0, 0, 0)",85910
"count_enc,median_imp,k_best_sel,under_samp,no_scale",0.096122188454009,0.0,0.01854137903029319,0.027233891064435745,0.05165428764348412,0.0,0.026511869693294,0.027233891064435745,1.207544102405888,2,"(1, 0, 0, 0)",85910
"count_enc,most_freq_imp,no_samp,k_best_sel,min_max_scale",0.10443272475148435,0.0,0.021366367683748506,0.029325988334413466,0.060535117056856214,0.0,0.031212277978961867,0.026910496580434207,1.2512837759180453,2,"(1, 0, 0, 0)",85910
"count_enc,mean_imp,max_abs_scale,no_samp,no_sel",0.10443272475148435,0.0,0.021366367683748506,0.029325988334413466,0.060535117056856214,0.0,0.031212277978961867,0.026910496580434207,1.2512837759180453,2,"(1, 0, 0, 0)",85910
"target_enc,mean_imp,max_abs_scale,no_samp,no_sel",0.10443272475148435,0.0,0.021366367683748506,0.029325988334413466,0.060535117056856214,0.0,0.031212277978961867,0.026910496580434207,1.2512837759180453,2,"(1, 0, 0, 0)",85910
"count_enc,most_freq_imp,no_samp,quant_scale,no_sel",0.10443272475148435,0.0,0.021366367683748506,0.029325988334413466,0.060535117056856214,0.0,0.031212277978961867,0.026910496580434207,1.2512837759180453,2,"(1, 0, 0, 0)",85910
"count_enc,most_freq_imp,k_best_sel,no_samp,min_max_scale",0.10443272475148435,0.0,0.021366367683748506,0.029325988334413466,0.060535117056856214,0.0,0.031212277978961867,0.026910496580434207,1.2512837759180453,3,"(1, 0, 0, 0)",85910
"count_enc,median_imp,under_samp,no_sel,no_scale",0.10478763283226927,0.0012165450121654502,0.020045113740200578,0.02652189391242432,0.05006765899864685,0.0003559985760056561,0.02584562012142244,0.02652189391242432,1.2294425162824485,3,"(1, 0, 0, 0)",85910
"target_enc,mean_imp,max_abs_scale,no_samp,no_sel",0.10443272475148435,0.0,0.021366367683748506,0.029325988334413466,0.060535117056856214,0.0,0.031212277978961867,0.026910496580434207,1.2512837759180453,3,"(1, 0, 0, 0)",85910
"count_enc,most_freq_imp,quant_scale,no_samp,no_sel",0.10443272475148435,0.0,0.021366367683748506,0.029325988334413466,0.060535117056856214,0.0,0.031212277978961867,0.026910496580434207,1.2512837759180453,3,"(1, 0, 0, 0)",85910
"count_enc,mean_imp,over_samp,quant_scale,no_sel",0.11023547755024365,0.0,0.021366367683748506,0.026910496580434096,0.05107223476297973,0.0,0.026205298972057367,0.026910496580434207,1.2430584205985273,3,"(1, 0, 0, 0)",85910
"count_enc,most_freq_imp,max_abs_scale,no_samp,no_sel",0.10443272475148435,0.0,0.021366367683748506,0.029325988334413466,0.060535117056856214,0.0,0.031212277978961867,0.026910496580434207,1.2512837759180453,3,"(1, 0, 0, 0)",85910
"count_enc,mean_imp,max_abs_scale,no_samp,no_sel",0.10443272475148435,0.0,0.021366367683748506,0.029325988334413466,0.060535117056856214,0.0,0.031212277978961867,0.026910496580434207,1.2512837759180453,3,"(1, 0, 0, 0)",85910
"target_enc,mean_imp,max_abs_scale,no_samp,k_best_sel",0.10443272475148435,0.0,0.021366367683748506,0.029325988334413466,0.060535117056856214,0.0,0.031212277978961867,0.026910496580434207,1.2512837759180453,3,"(1, 0, 0, 0)",85910
"count_enc,most_freq_imp,over_samp,quant_scale,no_sel",0.10379829614912617,0.0,0.021366367683748506,0.026910496580434096,0.05107223476297973,0.0,0.026205298972057367,0.026910496580434207,1.2265779939039636,3,"(1, 0, 0, 0)",85910
"count_enc,median_imp,k_best_sel,under_samp,no_scale",0.09651879672986302,0.0005032712632108706,0.019689181209748594,0.0275898896404414,0.05199189736664411,0.0003559985760056561,0.02685843008144173,0.02758988964044151,1.2085117719435219,3,"(1, 0, 0, 0)",85910
"count_enc,median_imp,k_best_sel,under_samp,no_scale",0.10666563505397264,0.0007132737489545795,0.023012416708828788,0.02865788536845848,0.05360755225893454,0.0007119971520114232,0.027878787878787836,0.02865788536845848,1.2332618731976148,4,"(1, 0, 0, 0)",85910
"count_enc,most_freq_imp,max_abs_scale,no_samp,no_sel",0.10443272475148435,0.0,0.021366367683748506,0.029325988334413466,0.060535117056856214,0.0,0.031212277978961867,0.026910496580434207,1.2512837759180453,4,"(1, 0, 0, 0)",85910
"count_enc,mean_imp,max_abs_scale,no_samp,no_sel",0.10443272475148435,0.0,0.021366367683748506,0.029325988334413466,0.060535117056856214,0.0,0.031212277978961867,0.026910496580434207,1.2512837759180453,4,"(1, 0, 0, 0)",85910
"target_enc,median_imp,k_best_sel,under_samp,no_scale",0.10112521016040349,0.0,0.017507715127462416,0.027945888216447168,0.052933243425488885,0.0,0.02718614718614709,0.027945888216447057,1.2194533296354504,4,"(1, 0, 0, 0)",85910
"count_enc,most_freq_imp,k_best_sel,no_samp,max_abs_scale",0.10443272475148435,0.0,0.021366367683748506,0.029325988334413466,0.060535117056856214,0.0,0.031212277978961867,0.026910496580434207,1.2512837759180453,4,"(1, 0, 0, 0)",85910
"target_enc,mean_imp,max_abs_scale,no_samp,no_sel",0.10443272475148435,0.0,0.021366367683748506,0.029325988334413466,0.060535117056856214,0.0,0.031212277978961867,0.026910496580434207,1.2512837759180453,4,"(1, 0, 0, 0)",85910
"count_enc,median_imp,under_samp,no_sel,no_scale",0.1111111111111111,0.0012165450121654502,0.023521745265695573,0.02865788536845848,0.0539083557951483,0.0003559985760056561,0.02786913622987708,0.02865788536845859,1.2442396313364055,4,"(1, 0, 0, 0)",85910
"count_enc,most_freq_imp,min_max_scale,no_samp,no_sel",0.10443272475148435,0.0,0.021366367683748506,0.029325988334413466,0.060535117056856214,0.0,0.031212277978961867,0.026910496580434207,1.2512837759180453,4,"(1, 0, 0, 0)",85910
"count_enc,most_freq_imp,quant_scale,no_samp,no_sel",0.10443272475148435,0.0,0.021366367683748506,0.029325988334413466,0.060535117056856214,0.0,0.031212277978961867,0.026910496580434207,1.2512837759180453,4,"(1, 0, 0, 0)",85910
"target_enc,mean_imp,max_abs_scale,no_samp,k_best_sel",0.10443272475148435,0.0,0.021366367683748506,0.029325988334413466,0.060535117056856214,0.0,0.031212277978961867,0.026910496580434207,1.2512837759180453,4,"(1, 0, 0, 0)",85910
"count_enc,most_freq_imp,k_best_sel,under_samp,max_abs_scale",0.10675712854040054,0.0,0.01809666975023127,0.027767888928444284,0.05261382799325465,0.0,0.02701766539660544,0.027767888928444284,1.2335158800142325,5,"(1, 0, 0, 0)",85910
"target_enc,median_imp,k_best_sel,no_samp,no_scale",0.10443272475148435,0.0,0.021366367683748506,0.029325988334413466,0.060535117056856214,0.0,0.031212277978961867,0.026910496580434207,1.2512837759180453,5,"(1, 0, 0, 0)",85910
"count_enc,mean_imp,max_abs_scale,no_samp,no_sel",0.10443272475148435,0.0,0.021366367683748506,0.029325988334413466,0.060535117056856214,0.0,0.031212277978961867,0.026910496580434207,1.2512837759180453,5,"(1, 0, 0, 0)",85910
"count_enc,most_freq_imp,min_max_scale,no_samp,no_sel",0.10443272475148435,0.0,0.021366367683748506,0.029325988334413466,0.060535117056856214,0.0,0.031212277978961867,0.026910496580434207,1.2512837759180453,5,"(1, 0, 0, 0)",85910
"count_enc,mean_imp,no_sel,no_samp,max_abs_scale",0.10443272475148435,0.0,0.021366367683748506,0.029325988334413466,0.060535117056856214,0.0,0.031212277978961867,0.026910496580434207,1.2512837759180453,5,"(1, 0, 0, 0)",85910
"target_enc,median_imp,no_scale,under_samp,k_best_sel",0.09914055229592472,0.0,0.01671332472064479,0.02687789248843009,0.051013513513513464,0.0,0.026174380308545686,0.026877892488429977,1.2150710368355142,5,"(1, 0, 0, 0)",85910
"count_enc,most_freq_imp,k_best_sel,no_samp,max_abs_scale",0.10443272475148435,0.0,0.021366367683748506,0.029325988334413466,0.060535117056856214,0.0,0.031212277978961867,0.026910496580434207,1.2512837759180453,5,"(1, 0, 0, 0)",85910
"count_enc,most_freq_imp,max_abs_scale,no_samp,no_sel",0.10443272475148435,0.0,0.021366367683748506,0.029325988334413466,0.060535117056856214,0.0,0.031212277978961867,0.026910496580434207,1.2512837759180453,5,"(1, 0, 0, 0)",85910
"target_enc,median_imp,k_best_sel,under_samp,no_scale",0.1036512782859822,0.0,0.02175644020543236,0.028301886792452824,0.0535714285714286,0.0,0.02752293577981657,0.028301886792452824,1.2255728855785948,5,"(1, 0, 0, 0)",85910
"count_enc,most_freq_imp,quant_scale,no_samp,no_sel",0.10443272475148435,0.0,0.021366367683748506,0.029325988334413466,0.060535117056856214,0.0,0.031212277978961867,0.026910496580434207,1.2512837759180453,5,"(1, 0, 0, 0)",85910
"target_enc,median_imp,k_best_sel,under_samp,no_scale",0.10258824892971236,0.0,0.020819873368652278,0.0275898896404414,0.0522941970310391,0.0,0.02684912523817773,0.02758988964044151,1.2232803064940798,6,"(1, 0, 0, 0)",85910
"target_enc,median_imp,no_scale,under_samp,k_best_sel",0.10642272407293868,0.0,0.025941331233717765,0.027233891064435745,0.05165428764348412,0.0,0.026511869693294,0.027233891064435745,1.233069465235057,6,"(1, 0, 0, 0)",85910
"count_enc,most_freq_imp,max_abs_scale,no_samp,no_sel",0.10443272475148435,0.0,0.021366367683748506,0.029325988334413466,0.060535117056856214,0.0,0.031212277978961867,0.026910496580434207,1.2512837759180453,6,"(1, 0, 0, 0)",85910
"count_enc,mean_imp,min_max_scale,no_samp,no_sel",0.10443272475148435,0.0,0.021366367683748506,0.029325988334413466,0.060535117056856214,0.0,0.031212277978961867,0.026910496580434207,1.2512837759180453,6,"(1, 0, 0, 0)",85910
"target_enc,median_imp,k_best_sel,no_samp,no_scale",0.10443272475148435,0.0,0.021366367683748506,0.029325988334413466,0.060535117056856214,0.0,0.031212277978961867,0.026910496580434207,1.2512837759180453,6,"(1, 0, 0, 0)",85910
"count_enc,most_freq_imp,min_max_scale,no_samp,no_sel",0.10443272475148435,0.0,0.021366367683748506,0.029325988334413466,0.060535117056856214,0.0,0.031212277978961867,0.026910496580434207,1.2512837759180453,6,"(1, 0, 0, 0)",85910
"count_enc,mean_imp,no_sel,no_samp,max_abs_scale",0.10443272475148435,0.0,0.021366367683748506,0.029325988334413466,0.060535117056856214,0.0,0.031212277978961867,0.026910496580434207,1.2512837759180453,6,"(1, 0, 0, 0)",85910
"count_enc,mean_imp,max_abs_scale,no_samp,no_sel",0.10443272475148435,0.0,0.021366367683748506,0.029325988334413466,0.060535117056856214,0.0,0.031212277978961867,0.026910496580434207,1.2512837759180453,6,"(1, 0, 0, 0)",85910
"count_enc,most_freq_imp,k_best_sel,no_samp,max_abs_scale",0.10443272475148435,0.0,0.021366367683748506,0.029325988334413466,0.060535117056856214,0.0,0.031212277978961867,0.026910496580434207,1.2512837759180453,6,"(1, 0, 0, 0)",85910
"count_enc,most_freq_imp,k_best_sel,under_samp,max_abs_scale",0.11721288935288965,0.0,0.0282311131002808,0.02687789248843009,0.051013513513513464,0.0,0.026174380308545686,0.026877892488429977,1.2606694998717975,6,"(1, 0, 0, 0)",85910
"count_enc,most_freq_imp,max_abs_scale,under_samp,no_sel",0.10833598470544142,0.0,0.02313221440962729,0.026165895336418665,0.049729364005412724,0.0,0.025498699045967133,0.026165895336418665,1.238389380018115,7,"(1, 0, 0, 0)",85910
"target_enc,median_imp,k_best_sel,no_samp,no_scale",0.10443272475148435,0.0,0.021366367683748506,0.029325988334413466,0.060535117056856214,0.0,0.031212277978961867,0.026910496580434207,1.2512837759180453,7,"(1, 0, 0, 0)",85910
"count_enc,median_imp,max_abs_scale,no_samp,no_sel",0.10443272475148435,0.0,0.021366367683748506,0.029325988334413466,0.060535117056856214,0.0,0.031212277978961867,0.026910496580434207,1.2512837759180453,7,"(1, 0, 0, 0)",85910
"target_enc,mean_imp,k_best_sel,no_samp,no_scale",0.10443272475148435,0.0,0.021366367683748506,0.029325988334413466,0.060535117056856214,0.0,0.031212277978961867,0.026910496580434207,1.2512837759180453,7,"(1, 0, 0, 0)",85910
"target_enc,most_freq_imp,k_best_sel,under_samp,no_scale",0.10390394178055579,0.0,0.022855558427014686,0.02634389462442155,0.05005072708826508,0.0,0.025667707249392935,0.026343894624421438,1.2271920488295582,7,"(1, 0, 0, 0)",85910
"count_enc,most_freq_imp,max_abs_scale,no_samp,no_sel",0.10443272475148435,0.0,0.021366367683748506,0.029325988334413466,0.060535117056856214,0.0,0.031212277978961867,0.026910496580434207,1.2512837759180453,7,"(1, 0, 0, 0)",85910
"count_enc,most_freq_imp,k_best_sel,under_samp,max_abs_scale",0.10494487820735021,0.0,0.022205197681795213,0.02652189391242432,0.05037187288708589,0.0,0.025836656840645067,0.02652189391242432,1.2296883850579852,7,"(1, 0, 0, 0)",85910
"target_enc,median_imp,k_best_sel,under_samp,no_scale",0.09825012086218066,0.0,0.021350772899710227,0.0275898896404414,0.0522941970310391,0.0,0.02684912523817773,0.02758988964044151,1.212610538678668,7,"(1, 0, 0, 0)",85910
"count_enc,mean_imp,no_sel,no_samp,max_abs_scale",0.10443272475148435,0.0,0.021366367683748506,0.029325988334413466,0.060535117056856214,0.0,0.031212277978961867,0.026910496580434207,1.2512837759180453,7,"(1, 0, 0, 0)",85910
"target_enc,median_imp,no_scale,under_samp,k_best_sel",0.10650346523110632,0.0,0.02227324655022097,0.02598789604841578,0.049407783417935724,0.0,0.025329632199861174,0.02598789604841578,1.2338633448585707,7,"(1, 0, 0, 0)",85910
"count_enc,median_imp,max_abs_scale,no_samp,k_best_sel",0.10443272475148435,0.0,0.021366367683748506,0.029325988334413466,0.060535117056856214,0.0,0.031212277978961867,0.026910496580434207,1.2512837759180453,8,"(1, 0, 0, 0)",85910
"target_enc,median_imp,no_sel,no_samp,no_scale",0.10443272475148435,0.0,0.021366367683748506,0.029325988334413466,0.060535117056856214,0.0,0.031212277978961867,0.026910496580434207,1.2512837759180453,8,"(1, 0, 0, 0)",85910
"count_enc,median_imp,max_abs_scale,no_samp,no_sel",0.10443272475148435,0.0,0.021366367683748506,0.029325988334413466,0.060535117056856214,0.0,0.031212277978961867,0.026910496580434207,1.2512837759180453,8,"(1, 0, 0, 0)",85910
"count_enc,most_freq_imp,max_abs_scale,no_samp,no_sel",0.10443272475148435,0.0,0.021366367683748506,0.029325988334413466,0.060535117056856214,0.0,0.031212277978961867,0.026910496580434207,1.2512837759180453,8,"(1, 0, 0, 0)",85910
"target_enc,median_imp,k_best_sel,no_samp,no_scale",0.10443272475148435,0.0,0.021366367683748506,0.029325988334413466,0.060535117056856214,0.0,0.031212277978961867,0.026910496580434207,1.2512837759180453,8,"(1, 0, 0, 0)",85910
"target_enc,mean_imp,k_best_sel,under_samp,no_scale",0.10932539525008017,0.0,0.02889266963971164,0.0275898896404414,0.0522941970310391,0.0,0.02684912523817773,0.02758988964044151,1.2402114832989,8,"(1, 0, 0, 0)",85910
"target_enc,most_freq_imp,k_best_sel,under_samp,no_scale",0.11200915319003008,0.0,0.025095426988997832,0.02705589177643286,0.051334008780817286,0.0,0.026343154246100564,0.027055891776432972,1.2472239064043835,8,"(1, 0, 0, 0)",85910
"target_enc,median_imp,k_best_sel,under_samp,no_scale",0.10832184524888633,0.0,0.021768711127301554,0.026165895336418665,0.049729364005412724,0.0,0.025498699045967133,0.026165895336418665,1.2383331340487649,8,"(1, 0, 0, 0)",85910
"target_enc,median_imp,no_scale,under_samp,k_best_sel",0.10286064287191232,0.0,0.022549593264647914,0.027233891064435745,0.05165428764348412,0.0,0.026511869693294,0.027233891064435745,1.2241529616341673,8,"(1, 0, 0, 0)",85910
"target_enc,mean_imp,k_best_sel,no_samp,no_scale",0.10443272475148435,0.0,0.021366367683748506,0.029325988334413466,0.060535117056856214,0.0,0.031212277978961867,0.026910496580434207,1.2512837759180453,8,"(1, 0, 0, 0)",85910
"count_enc,median_imp,max_abs_scale,no_samp,no_sel",0.10443272475148435,0.0,0.021366367683748506,0.029325988334413466,0.060535117056856214,0.0,0.031212277978961867,0.026910496580434207,1.2512837759180453,9,"(1, 0, 0, 0)",85910
"count_enc,most_freq_imp,max_abs_scale,no_samp,no_sel",0.10443272475148435,0.0,0.021366367683748506,0.029325988334413466,0.060535117056856214,0.0,0.031212277978961867,0.026910496580434207,1.2512837759180453,9,"(1, 0, 0, 0)",85910
"target_enc,median_imp,no_sel,no_samp,no_scale",0.10443272475148435,0.0,0.021366367683748506,0.029325988334413466,0.060535117056856214,0.0,0.031212277978961867,0.026910496580434207,1.2512837759180453,9,"(1, 0, 0, 0)",85910
"target_enc,median_imp,k_best_sel,no_samp,no_scale",0.10443272475148435,0.0,0.021366367683748506,0.029325988334413466,0.060535117056856214,0.0,0.031212277978961867,0.026910496580434207,1.2512837759180453,9,"(1, 0, 0, 0)",85910
"target_enc,median_imp,k_best_sel,under_samp,no_scale",0.1045372520152395,0.0,0.019622848623892623,0.02705589177643286,0.051334008780817286,0.0,0.026343154246100564,0.027055891776432972,1.2283662691082626,9,"(1, 0, 0, 0)",85910
"count_enc,median_imp,max_abs_scale,no_samp,k_best_sel",0.10443272475148435,0.0,0.021366367683748506,0.029325988334413466,0.060535117056856214,0.0,0.031212277978961867,0.026910496580434207,1.2512837759180453,9,"(1, 0, 0, 0)",85910
"target_enc,mean_imp,k_best_sel,under_samp,no_scale",0.10045626688381354,0.0,0.016648361114700437,0.027233891064435745,0.05165428764348412,0.0,0.026511869693294,0.027233891064435745,1.2181369109433327,9,"(1, 0, 0, 0)",85910
"target_enc,median_imp,no_scale,under_samp,k_best_sel",0.1057379182222033,0.0,0.022566372156841256,0.02705589177643286,0.051334008780817286,0.0,0.026343154246100564,0.027055891776432972,1.2314010164099778,9,"(1, 0, 0, 0)",85910
"count_enc,most_freq_imp,quant_scale,no_samp,no_sel",0.10443272475148435,0.0,0.021366367683748506,0.029325988334413466,0.060535117056856214,0.0,0.031212277978961867,0.026910496580434207,1.2512837759180453,9,"(1, 0, 0, 0)",85910
"target_enc,mean_imp,k_best_sel,no_samp,no_scale",0.10443272475148435,0.0,0.021366367683748506,0.029325988334413466,0.060535117056856214,0.0,0.031212277978961867,0.026910496580434207,1.2512837759180453,9,"(1, 0, 0, 0)",85910
"target_enc,mean_imp,k_best_sel,no_samp,no_scale",0.10443272475148435,0.0,0.021366367683748506,0.029325988334413466,0.060535117056856214,0.0,0.031212277978961867,0.026910496580434207,1.2512837759180453,10,"(1, 0, 0, 0)",85910
"target_enc,mean_imp,k_best_sel,under_samp,no_scale",0.10704746741927401,0.0,0.021376524903450475,0.027945888216447168,0.052933243425488885,0.0,0.02718614718614709,0.027945888216447057,1.2341971666235039,10,"(1, 0, 0, 0)",85910
"target_enc,median_imp,no_scale,no_samp,k_best_sel",0.10443272475148435,0.0,0.021366367683748506,0.029325988334413466,0.060535117056856214,0.0,0.031212277978961867,0.026910496580434207,1.2512837759180453,10,"(1, 0, 0, 0)",85910
"count_enc,median_imp,no_sel,no_samp,max_abs_scale",0.10443272475148435,0.0,0.021366367683748506,0.029325988334413466,0.060535117056856214,0.0,0.031212277978961867,0.026910496580434207,1.2512837759180453,10,"(1, 0, 0, 0)",85910
"target_enc,median_imp,no_sel,under_samp,no_scale",0.10821182865717277,0.0,0.02250299836335984,0.02687789248843009,0.051013513513513464,0.0,0.026174380308545686,0.026877892488429977,1.2376907219059285,10,"(1, 0, 0, 0)",85910
"count_enc,most_freq_imp,quant_scale,no_samp,k_best_sel",0.10443272475148435,0.0,0.021366367683748506,0.029325988334413466,0.060535117056856214,0.0,0.031212277978961867,0.026910496580434207,1.2512837759180453,10,"(1, 0, 0, 0)",85910
"count_enc,most_freq_imp,max_abs_scale,no_samp,no_sel",0.10443272475148435,0.0,0.021366367683748506,0.029325988334413466,0.060535117056856214,0.0,0.031212277978961867,0.026910496580434207,1.2512837759180453,10,"(1, 0, 0, 0)",85910
"count_enc,median_imp,max_abs_scale,no_samp,no_sel",0.10443272475148435,0.0,0.021366367683748506,0.029325988334413466,0.060535117056856214,0.0,0.031212277978961867,0.026910496580434207,1.2512837759180453,10,"(1, 0, 0, 0)",85910
"target_enc,median_imp,k_best_sel,no_samp,no_scale",0.10443272475148435,0.0,0.021366367683748506,0.029325988334413466,0.060535117056856214,0.0,0.031212277978961867,0.026910496580434207,1.2512837759180453,10,"(1, 0, 0, 0)",85910
"target_enc,median_imp,no_sel,no_samp,no_scale",0.10443272475148435,0.0,0.021366367683748506,0.029325988334413466,0.060535117056856214,0.0,0.031212277978961867,0.026910496580434207,1.2512837759180453,10,"(1, 0, 0, 0)",85910
"target_enc,mean_imp,k_best_sel,no_samp,no_scale",0.10443272475148435,0.0,0.021366367683748506,0.029325988334413466,0.060535117056856214,0.0,0.031212277978961867,0.026910496580434207,1.2512837759180453,11,"(1, 0, 0, 0)",85910
"count_enc,most_freq_imp,max_abs_scale,no_samp,no_sel",0.10443272475148435,0.0,0.021366367683748506,0.029325988334413466,0.060535117056856214,0.0,0.031212277978961867,0.026910496580434207,1.2512837759180453,11,"(1, 0, 0, 0)",85910
"target_enc,median_imp,k_best_sel,no_samp,no_scale",0.10443272475148435,0.0,0.021366367683748506,0.029325988334413466,0.060535117056856214,0.0,0.031212277978961867,0.026910496580434207,1.2512837759180453,11,"(1, 0, 0, 0)",85910
"target_enc,median_imp,no_scale,no_samp,k_best_sel",0.10443272475148435,0.0,0.021366367683748506,0.029325988334413466,0.060535117056856214,0.0,0.031212277978961867,0.026910496580434207,1.2512837759180453,11,"(1, 0, 0, 0)",85910
"target_enc,mean_imp,no_scale,no_samp,k_best_sel",0.10443272475148435,0.0,0.021366367683748506,0.029325988334413466,0.060535117056856214,0.0,0.031212277978961867,0.026910496580434207,1.2512837759180453,11,"(1, 0, 0, 0)",85910
"count_enc,median_imp,no_sel,no_samp,max_abs_scale",0.10443272475148435,0.0,0.021366367683748506,0.029325988334413466,0.060535117056856214,0.0,0.031212277978961867,0.026910496580434207,1.2512837759180453,11,"(1, 0, 0, 0)",85910
"count_enc,median_imp,max_abs_scale,no_samp,no_sel",0.10443272475148435,0.0,0.021366367683748506,0.029325988334413466,0.060535117056856214,0.0,0.031212277978961867,0.026910496580434207,1.2512837759180453,11,"(1, 0, 0, 0)",85910
"count_enc,most_freq_imp,quant_scale,no_samp,k_best_sel",0.10443272475148435,0.0,0.021366367683748506,0.029325988334413466,0.060535117056856214,0.0,0.031212277978961867,0.026910496580434207,1.2512837759180453,11,"(1, 0, 0, 0)",85910
"target_enc,median_imp,no_sel,no_samp,no_scale",0.10443272475148435,0.0,0.021366367683748506,0.029325988334413466,0.060535117056856214,0.0,0.031212277978961867,0.026910496580434207,1.2512837759180453,11,"(1, 0, 0, 0)",85910
"target_enc,most_freq_imp,k_best_sel,under_samp,no_scale",0.08918878684469683,0.0,0.015471236283419024,0.029013883944464247,0.05484522207267828,0.0,0.02819581387303227,0.029013883944464247,1.1900375756392738,11,"(1, 0, 0, 0)",85910
"count_enc,most_freq_imp,max_abs_scale,under_samp,no_sel",0.10243303267142273,0.0,0.019329529320713572,0.026165895336418665,0.049729364005412724,0.0,0.025498699045967133,0.026165895336418665,1.2235763765128858,12,"(1, 0, 0, 0)",85910
"target_enc,most_freq_imp,k_best_sel,no_samp,no_scale",0.10443272475148435,0.0,0.021366367683748506,0.029325988334413466,0.060535117056856214,0.0,0.031212277978961867,0.026910496580434207,1.2512837759180453,12,"(1, 0, 0, 0)",85910
"target_enc,mean_imp,k_best_sel,no_samp,max_abs_scale",0.10443272475148435,0.0,0.021366367683748506,0.029325988334413466,0.060535117056856214,0.0,0.031212277978961867,0.026910496580434207,1.2512837759180453,12,"(1, 0, 0, 0)",85910
"count_enc,median_imp,no_scale,no_samp,no_sel",0.10466247529684969,0.0007132737489545795,0.022079641432703086,0.029650032404407,0.06057563587684067,0.0007119971520114232,0.03156805244091776,0.027266495156439863,1.2521250693577033,12,"(1, 0, 0, 0)",85910
"target_enc,median_imp,k_best_sel,no_samp,no_scale",0.10443272475148435,0.0,0.021366367683748506,0.029325988334413466,0.060535117056856214,0.0,0.031212277978961867,0.026910496580434207,1.2512837759180453,12,"(1, 0, 0, 0)",85910
"target_enc,most_freq_imp,k_best_sel,under_samp,no_scale",0.10320654017991399,0.0,0.018107946881062806,0.026165895336418665,0.049729364005412724,0.0,0.025498699045967133,0.026165895336418665,1.2254812633029992,12,"(1, 0, 0, 0)",85910
"target_enc,median_imp,no_scale,no_samp,k_best_sel",0.10443272475148435,0.0,0.021366367683748506,0.029325988334413466,0.060535117056856214,0.0,0.031212277978961867,0.026910496580434207,1.2512837759180453,12,"(1, 0, 0, 0)",85910
"count_enc,median_imp,max_abs_scale,no_samp,no_sel",0.10443272475148435,0.0,0.021366367683748506,0.029325988334413466,0.060535117056856214,0.0,0.031212277978961867,0.026910496580434207,1.2512837759180453,12,"(1, 0, 0, 0)",85910
"count_enc,median_imp,no_sel,no_samp,max_abs_scale",0.10443272475148435,0.0,0.021366367683748506,0.029325988334413466,0.060535117056856214,0.0,0.031212277978961867,0.026910496580434207,1.2512837759180453,12,"(1, 0, 0, 0)",85910
"target_enc,mean_imp,no_scale,no_samp,k_best_sel",0.10443272475148435,0.0,0.021366367683748506,0.029325988334413466,0.060535117056856214,0.0,0.031212277978961867,0.026910496580434207,1.2512837759180453,12,"(1, 0, 0, 0)",85910
"count_enc,median_imp,max_abs_scale,under_samp,no_sel",0.10693923846940356,0.0,0.025512030224696752,0.02705589177643286,0.051334008780817286,0.0,0.026343154246100564,0.027055891776432972,1.234448481093988,13,"(1, 0, 0, 0)",85910
"target_enc,most_freq_imp,k_best_sel,no_samp,no_scale",0.10443272475148435,0.0,0.021366367683748506,0.029325988334413466,0.060535117056856214,0.0,0.031212277978961867,0.026910496580434207,1.2512837759180453,13,"(1, 0, 0, 0)",85910
"count_enc,most_freq_imp,no_sel,under_samp,max_abs_scale",0.09889459676004014,0.0,0.019070514897422272,0.027233891064435745,0.05165428764348412,0.0,0.026511869693294,0.027233891064435745,1.2143286589528437,13,"(1, 0, 0, 0)",85910
"target_enc,most_freq_imp,no_scale,under_samp,k_best_sel",0.10332774162182307,0.0,0.01646134057146293,0.02652189391242432,0.05037187288708589,0.0,0.025836656840645067,0.02652189391242432,1.2255830303840491,13,"(1, 0, 0, 0)",85910
"target_enc,median_imp,k_best_sel,no_samp,max_abs_scale",0.10443272475148435,0.0,0.021366367683748506,0.029325988334413466,0.060535117056856214,0.0,0.031212277978961867,0.026910496580434207,1.2512837759180453,13,"(1, 0, 0, 0)",85910
"target_enc,mean_imp,no_scale,no_samp,k_best_sel",0.10443272475148435,0.0,0.021366367683748506,0.029325988334413466,0.060535117056856214,0.0,0.031212277978961867,0.026910496580434207,1.2512837759180453,13,"(1, 0, 0, 0)",85910
"target_enc,median_imp,k_best_sel,no_samp,no_scale",0.10443272475148435,0.0,0.021366367683748506,0.029325988334413466,0.060535117056856214,0.0,0.031212277978961867,0.026910496580434207,1.2512837759180453,13,"(1, 0, 0, 0)",85910
"count_enc,median_imp,max_abs_scale,no_samp,no_sel",0.10443272475148435,0.0,0.021366367683748506,0.029325988334413466,0.060535117056856214,0.0,0.031212277978961867,0.026910496580434207,1.2512837759180453,13,"(1, 0, 0, 0)",85910
"target_enc,median_imp,no_scale,no_samp,k_best_sel",0.10443272475148435,0.0,0.021366367683748506,0.029325988334413466,0.060535117056856214,0.0,0.031212277978961867,0.026910496580434207,1.2512837759180453,13,"(1, 0, 0, 0)",85910
"count_enc,most_freq_imp,max_abs_scale,under_samp,no_sel",0.09813838710832962,0.0,0.02440462832567402,0.027233891064435745,0.05165428764348412,0.0,0.026511869693294,0.027233891064435745,1.212538407306452,13,"(1, 0, 0, 0)",85910
"target_enc,mean_imp,no_scale,no_samp,k_best_sel",0.10443272475148435,0.0,0.021366367683748506,0.029325988334413466,0.060535117056856214,0.0,0.031212277978961867,0.026910496580434207,1.2512837759180453,14,"(1, 0, 0, 0)",85910
"target_enc,median_imp,k_best_sel,no_samp,max_abs_scale",0.10443272475148435,0.0,0.021366367683748506,0.029325988334413466,0.060535117056856214,0.0,0.031212277978961867,0.026910496580434207,1.2512837759180453,14,"(1, 0, 0, 0)",85910
"target_enc,median_imp,no_sel,no_samp,no_scale",0.10443272475148435,0.0,0.021366367683748506,0.029325988334413466,0.060535117056856214,0.0,0.031212277978961867,0.026910496580434207,1.2512837759180453,14,"(1, 0, 0, 0)",85910
"target_enc,median_imp,k_best_sel,under_samp,max_abs_scale",0.1031010290767525,0.0,0.020186537573827927,0.02687789248843009,0.051013513513513464,0.0,0.026174380308545686,0.026877892488429977,1.224893584210145,14,"(1, 0, 0, 0)",85910
"count_enc,most_freq_imp,max_abs_scale,no_samp,no_sel",0.10443272475148435,0.0,0.021366367683748506,0.029325988334413466,0.060535117056856214,0.0,0.031212277978961867,0.026910496580434207,1.2512837759180453,14,"(1, 0, 0, 0)",85910
"target_enc,most_freq_imp,k_best_sel,no_samp,no_scale",0.10443272475148435,0.0,0.021366367683748506,0.029325988334413466,0.060535117056856214,0.0,0.031212277978961867,0.026910496580434207,1.2512837759180453,14,"(1, 0, 0, 0)",85910
"target_enc,most_freq_imp,no_scale,under_samp,k_best_sel",0.10445741295109007,0.0,0.025576536181612257,0.027233891064435745,0.05165428764348412,0.0,0.026511869693294,0.027233891064435745,1.2281601661793797,14,"(1, 0, 0, 0)",85910
"count_enc,most_freq_imp,max_abs_scale,no_samp,k_best_sel",0.10443272475148435,0.0,0.021366367683748506,0.029325988334413466,0.060535117056856214,0.0,0.031212277978961867,0.026910496580434207,1.2512837759180453,14,"(1, 0, 0, 0)",85910
"count_enc,most_freq_imp,max_abs_scale,under_samp,no_sel",0.10611736179566494,0.0,0.020145781537913715,0.0275898896404414,0.0522941970310391,0.0,0.02684912523817773,0.02758988964044151,1.2320400376591845,14,"(1, 0, 0, 0)",85910
"count_enc,most_freq_imp,no_sel,under_samp,max_abs_scale",0.10607430572079268,0.0,0.01924698129680357,0.025453898184407242,0.04844173441734423,0.0,0.024822079500086858,0.025453898184407242,1.2330197132616487,14,"(1, 0, 0, 0)",85910
"count_enc,most_freq_imp,no_sel,under_samp,max_abs_scale",0.09599298893952146,0.0,0.01885074529855274,0.02687789248843009,0.051013513513513464,0.0,0.026174380308545686,0.026877892488429977,1.207393628528689,15,"(1, 0, 0, 0)",85910
"count_enc,most_freq_imp,max_abs_scale,no_samp,k_best_sel",0.10443272475148435,0.0,0.021366367683748506,0.029325988334413466,0.060535117056856214,0.0,0.031212277978961867,0.026910496580434207,1.2512837759180453,15,"(1, 0, 0, 0)",85910
"target_enc,most_freq_imp,max_abs_scale,no_samp,k_best_sel",0.10443272475148435,0.0,0.021366367683748506,0.029325988334413466,0.060535117056856214,0.0,0.031212277978961867,0.026910496580434207,1.2512837759180453,15,"(1, 0, 0, 0)",85910
"count_enc,median_imp,k_best_sel,under_samp,max_abs_scale",0.09940973793842428,0.0,0.016332452944453603,0.02812388750444994,0.05325244354566905,0.0,0.027354570637119102,0.02812388750445005,1.215140477627933,15,"(1, 0, 0, 0)",85910
"target_enc,median_imp,k_best_sel,no_samp,max_abs_scale",0.10443272475148435,0.0,0.021366367683748506,0.029325988334413466,0.060535117056856214,0.0,0.031212277978961867,0.026910496580434207,1.2512837759180453,15,"(1, 0, 0, 0)",85910
"count_enc,most_freq_imp,max_abs_scale,no_samp,no_sel",0.10443272475148435,0.0,0.021366367683748506,0.029325988334413466,0.060535117056856214,0.0,0.031212277978961867,0.026910496580434207,1.2512837759180453,15,"(1, 0, 0, 0)",85910
"target_enc,median_imp,k_best_sel,under_samp,max_abs_scale",0.10701592546016592,0.0,0.017327731110419214,0.027945888216447168,0.052933243425488885,0.0,0.02718614718614709,0.027945888216447057,1.2340589414484686,15,"(1, 0, 0, 0)",85910
"target_enc,most_freq_imp,no_scale,no_samp,k_best_sel",0.10443272475148435,0.0,0.021366367683748506,0.029325988334413466,0.060535117056856214,0.0,0.031212277978961867,0.026910496580434207,1.2512837759180453,15,"(1, 0, 0, 0)",85910
"target_enc,median_imp,no_sel,no_samp,no_scale",0.10443272475148435,0.0,0.021366367683748506,0.029325988334413466,0.060535117056856214,0.0,0.031212277978961867,0.026910496580434207,1.2512837759180453,15,"(1, 0, 0, 0)",85910
"target_enc,most_freq_imp,k_best_sel,no_samp,no_scale",0.10443272475148435,0.0,0.021366367683748506,0.029325988334413466,0.060535117056856214,0.0,0.031212277978961867,0.026910496580434207,1.2512837759180453,15,"(1, 0, 0, 0)",85910
"target_enc,most_freq_imp,max_abs_scale,no_samp,k_best_sel",0.10443272475148435,0.0,0.021366367683748506,0.029325988334413466,0.060535117056856214,0.0,0.031212277978961867,0.026910496580434207,1.2512837759180453,16,"(1, 0, 0, 0)",85910
"target_enc,most_freq_imp,no_scale,no_samp,k_best_sel",0.10443272475148435,0.0,0.021366367683748506,0.029325988334413466,0.060535117056856214,0.0,0.031212277978961867,0.026910496580434207,1.2512837759180453,16,"(1, 0, 0, 0)",85910
"count_enc,median_imp,max_abs_scale,under_samp,k_best_sel",0.10391004939068066,0.0,0.023063380281690138,0.02687789248843009,0.051013513513513464,0.0,0.026174380308545686,0.026877892488429977,1.2269424342595074,16,"(1, 0, 0, 0)",85910
"target_enc,most_freq_imp,k_best_sel,no_samp,no_scale",0.10443272475148435,0.0,0.021366367683748506,0.029325988334413466,0.060535117056856214,0.0,0.031212277978961867,0.026910496580434207,1.2512837759180453,16,"(1, 0, 0, 0)",85910
"target_enc,median_imp,k_best_sel,under_samp,max_abs_scale",0.10127804544430152,0.0,0.021088326068624007,0.027767888928444284,0.05261382799325465,0.0,0.02701766539660544,0.027767888928444284,1.2199614297250516,16,"(1, 0, 0, 0)",85910
"count_enc,median_imp,k_best_sel,under_samp,max_abs_scale",0.10194175861935573,0.0,0.022698684962835905,0.02687789248843009,0.051013513513513464,0.0,0.026174380308545686,0.026877892488429977,1.2220536918074392,16,"(1, 0, 0, 0)",85910
"count_enc,most_freq_imp,max_abs_scale,no_samp,k_best_sel",0.10443272475148435,0.0,0.021366367683748506,0.029325988334413466,0.060535117056856214,0.0,0.031212277978961867,0.026910496580434207,1.2512837759180453,16,"(1, 0, 0, 0)",85910
"count_enc,most_freq_imp,no_sel,under_samp,max_abs_scale",0.10378634615975085,0.0,0.024524689621271654,0.02598789604841578,0.049407783417935724,0.0,0.025329632199861174,0.02598789604841578,1.2271004368931133,16,"(1, 0, 0, 0)",85910
"target_enc,median_imp,no_sel,no_samp,no_scale",0.10443272475148435,0.0,0.021366367683748506,0.029325988334413466,0.060535117056856214,0.0,0.031212277978961867,0.026910496580434207,1.2512837759180453,16,"(1, 0, 0, 0)",85910
"target_enc,median_imp,k_best_sel,no_samp,max_abs_scale",0.10443272475148435,0.0,0.021366367683748506,0.029325988334413466,0.060535117056856214,0.0,0.031212277978961867,0.026910496580434207,1.2512837759180453,16,"(1, 0, 0, 0)",85910
"target_enc,most_freq_imp,max_abs_scale,no_samp,k_best_sel",0.10443272475148435,0.0,0.021366367683748506,0.029325988334413466,0.060535117056856214,0.0,0.031212277978961867,0.026910496580434207,1.2512837759180453,17,"(1, 0, 0, 0)",85910
"target_enc,median_imp,no_sel,no_samp,no_scale",0.10443272475148435,0.0,0.021366367683748506,0.029325988334413466,0.060535117056856214,0.0,0.031212277978961867,0.026910496580434207,1.2512837759180453,17,"(1, 0, 0, 0)",85910
"target_enc,most_freq_imp,k_best_sel,no_samp,no_scale",0.10443272475148435,0.0,0.021366367683748506,0.029325988334413466,0.060535117056856214,0.0,0.031212277978961867,0.026910496580434207,1.2512837759180453,17,"(1, 0, 0, 0)",85910
"count_enc,median_imp,k_best_sel,under_samp,max_abs_scale",0.10155467893873316,0.0,0.02302279778767031,0.027945888216447168,0.052933243425488885,0.0,0.02718614718614709,0.027945888216447057,1.2205823915516825,17,"(1, 0, 0, 0)",85910
"count_enc,most_freq_imp,max_abs_scale,no_samp,k_best_sel",0.10443272475148435,0.0,0.021366367683748506,0.029325988334413466,0.060535117056856214,0.0,0.031212277978961867,0.026910496580434207,1.2512837759180453,17,"(1, 0, 0, 0)",85910
"count_enc,most_freq_imp,no_sel,under_samp,max_abs_scale",0.10613027515235512,0.0,0.02263993074351902,0.02705589177643286,0.051334008780817286,0.0,0.026343154246100564,0.027055891776432972,1.232382359697758,17,"(1, 0, 0, 0)",85910
"target_enc,median_imp,k_best_sel,under_samp,max_abs_scale",0.10845545811216245,0.0,0.020367502330604394,0.02705589177643286,0.051334008780817286,0.0,0.026343154246100564,0.027055891776432972,1.2381766923247488,17,"(1, 0, 0, 0)",85910
"count_enc,median_imp,max_abs_scale,under_samp,k_best_sel",0.1082149861000366,0.0,0.02571555005628163,0.02474190103239582,0.047150610583446384,0.0,0.02414451971512943,0.02474190103239593,1.238880167451596,17,"(1, 0, 0, 0)",85910
"target_enc,most_freq_imp,no_scale,no_samp,k_best_sel",0.10443272475148435,0.0,0.021366367683748506,0.029325988334413466,0.060535117056856214,0.0,0.031212277978961867,0.026910496580434207,1.2512837759180453,17,"(1, 0, 0, 0)",85910
"count_enc,median_imp,min_max_scale,under_samp,k_best_sel",0.1059238476613748,0.0,0.015895882584712376,0.026165895336418665,0.049729364005412724,0.0,0.025498699045967133,0.026165895336418665,1.232227053110134,17,"(1, 0, 0, 0)",85910
"count_enc,most_freq_imp,max_abs_scale,no_samp,k_best_sel",0.10443272475148435,0.0,0.021366367683748506,0.029325988334413466,0.060535117056856214,0.0,0.031212277978961867,0.026910496580434207,1.2512837759180453,18,"(1, 0, 0, 0)",85910
"count_enc,median_imp,max_abs_scale,under_samp,k_best_sel",0.10628348170759805,0.0,0.023934161313163553,0.027945888216447168,0.052933243425488885,0.0,0.02718614718614709,0.027945888216447057,1.2323263635940913,18,"(1, 0, 0, 0)",85910
"target_enc,most_freq_imp,max_abs_scale,no_samp,k_best_sel",0.10443272475148435,0.0,0.021366367683748506,0.029325988334413466,0.060535117056856214,0.0,0.031212277978961867,0.026910496580434207,1.2512837759180453,18,"(1, 0, 0, 0)",85910
"target_enc,median_imp,k_best_sel,no_samp,no_scale",0.10443272475148435,0.0,0.021366367683748506,0.029325988334413466,0.060535117056856214,0.0,0.031212277978961867,0.026910496580434207,1.2512837759180453,18,"(1, 0, 0, 0)",85910
"target_enc,most_freq_imp,max_abs_scale,no_samp,no_sel",0.10443272475148435,0.0,0.021366367683748506,0.029325988334413466,0.060535117056856214,0.0,0.031212277978961867,0.026910496580434207,1.2512837759180453,18,"(1, 0, 0, 0)",85910
"target_enc,most_freq_imp,k_best_sel,no_samp,no_scale",0.10443272475148435,0.0,0.021366367683748506,0.029325988334413466,0.060535117056856214,0.0,0.031212277978961867,0.026910496580434207,1.2512837759180453,18,"(1, 0, 0, 0)",85910
"target_enc,most_freq_imp,no_scale,no_samp,k_best_sel",0.10443272475148435,0.0,0.021366367683748506,0.029325988334413466,0.060535117056856214,0.0,0.031212277978961867,0.026910496580434207,1.2512837759180453,18,"(1, 0, 0, 0)",85910
"count_enc,median_imp,k_best_sel,under_samp,max_abs_scale",0.10521319052288547,0.0,0.02277991032547337,0.026699893200427205,0.0506928016221696,0.0,0.026005547850207922,0.026699893200427205,1.2302756287948802,18,"(1, 0, 0, 0)",85910
"target_enc,median_imp,no_sel,no_samp,no_scale",0.10443272475148435,0.0,0.021366367683748506,0.029325988334413466,0.060535117056856214,0.0,0.031212277978961867,0.026910496580434207,1.2512837759180453,18,"(1, 0, 0, 0)",85910
"count_enc,median_imp,min_max_scale,under_samp,k_best_sel",0.10498825563387976,0.0,0.025564780118016966,0.02812388750444994,0.05325244354566905,0.0,0.027354570637119102,0.02812388750445005,1.2290321830995734,18,"(1, 0, 0, 0)",85910
"target_enc,median_imp,k_best_sel,no_samp,no_scale",0.10443272475148435,0.0,0.021366367683748506,0.029325988334413466,0.060535117056856214,0.0,0.031212277978961867,0.026910496580434207,1.2512837759180453,19,"(1, 0, 0, 0)",85910
"target_enc,most_freq_imp,no_scale,no_samp,k_best_sel",0.10443272475148435,0.0,0.021366367683748506,0.029325988334413466,0.060535117056856214,0.0,0.031212277978961867,0.026910496580434207,1.2512837759180453,19,"(1, 0, 0, 0)",85910
"target_enc,most_freq_imp,max_abs_scale,no_samp,k_best_sel",0.10443272475148435,0.0,0.021366367683748506,0.029325988334413466,0.060535117056856214,0.0,0.031212277978961867,0.026910496580434207,1.2512837759180453,19,"(1, 0, 0, 0)",85910
"ordinal_enc,most_freq_imp,max_abs_scale,no_samp,no_sel",0.10443272475148435,0.0,0.021366367683748506,0.029325988334413466,0.060535117056856214,0.0,0.031212277978961867,0.026910496580434207,1.2512837759180453,19,"(1, 0, 0, 0)",85910
"count_enc,most_freq_imp,max_abs_scale,no_samp,k_best_sel",0.10443272475148435,0.0,0.021366367683748506,0.029325988334413466,0.060535117056856214,0.0,0.031212277978961867,0.026910496580434207,1.2512837759180453,19,"(1, 0, 0, 0)",85910
"target_enc,most_freq_imp,k_best_sel,no_samp,no_scale",0.10443272475148435,0.0,0.021366367683748506,0.029325988334413466,0.060535117056856214,0.0,0.031212277978961867,0.026910496580434207,1.2512837759180453,19,"(1, 0, 0, 0)",85910
"target_enc,median_imp,no_sel,no_samp,no_scale",0.10443272475148435,0.0,0.021366367683748506,0.029325988334413466,0.060535117056856214,0.0,0.031212277978961867,0.026910496580434207,1.2512837759180453,19,"(1, 0, 0, 0)",85910
"target_enc,most_freq_imp,max_abs_scale,no_samp,no_sel",0.10443272475148435,0.0,0.021366367683748506,0.029325988334413466,0.060535117056856214,0.0,0.031212277978961867,0.026910496580434207,1.2512837759180453,19,"(1, 0, 0, 0)",85910
"count_enc,median_imp,max_abs_scale,under_samp,k_best_sel",0.10321476760640902,0.0,0.01832345369827971,0.026699893200427205,0.0506928016221696,0.0,0.026005547850207922,0.026699893200427205,1.2252391468412063,19,"(1, 0, 0, 0)",85910
"count_enc,median_imp,k_best_sel,under_samp,max_abs_scale",0.10974854400564754,0.0,0.022327243614786142,0.02580989676041301,0.04908598510494244,0.0,0.025160506680548367,0.025809896760412898,1.242133520031,19,"(1, 0, 0, 0)",85910
"target_enc,most_freq_imp,k_best_sel,no_samp,max_abs_scale",0.10443272475148435,0.0,0.021366367683748506,0.029325988334413466,0.060535117056856214,0.0,0.031212277978961867,0.026910496580434207,1.2512837759180453,20,"(1, 0, 0, 0)",85910
"target_enc,most_freq_imp,no_scale,no_samp,k_best_sel",0.10443272475148435,0.0,0.021366367683748506,0.029325988334413466,0.060535117056856214,0.0,0.031212277978961867,0.026910496580434207,1.2512837759180453,20,"(1, 0, 0, 0)",85910
"count_enc,median_imp,k_best_sel,under_samp,max_abs_scale",0.10440182145899468,0.0,0.017632574233523775,0.027767888928444284,0.05261382799325465,0.0,0.02701766539660544,0.027767888928444284,1.2276439716180607,20,"(1, 0, 0, 0)",85910
"target_enc,median_imp,k_best_sel,no_samp,max_abs_scale",0.10443272475148435,0.0,0.021366367683748506,0.029325988334413466,0.060535117056856214,0.0,0.031212277978961867,0.026910496580434207,1.2512837759180453,20,"(1, 0, 0, 0)",85910
"target_enc,most_freq_imp,no_scale,no_samp,no_sel",0.10443272475148435,0.0,0.021366367683748506,0.029325988334413466,0.060535117056856214,0.0,0.031212277978961867,0.026910496580434207,1.2512837759180453,20,"(1, 0, 0, 0)",85910
"target_enc,median_imp,k_best_sel,no_samp,no_scale",0.10443272475148435,0.0,0.021366367683748506,0.029325988334413466,0.060535117056856214,0.0,0.031212277978961867,0.026910496580434207,1.2512837759180453,20,"(1, 0, 0, 0)",85910
"ordinal_enc,most_freq_imp,max_abs_scale,no_samp,no_sel",0.10443272475148435,0.0,0.021366367683748506,0.029325988334413466,0.060535117056856214,0.0,0.031212277978961867,0.026910496580434207,1.2512837759180453,20,"(1, 0, 0, 0)",85910
"count_enc,median_imp,max_abs_scale,under_samp,k_best_sel",0.10470801575536154,0.0,0.024575741913253214,0.02687789248843009,0.051013513513513464,0.0,0.026174380308545686,0.026877892488429977,1.2289502036273086,20,"(1, 0, 0, 0)",85910
"target_enc,median_imp,no_sel,no_samp,no_scale",0.10443272475148435,0.0,0.021366367683748506,0.029325988334413466,0.060535117056856214,0.0,0.031212277978961867,0.026910496580434207,1.2512837759180453,20,"(1, 0, 0, 0)",85910
"count_enc,most_freq_imp,max_abs_scale,no_samp,no_sel",0.10443272475148435,0.0,0.021366367683748506,0.029325988334413466,0.060535117056856214,0.0,0.031212277978961867,0.026910496580434207,1.2512837759180453,20,"(1, 0, 0, 0)",85910
"woe_enc,mean_imp,no_samp,no_sel,norm_scale",0.48685180634062425,0.3029693004529441,0.5892325089063544,0.29277381723914453,0.3125,0.3460306158775365,0.32968436416712277,0.2971604164728151,-1.0,0,"(0, 1, 0, 0)",85910
"onehot_enc,mean_imp,no_sel,norm_scale,under_samp",0.7000535618639528,0.16859587317564168,0.7192541444979084,0.34709861160555355,0.3834464043419268,0.19117123531505875,0.300277178934401,0.34709861160555366,-1.0,0,"(0, 1, 0, 0)",85910
"count_enc,most_freq_imp,no_scale,no_samp,no_sel",0.10466247529684969,0.0007132737489545795,0.022079641432703086,0.029650032404407,0.06057563587684067,0.0007119971520114232,0.03156805244091776,0.027266495156439863,1.2521250693577033,0,"(0, 1, 0, 0)",85910
"woe_enc,mean_imp,k_best_sel,under_samp,no_scale",0.10135253217491175,0.0,0.014729165435071183,0.02652189391242432,0.05037187288708589,0.0,0.025836656840645067,0.02652189391242432,1.2206662725833521,0,"(0, 1, 0, 0)",85910
"target_enc,most_freq_imp,no_samp,k_best_sel,min_max_scale",0.10443272475148435,0.0,0.021366367683748506,0.029325988334413466,0.060535117056856214,0.0,0.031212277978961867,0.026910496580434207,1.2512837759180453,0,"(0, 1, 0, 0)",85910
"target_enc,most_freq_imp,k_best_sel,over_samp,quant_scale",0.10989514447423293,0.0,0.021366367683748506,0.026910496580434096,0.05107223476297973,0.0,0.026205298972057367,0.026910496580434207,1.2421783301342058,0,"(0, 1, 0, 0)",85910
"onehot_enc,most_freq_imp,max_abs_scale,over_samp,no_sel",0.09942869372805824,0.0,0.021366367683748506,0.026910496580434096,0.05107223476297973,0.0,0.026205298972057367,0.026910496580434207,1.2155863596898298,0,"(0, 1, 0, 0)",85910
"count_enc,median_imp,k_best_sel,under_samp,no_scale",0.10642272407293868,0.0007132737489545795,0.02629265793342818,0.027945888216447168,0.05232950708980422,0.0007119971520114232,0.02720499046958924,0.02794588821644728,1.233069465235057,0,"(0, 1, 0, 0)",85910
"count_enc,most_freq_imp,over_samp,quant_scale,no_sel",0.10177809860440423,0.0,0.021366367683748506,0.026910496580434096,0.05107223476297973,0.0,0.026205298972057367,0.026910496580434207,1.2214769341879572,0,"(0, 1, 0, 0)",85910
"count_enc,mean_imp,max_abs_scale,no_samp,no_sel",0.10443272475148435,0.0,0.021366367683748506,0.029325988334413466,0.060535117056856214,0.0,0.031212277978961867,0.026910496580434207,1.2512837759180453,0,"(0, 1, 0, 0)",85910
"count_enc,most_freq_imp,max_abs_scale,over_samp,no_sel",0.10582449160035368,0.0,0.021366367683748506,0.026910496580434096,0.05107223476297973,0.0,0.026205298972057367,0.026910496580434207,1.2317279767666989,1,"(0, 1, 0, 0)",85910
"onehot_enc,most_freq_imp,over_samp,quant_scale,no_sel",0.09608619976113575,0.0,0.021366367683748506,0.026910496580434096,0.05107223476297973,0.0,0.026205298972057367,0.026910496580434207,1.207281999673034,1,"(0, 1, 0, 0)",85910
"woe_enc,most_freq_imp,k_best_sel,under_samp,no_scale",0.10596258225798755,0.0,0.019976931949250286,0.026165895336418665,0.049729364005412724,0.0,0.025498699045967133,0.026165895336418665,1.232382680396997,1,"(0, 1, 0, 0)",85910
"target_enc,mean_imp,k_best_sel,over_samp,quant_scale",0.11023547755024365,0.0,0.021366367683748506,0.026910496580434096,0.05107223476297973,0.0,0.026205298972057367,0.026910496580434207,1.2430584205985273,1,"(0, 1, 0, 0)",85910
"target_enc,most_freq_imp,no_samp,k_best_sel,no_scale",0.10443272475148435,0.0,0.021366367683748506,0.029325988334413466,0.060535117056856214,0.0,0.031212277978961867,0.026910496580434207,1.2512837759180453,1,"(0, 1, 0, 0)",85910
"count_enc,most_freq_imp,min_max_scale,no_samp,no_sel",0.10443272475148435,0.0,0.021366367683748506,0.029325988334413466,0.060535117056856214,0.0,0.031212277978961867,0.026910496580434207,1.2512837759180453,1,"(0, 1, 0, 0)",85910
"woe_enc,mean_imp,no_samp,no_sel,norm_scale",0.48685180634062425,0.3029693004529441,0.5892325089063544,0.29277381723914453,0.3125,0.3460306158775365,0.32968436416712277,0.2971604164728151,-1.0,1,"(0, 1, 0, 0)",85910
"onehot_enc,most_freq_imp,max_abs_scale,over_samp,no_sel",0.1068398594265576,0.0,0.021366367683748506,0.026910496580434096,0.05107223476297973,0.0,0.026205298972057367,0.026910496580434207,1.2343215946064017,1,"(0, 1, 0, 0)",85910
"target_enc,most_freq_imp,k_best_sel,over_samp,quant_scale",0.10582449160035368,0.0,0.021366367683748506,0.026910496580434096,0.05107223476297973,0.0,0.026205298972057367,0.026910496580434207,1.2317279767666989,1,"(0, 1, 0, 0)",85910
"woe_enc,mean_imp,k_best_sel,under_samp,no_scale",0.10537536697889,0.0,0.026383113945321758,0.02652189391242432,0.05037187288708589,0.0,0.025836656840645067,0.02652189391242432,1.2308222324299496,1,"(0, 1, 0, 0)",85910
"onehot_enc,most_freq_imp,over_samp,quant_scale,no_sel",0.10278745179669879,0.0,0.021366367683748506,0.026910496580434096,0.05107223476297973,0.0,0.026205298972057367,0.026910496580434207,1.2240214040597917,2,"(0, 1, 0, 0)",85910
"onehot_enc,most_freq_imp,max_abs_scale,over_samp,no_sel",0.1011060208131751,0.0,0.021366367683748506,0.026910496580434096,0.05107223476297973,0.0,0.026205298972057367,0.026910496580434207,1.2197873002586308,2,"(0, 1, 0, 0)",85910
"target_enc,most_freq_imp,over_samp,k_best_sel,no_scale",0.10514842256479134,0.0,0.021366367683748506,0.026910496580434096,0.05107223476297973,0.0,0.026205298972057367,0.026910496580434207,1.2300058248180556,2,"(0, 1, 0, 0)",85910
"onehot_enc,most_freq_imp,no_samp,quant_scale,no_sel",0.10443272475148435,0.0,0.021366367683748506,0.029325988334413466,0.060535117056856214,0.0,0.031212277978961867,0.026910496580434207,1.2512837759180453,2,"(0, 1, 0, 0)",85910
"count_enc,most_freq_imp,min_max_scale,no_samp,no_sel",0.10443272475148435,0.0,0.021366367683748506,0.029325988334413466,0.060535117056856214,0.0,0.031212277978961867,0.026910496580434207,1.2512837759180453,2,"(0, 1, 0, 0)",85910
"count_enc,most_freq_imp,max_abs_scale,over_samp,no_sel",0.1075176177979093,0.0,0.021366367683748506,0.026910496580434096,0.05107223476297973,0.0,0.026205298972057367,0.026910496580434207,1.2360576491924915,2,"(0, 1, 0, 0)",85910
"target_enc,most_freq_imp,no_samp,k_best_sel,no_scale",0.10443272475148435,0.0,0.021366367683748506,0.029325988334413466,0.060535117056856214,0.0,0.031212277978961867,0.026910496580434207,1.2512837759180453,2,"(0, 1, 0, 0)",85910
"target_enc,most_freq_imp,k_best_sel,over_samp,quant_scale",0.11193973755986514,0.0,0.021366367683748506,0.026910496580434096,0.05107223476297973,0.0,0.026205298972057367,0.026910496580434207,1.2474805626446674,2,"(0, 1, 0, 0)",85910
"woe_enc,most_freq_imp,k_best_sel,under_samp,no_scale",0.10184015424979465,0.0,0.026324123060627834,0.02812388750444994,0.05325244354566905,0.0,0.027354570637119102,0.02812388750445005,1.221243020285723,2,"(0, 1, 0, 0)",85910
"woe_enc,mean_imp,k_best_sel,under_samp,no_scale",0.10441293781044259,0.0,0.02012358453162623,0.027233891064435745,0.05165428764348412,0.0,0.026511869693294,0.027233891064435745,1.2279742690601705,2,"(0, 1, 0, 0)",85910
"onehot_enc,most_freq_imp,no_samp,min_max_scale,no_sel",0.10443272475148435,0.0,0.021366367683748506,0.029325988334413466,0.060535117056856214,0.0,0.031212277978961867,0.026910496580434207,1.2512837759180453,3,"(0, 1, 0, 0)",85910
"count_enc,most_freq_imp,quant_scale,no_samp,no_sel",0.10443272475148435,0.0,0.021366367683748506,0.029325988334413466,0.060535117056856214,0.0,0.031212277978961867,0.026910496580434207,1.2512837759180453,3,"(0, 1, 0, 0)",85910
"onehot_enc,most_freq_imp,no_scale,over_samp,no_sel",0.10582449160035368,0.0,0.021366367683748506,0.026910496580434096,0.05107223476297973,0.0,0.026205298972057367,0.026910496580434207,1.2317279767666989,3,"(0, 1, 0, 0)",85910
"onehot_enc,most_freq_imp,over_samp,max_abs_scale,no_sel",0.10819605627991374,0.0,0.021366367683748506,0.026910496580434096,0.05107223476297973,0.0,0.026205298972057367,0.026910496580434207,1.237799324474859,3,"(0, 1, 0, 0)",85910
"onehot_enc,most_freq_imp,quant_scale,over_samp,no_sel",0.09808976135936426,0.0,0.021366367683748506,0.026910496580434096,0.05107223476297973,0.0,0.026205298972057367,0.026910496580434207,1.2122491521838517,3,"(0, 1, 0, 0)",85910
"target_enc,most_freq_imp,no_samp,k_best_sel,no_scale",0.10443272475148435,0.0,0.021366367683748506,0.029325988334413466,0.060535117056856214,0.0,0.031212277978961867,0.026910496580434207,1.2512837759180453,3,"(0, 1, 0, 0)",85910
"onehot_enc,most_freq_imp,no_samp,quant_scale,no_sel",0.10443272475148435,0.0,0.021366367683748506,0.029325988334413466,0.060535117056856214,0.0,0.031212277978961867,0.026910496580434207,1.2512837759180453,3,"(0, 1, 0, 0)",85910
"count_enc,most_freq_imp,min_max_scale,no_samp,no_sel",0.10443272475148435,0.0,0.021366367683748506,0.029325988334413466,0.060535117056856214,0.0,0.031212277978961867,0.026910496580434207,1.2512837759180453,3,"(0, 1, 0, 0)",85910
"target_enc,most_freq_imp,over_samp,no_sel,max_abs_scale",0.10077022830255111,0.0,0.021366367683748506,0.026910496580434096,0.05107223476297973,0.0,0.026205298972057367,0.026910496580434207,1.218944475042852,3,"(0, 1, 0, 0)",85910
"onehot_enc,most_freq_imp,over_samp,quant_scale,no_sel",0.10616277866129653,0.0,0.021366367683748506,0.026910496580434096,0.05107223476297973,0.0,0.026205298972057367,0.026910496580434207,1.2325911265050304,3,"(0, 1, 0, 0)",85910
"onehot_enc,most_freq_imp,over_samp,max_abs_scale,no_sel",0.10413557707022958,0.0,0.021366367683748506,0.026910496580434096,0.05107223476297973,0.0,0.026205298972057367,0.026910496580434207,1.2274329029077171,4,"(0, 1, 0, 0)",85910
"onehot_enc,most_freq_imp,no_scale,over_samp,no_sel",0.11125751335707929,0.0,0.021366367683748506,0.026910496580434096,0.05107223476297973,0.0,0.026205298972057367,0.026910496580434207,1.2457073500491642,4,"(0, 1, 0, 0)",85910
"onehot_enc,most_freq_imp,no_samp,quant_scale,no_sel",0.10443272475148435,0.0,0.021366367683748506,0.029325988334413466,0.060535117056856214,0.0,0.031212277978961867,0.026910496580434207,1.2512837759180453,4,"(0, 1, 0, 0)",85910
"onehot_enc,most_freq_imp,no_samp,min_max_scale,no_sel",0.10443272475148435,0.0,0.021366367683748506,0.029325988334413466,0.060535117056856214,0.0,0.031212277978961867,0.026910496580434207,1.2512837759180453,4,"(0, 1, 0, 0)",85910
"count_enc,most_freq_imp,quant_scale,no_samp,no_sel",0.10443272475148435,0.0,0.021366367683748506,0.029325988334413466,0.060535117056856214,0.0,0.031212277978961867,0.026910496580434207,1.2512837759180453,4,"(0, 1, 0, 0)",85910
"target_enc,most_freq_imp,no_samp,k_best_sel,no_scale",0.10443272475148435,0.0,0.021366367683748506,0.029325988334413466,0.060535117056856214,0.0,0.031212277978961867,0.026910496580434207,1.2512837759180453,4,"(0, 1, 0, 0)",85910
"onehot_enc,most_freq_imp,quant_scale,over_samp,no_sel",0.10717865375511565,0.0,0.021366367683748506,0.026910496580434096,0.05107223476297973,0.0,0.026205298972057367,0.026910496580434207,1.235188921456804,4,"(0, 1, 0, 0)",85910
"target_enc,most_freq_imp,over_samp,no_sel,max_abs_scale",0.10955498363235211,0.0,0.021366367683748506,0.026910496580434096,0.05107223476297973,0.0,0.026205298972057367,0.026910496580434207,1.2412996752998284,4,"(0, 1, 0, 0)",85910
"ordinal_enc,most_freq_imp,no_samp,min_max_scale,no_sel",0.10443272475148435,0.0,0.021366367683748506,0.029325988334413466,0.060535117056856214,0.0,0.031212277978961867,0.026910496580434207,1.2512837759180453,4,"(0, 1, 0, 0)",85910
"count_enc,most_freq_imp,min_max_scale,no_samp,no_sel",0.10443272475148435,0.0,0.021366367683748506,0.029325988334413466,0.060535117056856214,0.0,0.031212277978961867,0.026910496580434207,1.2512837759180453,4,"(0, 1, 0, 0)",85910
"onehot_enc,most_freq_imp,quant_scale,over_samp,no_sel",0.1031242338202612,0.0,0.021366367683748506,0.026910496580434096,0.05107223476297973,0.0,0.026205298972057367,0.026910496580434207,1.2248722485802046,5,"(0, 1, 0, 0)",85910
"count_enc,most_freq_imp,quant_scale,no_samp,no_sel",0.10443272475148435,0.0,0.021366367683748506,0.029325988334413466,0.060535117056856214,0.0,0.031212277978961867,0.026910496580434207,1.2512837759180453,5,"(0, 1, 0, 0)",85910
"target_enc,most_freq_imp,over_samp,no_sel,quant_scale",0.09909371743484596,0.0,0.021366367683748506,0.026910496580434096,0.05107223476297973,0.0,0.026205298972057367,0.026910496580434207,1.2147501074893812,5,"(0, 1, 0, 0)",85910
"onehot_enc,most_freq_imp,no_samp,max_abs_scale,no_sel",0.10443272475148435,0.0,0.021366367683748506,0.029325988334413466,0.060535117056856214,0.0,0.031212277978961867,0.026910496580434207,1.2512837759180453,5,"(0, 1, 0, 0)",85910
"onehot_enc,most_freq_imp,no_samp,quant_scale,no_sel",0.10443272475148435,0.0,0.021366367683748506,0.029325988334413466,0.060535117056856214,0.0,0.031212277978961867,0.026910496580434207,1.2512837759180453,5,"(0, 1, 0, 0)",85910
"onehot_enc,most_freq_imp,over_samp,max_abs_scale,no_sel",0.09442095783421556,0.0,0.021366367683748506,0.026910496580434096,0.05107223476297973,0.0,0.026205298972057367,0.026910496580434207,1.2031776187322951,5,"(0, 1, 0, 0)",85910
"onehot_enc,most_freq_imp,no_samp,min_max_scale,no_sel",0.10443272475148435,0.0,0.021366367683748506,0.029325988334413466,0.060535117056856214,0.0,0.031212277978961867,0.026910496580434207,1.2512837759180453,5,"(0, 1, 0, 0)",85910
"target_enc,most_freq_imp,over_samp,no_sel,max_abs_scale",0.10447302490708815,0.0,0.021366367683748506,0.026910496580434096,0.05107223476297973,0.0,0.026205298972057367,0.026910496580434207,1.2282891749657296,5,"(0, 1, 0, 0)",85910
"target_enc,most_freq_imp,no_samp,k_best_sel,no_scale",0.10443272475148435,0.0,0.021366367683748506,0.029325988334413466,0.060535117056856214,0.0,0.031212277978961867,0.026910496580434207,1.2512837759180453,5,"(0, 1, 0, 0)",85910
"onehot_enc,most_freq_imp,no_scale,over_samp,no_sel",0.0984242515520139,0.0,0.021366367683748506,0.026910496580434096,0.05107223476297973,0.0,0.026205298972057367,0.026910496580434207,1.2130815076254027,5,"(0, 1, 0, 0)",85910
"onehot_enc,most_freq_imp,over_samp,max_abs_scale,no_sel",0.10819605627991374,0.0,0.021366367683748506,0.026910496580434096,0.05107223476297973,0.0,0.026205298972057367,0.026910496580434207,1.237799324474859,6,"(0, 1, 0, 0)",85910
"target_enc,most_freq_imp,no_samp,no_sel,quant_scale",0.10443272475148435,0.0,0.021366367683748506,0.029325988334413466,0.060535117056856214,0.0,0.031212277978961867,0.026910496580434207,1.2512837759180453,6,"(0, 1, 0, 0)",85910
"onehot_enc,most_freq_imp,quant_scale,over_samp,no_sel",0.10514842256479134,0.0,0.021366367683748506,0.026910496580434096,0.05107223476297973,0.0,0.026205298972057367,0.026910496580434207,1.2300058248180556,6,"(0, 1, 0, 0)",85910
"target_enc,most_freq_imp,over_samp,no_sel,max_abs_scale",0.10211438449528432,0.0,0.021366367683748506,0.026910496580434096,0.05107223476297973,0.0,0.026205298972057367,0.026910496580434207,1.222323750917415,6,"(0, 1, 0, 0)",85910
"onehot_enc,most_freq_imp,no_samp,max_abs_scale,no_sel",0.10443272475148435,0.0,0.021366367683748506,0.029325988334413466,0.060535117056856214,0.0,0.031212277978961867,0.026910496580434207,1.2512837759180453,6,"(0, 1, 0, 0)",85910
"target_enc,most_freq_imp,over_samp,no_sel,quant_scale",0.10717865375511565,0.0,0.021366367683748506,0.026910496580434096,0.05107223476297973,0.0,0.026205298972057367,0.026910496580434207,1.235188921456804,6,"(0, 1, 0, 0)",85910
"onehot_enc,most_freq_imp,no_samp,quant_scale,no_sel",0.10443272475148435,0.0,0.021366367683748506,0.029325988334413466,0.060535117056856214,0.0,0.031212277978961867,0.026910496580434207,1.2512837759180453,6,"(0, 1, 0, 0)",85910
"count_enc,most_freq_imp,quant_scale,no_samp,no_sel",0.10443272475148435,0.0,0.021366367683748506,0.029325988334413466,0.060535117056856214,0.0,0.031212277978961867,0.026910496580434207,1.2512837759180453,6,"(0, 1, 0, 0)",85910
"onehot_enc,most_freq_imp,no_scale,over_samp,no_sel",0.10717865375511565,0.0,0.021366367683748506,0.026910496580434096,0.05107223476297973,0.0,0.026205298972057367,0.026910496580434207,1.235188921456804,6,"(0, 1, 0, 0)",85910
"onehot_enc,most_freq_imp,no_samp,min_max_scale,no_sel",0.10443272475148435,0.0,0.021366367683748506,0.029325988334413466,0.060535117056856214,0.0,0.031212277978961867,0.026910496580434207,1.2512837759180453,6,"(0, 1, 0, 0)",85910
"onehot_enc,most_freq_imp,no_samp,quant_scale,no_sel",0.10443272475148435,0.0,0.021366367683748506,0.029325988334413466,0.060535117056856214,0.0,0.031212277978961867,0.026910496580434207,1.2512837759180453,7,"(0, 1, 0, 0)",85910
"target_enc,most_freq_imp,over_samp,no_sel,quant_scale",0.10921499470792762,0.0,0.021366367683748506,0.026910496580434096,0.05107223476297973,0.0,0.026205298972057367,0.026910496580434207,1.240422451693307,7,"(0, 1, 0, 0)",85910
"target_enc,most_freq_imp,no_samp,no_sel,quant_scale",0.10443272475148435,0.0,0.021366367683748506,0.029325988334413466,0.060535117056856214,0.0,0.031212277978961867,0.026910496580434207,1.2512837759180453,7,"(0, 1, 0, 0)",85910
"target_enc,most_freq_imp,over_samp,no_sel,max_abs_scale",0.10819605627991374,0.0,0.021366367683748506,0.026910496580434096,0.05107223476297973,0.0,0.026205298972057367,0.026910496580434207,1.237799324474859,7,"(0, 1, 0, 0)",85910
"onehot_enc,most_freq_imp,quant_scale,over_samp,no_sel",0.10481063996876538,0.0,0.021366367683748506,0.026910496580434096,0.05107223476297973,0.0,0.026205298972057367,0.026910496580434207,1.2291468142174262,7,"(0, 1, 0, 0)",85910
"onehot_enc,most_freq_imp,over_samp,max_abs_scale,no_sel",0.10413557707022958,0.0,0.021366367683748506,0.026910496580434096,0.05107223476297973,0.0,0.026205298972057367,0.026910496580434207,1.2274329029077171,7,"(0, 1, 0, 0)",85910
"onehot_enc,most_freq_imp,no_samp,max_abs_scale,no_sel",0.10443272475148435,0.0,0.021366367683748506,0.029325988334413466,0.060535117056856214,0.0,0.031212277978961867,0.026910496580434207,1.2512837759180453,7,"(0, 1, 0, 0)",85910
"onehot_enc,most_freq_imp,no_samp,min_max_scale,no_sel",0.10443272475148435,0.0,0.021366367683748506,0.029325988334413466,0.060535117056856214,0.0,0.031212277978961867,0.026910496580434207,1.2512837759180453,7,"(0, 1, 0, 0)",85910
"count_enc,most_freq_imp,quant_scale,no_samp,no_sel",0.10443272475148435,0.0,0.021366367683748506,0.029325988334413466,0.060535117056856214,0.0,0.031212277978961867,0.026910496580434207,1.2512837759180453,7,"(0, 1, 0, 0)",85910
"onehot_enc,most_freq_imp,no_scale,over_samp,no_sel",0.10278745179669879,0.0,0.021366367683748506,0.026910496580434096,0.05107223476297973,0.0,0.026205298972057367,0.026910496580434207,1.2240214040597917,7,"(0, 1, 0, 0)",85910
"target_enc,most_freq_imp,no_samp,no_sel,quant_scale",0.10443272475148435,0.0,0.021366367683748506,0.029325988334413466,0.060535117056856214,0.0,0.031212277978961867,0.026910496580434207,1.2512837759180453,8,"(0, 1, 0, 0)",85910
"count_enc,most_freq_imp,quant_scale,no_samp,no_sel",0.10443272475148435,0.0,0.021366367683748506,0.029325988334413466,0.060535117056856214,0.0,0.031212277978961867,0.026910496580434207,1.2512837759180453,8,"(0, 1, 0, 0)",85910
"onehot_enc,most_freq_imp,no_samp,max_abs_scale,no_sel",0.10443272475148435,0.0,0.021366367683748506,0.029325988334413466,0.060535117056856214,0.0,0.031212277978961867,0.026910496580434207,1.2512837759180453,8,"(0, 1, 0, 0)",85910
"onehot_enc,most_freq_imp,over_samp,max_abs_scale,no_sel",0.10616277866129653,0.0,0.021366367683748506,0.026910496580434096,0.05107223476297973,0.0,0.026205298972057367,0.026910496580434207,1.2325911265050304,8,"(0, 1, 0, 0)",85910
"onehot_enc,most_freq_imp,no_samp,quant_scale,no_sel",0.10443272475148435,0.0,0.021366367683748506,0.029325988334413466,0.060535117056856214,0.0,0.031212277978961867,0.026910496580434207,1.2512837759180453,8,"(0, 1, 0, 0)",85910
"target_enc,most_freq_imp,over_samp,no_sel,max_abs_scale",0.1105759831775433,0.0,0.021366367683748506,0.026910496580434096,0.05107223476297973,0.0,0.026205298972057367,0.026910496580434207,1.2439399511119895,8,"(0, 1, 0, 0)",85910
"onehot_enc,most_freq_imp,quant_scale,over_samp,no_sel",0.10447302490708815,0.0,0.021366367683748506,0.026910496580434096,0.05107223476297973,0.0,0.026205298972057367,0.026910496580434207,1.2282891749657296,8,"(0, 1, 0, 0)",85910
"onehot_enc,most_freq_imp,no_scale,over_samp,no_sel",0.10379829614912617,0.0,0.021366367683748506,0.026910496580434096,0.05107223476297973,0.0,0.026205298972057367,0.026910496580434207,1.2265779939039636,8,"(0, 1, 0, 0)",85910
"target_enc,most_freq_imp,over_samp,no_sel,quant_scale",0.10211438449528432,0.0,0.021366367683748506,0.026910496580434096,0.05107223476297973,0.0,0.026205298972057367,0.026910496580434207,1.222323750917415,8,"(0, 1, 0, 0)",85910
"target_enc,most_freq_imp,no_samp,quant_scale,no_sel",0.10443272475148435,0.0,0.021366367683748506,0.029325988334413466,0.060535117056856214,0.0,0.031212277978961867,0.026910496580434207,1.2512837759180453,8,"(0, 1, 0, 0)",85910
"target_enc,most_freq_imp,no_samp,quant_scale,no_sel",0.10443272475148435,0.0,0.021366367683748506,0.029325988334413466,0.060535117056856214,0.0,0.031212277978961867,0.026910496580434207,1.2512837759180453,9,"(0, 1, 0, 0)",85910
"onehot_enc,most_freq_imp,no_samp,no_sel,max_abs_scale",0.10443272475148435,0.0,0.021366367683748506,0.029325988334413466,0.060535117056856214,0.0,0.031212277978961867,0.026910496580434207,1.2512837759180453,9,"(0, 1, 0, 0)",85910
"onehot_enc,most_freq_imp,quant_scale,no_samp,no_sel",0.10443272475148435,0.0,0.021366367683748506,0.029325988334413466,0.060535117056856214,0.0,0.031212277978961867,0.026910496580434207,1.2512837759180453,9,"(0, 1, 0, 0)",85910
"count_enc,most_freq_imp,over_samp,max_abs_scale,no_sel",0.10413557707022958,0.0,0.021366367683748506,0.026910496580434096,0.05107223476297973,0.0,0.026205298972057367,0.026910496580434207,1.2274329029077171,9,"(0, 1, 0, 0)",85910
"count_enc,most_freq_imp,over_samp,no_sel,max_abs_scale",0.1075176177979093,0.0,0.021366367683748506,0.026910496580434096,0.05107223476297973,0.0,0.026205298972057367,0.026910496580434207,1.2360576491924915,9,"(0, 1, 0, 0)",85910
"target_enc,most_freq_imp,quant_scale,no_samp,no_sel",0.10443272475148435,0.0,0.021366367683748506,0.029325988334413466,0.060535117056856214,0.0,0.031212277978961867,0.026910496580434207,1.2512837759180453,9,"(0, 1, 0, 0)",85910
"onehot_enc,most_freq_imp,no_samp,max_abs_scale,no_sel",0.10443272475148435,0.0,0.021366367683748506,0.029325988334413466,0.060535117056856214,0.0,0.031212277978961867,0.026910496580434207,1.2512837759180453,9,"(0, 1, 0, 0)",85910
"onehot_enc,most_freq_imp,no_scale,over_samp,no_sel",0.1075176177979093,0.0,0.021366367683748506,0.026910496580434096,0.05107223476297973,0.0,0.026205298972057367,0.026910496580434207,1.2360576491924915,9,"(0, 1, 0, 0)",85910
"onehot_enc,most_freq_imp,no_samp,quant_scale,no_sel",0.10443272475148435,0.0,0.021366367683748506,0.029325988334413466,0.060535117056856214,0.0,0.031212277978961867,0.026910496580434207,1.2512837759180453,9,"(0, 1, 0, 0)",85910
"target_enc,most_freq_imp,no_samp,no_sel,quant_scale",0.10443272475148435,0.0,0.021366367683748506,0.029325988334413466,0.060535117056856214,0.0,0.031212277978961867,0.026910496580434207,1.2512837759180453,9,"(0, 1, 0, 0)",85910
"onehot_enc,most_freq_imp,quant_scale,no_samp,no_sel",0.10443272475148435,0.0,0.021366367683748506,0.029325988334413466,0.060535117056856214,0.0,0.031212277978961867,0.026910496580434207,1.2512837759180453,10,"(0, 1, 0, 0)",85910
"count_enc,most_freq_imp,over_samp,max_abs_scale,no_sel",0.10043459964249851,0.0,0.021366367683748506,0.026910496580434096,0.05107223476297973,0.0,0.026205298972057367,0.026910496580434207,1.2181029723409071,10,"(0, 1, 0, 0)",85910
"onehot_enc,most_freq_imp,over_samp,max_abs_scale,no_sel",0.10077022830255111,0.0,0.021366367683748506,0.026910496580434096,0.05107223476297973,0.0,0.026205298972057367,0.026910496580434207,1.218944475042852,10,"(0, 1, 0, 0)",85910
"count_enc,most_freq_imp,no_samp,max_abs_scale,no_sel",0.10443272475148435,0.0,0.021366367683748506,0.029325988334413466,0.060535117056856214,0.0,0.031212277978961867,0.026910496580434207,1.2512837759180453,10,"(0, 1, 0, 0)",85910
"onehot_enc,most_freq_imp,no_samp,max_abs_scale,no_sel",0.10443272475148435,0.0,0.021366367683748506,0.029325988334413466,0.060535117056856214,0.0,0.031212277978961867,0.026910496580434207,1.2512837759180453,10,"(0, 1, 0, 0)",85910
"onehot_enc,most_freq_imp,no_samp,no_sel,max_abs_scale",0.10443272475148435,0.0,0.021366367683748506,0.029325988334413466,0.060535117056856214,0.0,0.031212277978961867,0.026910496580434207,1.2512837759180453,10,"(0, 1, 0, 0)",85910
"target_enc,most_freq_imp,no_samp,quant_scale,no_sel",0.10443272475148435,0.0,0.021366367683748506,0.029325988334413466,0.060535117056856214,0.0,0.031212277978961867,0.026910496580434207,1.2512837759180453,10,"(0, 1, 0, 0)",85910
"onehot_enc,most_freq_imp,no_scale,over_samp,no_sel",0.10346118183518072,0.0,0.021366367683748506,0.026910496580434096,0.05107223476297973,0.0,0.026205298972057367,0.026910496580434207,1.2257244438307933,10,"(0, 1, 0, 0)",85910
"target_enc,most_freq_imp,quant_scale,no_samp,no_sel",0.10443272475148435,0.0,0.021366367683748506,0.029325988334413466,0.060535117056856214,0.0,0.031212277978961867,0.026910496580434207,1.2512837759180453,10,"(0, 1, 0, 0)",85910
"count_enc,most_freq_imp,over_samp,no_sel,max_abs_scale",0.10785675186824689,0.0,0.021366367683748506,0.026910496580434096,0.05107223476297973,0.0,0.026205298972057367,0.026910496580434207,1.236927782098116,10,"(0, 1, 0, 0)",85910
"onehot_enc,most_freq_imp,no_samp,max_abs_scale,no_sel",0.10443272475148435,0.0,0.021366367683748506,0.029325988334413466,0.060535117056856214,0.0,0.031212277978961867,0.026910496580434207,1.2512837759180453,11,"(0, 1, 0, 0)",85910
"count_enc,most_freq_imp,no_samp,max_abs_scale,no_sel",0.10443272475148435,0.0,0.021366367683748506,0.029325988334413466,0.060535117056856214,0.0,0.031212277978961867,0.026910496580434207,1.2512837759180453,11,"(0, 1, 0, 0)",85910
"target_enc,most_freq_imp,no_samp,quant_scale,no_sel",0.10443272475148435,0.0,0.021366367683748506,0.029325988334413466,0.060535117056856214,0.0,0.031212277978961867,0.026910496580434207,1.2512837759180453,11,"(0, 1, 0, 0)",85910
"count_enc,most_freq_imp,over_samp,max_abs_scale,no_sel",0.10346118183518072,0.0,0.021366367683748506,0.026910496580434096,0.05107223476297973,0.0,0.026205298972057367,0.026910496580434207,1.2257244438307933,11,"(0, 1, 0, 0)",85910
"target_enc,most_freq_imp,quant_scale,no_samp,no_sel",0.10443272475148435,0.0,0.021366367683748506,0.029325988334413466,0.060535117056856214,0.0,0.031212277978961867,0.026910496580434207,1.2512837759180453,11,"(0, 1, 0, 0)",85910
"onehot_enc,most_freq_imp,no_samp,no_sel,max_abs_scale",0.10443272475148435,0.0,0.021366367683748506,0.029325988334413466,0.060535117056856214,0.0,0.031212277978961867,0.026910496580434207,1.2512837759180453,11,"(0, 1, 0, 0)",85910
"onehot_enc,most_freq_imp,quant_scale,no_samp,no_sel",0.10443272475148435,0.0,0.021366367683748506,0.029325988334413466,0.060535117056856214,0.0,0.031212277978961867,0.026910496580434207,1.2512837759180453,11,"(0, 1, 0, 0)",85910
"onehot_enc,most_freq_imp,over_samp,max_abs_scale,no_sel",0.102450835457288,0.0,0.021366367683748506,0.026910496580434096,0.05107223476297973,0.0,0.026205298972057367,0.026910496580434207,1.2231719061926734,11,"(0, 1, 0, 0)",85910
"onehot_enc,most_freq_imp,quant_scale,over_samp,no_sel",0.10346118183518072,0.0,0.021366367683748506,0.026910496580434096,0.05107223476297973,0.0,0.026205298972057367,0.026910496580434207,1.2257244438307933,11,"(0, 1, 0, 0)",85910
"count_enc,most_freq_imp,over_samp,no_sel,max_abs_scale",0.1068398594265576,0.0,0.021366367683748506,0.026910496580434096,0.05107223476297973,0.0,0.026205298972057367,0.026910496580434207,1.2343215946064017,11,"(0, 1, 0, 0)",85910
"onehot_enc,most_freq_imp,no_samp,max_abs_scale,no_sel",0.10443272475148435,0.0,0.021366367683748506,0.029325988334413466,0.060535117056856214,0.0,0.031212277978961867,0.026910496580434207,1.2512837759180453,12,"(0, 1, 0, 0)",85910
"target_enc,most_freq_imp,no_samp,quant_scale,no_sel",0.10443272475148435,0.0,0.021366367683748506,0.029325988334413466,0.060535117056856214,0.0,0.031212277978961867,0.026910496580434207,1.2512837759180453,12,"(0, 1, 0, 0)",85910
"count_enc,most_freq_imp,over_samp,no_sel,max_abs_scale",0.10144197747882311,0.0,0.021366367683748506,0.026910496580434096,0.05107223476297973,0.0,0.026205298972057367,0.026910496580434207,1.2206314519735397,12,"(0, 1, 0, 0)",85910
"count_enc,most_freq_imp,over_samp,max_abs_scale,no_sel",0.10582449160035368,0.0,0.021366367683748506,0.026910496580434096,0.05107223476297973,0.0,0.026205298972057367,0.026910496580434207,1.2317279767666989,12,"(0, 1, 0, 0)",85910
"onehot_enc,most_freq_imp,quant_scale,over_samp,no_sel",0.10346118183518072,0.0,0.021366367683748506,0.026910496580434096,0.05107223476297973,0.0,0.026205298972057367,0.026910496580434207,1.2257244438307933,12,"(0, 1, 0, 0)",85910
"onehot_enc,most_freq_imp,no_samp,no_sel,max_abs_scale",0.10443272475148435,0.0,0.021366367683748506,0.029325988334413466,0.060535117056856214,0.0,0.031212277978961867,0.026910496580434207,1.2512837759180453,12,"(0, 1, 0, 0)",85910
"count_enc,most_freq_imp,no_samp,max_abs_scale,no_sel",0.10443272475148435,0.0,0.021366367683748506,0.029325988334413466,0.060535117056856214,0.0,0.031212277978961867,0.026910496580434207,1.2512837759180453,12,"(0, 1, 0, 0)",85910
"target_enc,most_freq_imp,quant_scale,no_samp,no_sel",0.10443272475148435,0.0,0.021366367683748506,0.029325988334413466,0.060535117056856214,0.0,0.031212277978961867,0.026910496580434207,1.2512837759180453,12,"(0, 1, 0, 0)",85910
"onehot_enc,most_freq_imp,over_samp,max_abs_scale,no_sel",0.10887517738477026,0.0,0.021366367683748506,0.026910496580434096,0.05107223476297973,0.0,0.026205298972057367,0.026910496580434207,1.2395466549295775,12,"(0, 1, 0, 0)",85910
"onehot_enc,most_freq_imp,quant_scale,no_samp,no_sel",0.10443272475148435,0.0,0.021366367683748506,0.029325988334413466,0.060535117056856214,0.0,0.031212277978961867,0.026910496580434207,1.2512837759180453,12,"(0, 1, 0, 0)",85910
"target_enc,most_freq_imp,over_samp,no_sel,max_abs_scale",0.10616277866129653,0.0,0.021366367683748506,0.026910496580434096,0.05107223476297973,0.0,0.026205298972057367,0.026910496580434207,1.2325911265050304,13,"(0, 1, 0, 0)",85910
"count_enc,most_freq_imp,no_samp,quant_scale,no_sel",0.10443272475148435,0.0,0.021366367683748506,0.029325988334413466,0.060535117056856214,0.0,0.031212277978961867,0.026910496580434207,1.2512837759180453,13,"(0, 1, 0, 0)",85910
"onehot_enc,most_freq_imp,quant_scale,over_samp,no_sel",0.10582449160035368,0.0,0.021366367683748506,0.026910496580434096,0.05107223476297973,0.0,0.026205298972057367,0.026910496580434207,1.2317279767666989,13,"(0, 1, 0, 0)",85910
"onehot_enc,most_freq_imp,over_samp,max_abs_scale,no_sel",0.09875890347674426,0.0,0.021366367683748506,0.026910496580434096,0.05107223476297973,0.0,0.026205298972057367,0.026910496580434207,1.2139151581000067,13,"(0, 1, 0, 0)",85910
"onehot_enc,most_freq_imp,no_samp,max_abs_scale,no_sel",0.10443272475148435,0.0,0.021366367683748506,0.029325988334413466,0.060535117056856214,0.0,0.031212277978961867,0.026910496580434207,1.2512837759180453,13,"(0, 1, 0, 0)",85910
"target_enc,most_freq_imp,no_samp,no_sel,quant_scale",0.10443272475148435,0.0,0.021366367683748506,0.029325988334413466,0.060535117056856214,0.0,0.031212277978961867,0.026910496580434207,1.2512837759180453,13,"(0, 1, 0, 0)",85910
"count_enc,most_freq_imp,over_samp,no_sel,max_abs_scale",0.11228111071806518,0.0,0.021366367683748506,0.026910496580434096,0.05107223476297973,0.0,0.026205298972057367,0.026910496580434207,1.2483693602964696,13,"(0, 1, 0, 0)",85910
"count_enc,most_freq_imp,over_samp,max_abs_scale,no_sel",0.10043459964249851,0.0,0.021366367683748506,0.026910496580434096,0.05107223476297973,0.0,0.026205298972057367,0.026910496580434207,1.2181029723409071,13,"(0, 1, 0, 0)",85910
"target_enc,most_freq_imp,quant_scale,no_samp,no_sel",0.10443272475148435,0.0,0.021366367683748506,0.029325988334413466,0.060535117056856214,0.0,0.031212277978961867,0.026910496580434207,1.2512837759180453,13,"(0, 1, 0, 0)",85910
"count_enc,most_freq_imp,no_samp,max_abs_scale,no_sel",0.10443272475148435,0.0,0.021366367683748506,0.029325988334413466,0.060535117056856214,0.0,0.031212277978961867,0.026910496580434207,1.2512837759180453,13,"(0, 1, 0, 0)",85910
"count_enc,most_freq_imp,over_samp,no_sel,max_abs_scale",0.10481063996876538,0.0,0.021366367683748506,0.026910496580434096,0.05107223476297973,0.0,0.026205298972057367,0.026910496580434207,1.2291468142174262,14,"(0, 1, 0, 0)",85910
"count_enc,most_freq_imp,no_samp,quant_scale,no_sel",0.10443272475148435,0.0,0.021366367683748506,0.029325988334413466,0.060535117056856214,0.0,0.031212277978961867,0.026910496580434207,1.2512837759180453,14,"(0, 1, 0, 0)",85910
"target_enc,most_freq_imp,quant_scale,over_samp,no_sel",0.102450835457288,0.0,0.021366367683748506,0.026910496580434096,0.05107223476297973,0.0,0.026205298972057367,0.026910496580434207,1.2231719061926734,14,"(0, 1, 0, 0)",85910
"onehot_enc,most_freq_imp,over_samp,no_sel,max_abs_scale",0.09942869372805824,0.0,0.021366367683748506,0.026910496580434096,0.05107223476297973,0.0,0.026205298972057367,0.026910496580434207,1.2155863596898298,14,"(0, 1, 0, 0)",85910
"onehot_enc,most_freq_imp,over_samp,max_abs_scale,no_sel",0.10785675186824689,0.0,0.021366367683748506,0.026910496580434096,0.05107223476297973,0.0,0.026205298972057367,0.026910496580434207,1.236927782098116,14,"(0, 1, 0, 0)",85910
"target_enc,most_freq_imp,no_samp,no_sel,max_abs_scale",0.10443272475148435,0.0,0.021366367683748506,0.029325988334413466,0.060535117056856214,0.0,0.031212277978961867,0.026910496580434207,1.2512837759180453,14,"(0, 1, 0, 0)",85910
"count_enc,most_freq_imp,over_samp,max_abs_scale,no_sel",0.11023547755024365,0.0,0.021366367683748506,0.026910496580434096,0.05107223476297973,0.0,0.026205298972057367,0.026910496580434207,1.2430584205985273,14,"(0, 1, 0, 0)",85910
"count_enc,most_freq_imp,no_samp,max_abs_scale,no_sel",0.10443272475148435,0.0,0.021366367683748506,0.029325988334413466,0.060535117056856214,0.0,0.031212277978961867,0.026910496580434207,1.2512837759180453,14,"(0, 1, 0, 0)",85910
"target_enc,most_freq_imp,over_samp,no_sel,max_abs_scale",0.1068398594265576,0.0,0.021366367683748506,0.026910496580434096,0.05107223476297973,0.0,0.026205298972057367,0.026910496580434207,1.2343215946064017,14,"(0, 1, 0, 0)",85910
"onehot_enc,most_freq_imp,quant_scale,over_samp,no_sel",0.10785675186824689,0.0,0.021366367683748506,0.026910496580434096,0.05107223476297973,0.0,0.026205298972057367,0.026910496580434207,1.236927782098116,14,"(0, 1, 0, 0)",85910
"target_enc,most_freq_imp,over_samp,no_sel,max_abs_scale",0.10481063996876538,0.0,0.021366367683748506,0.026910496580434096,0.05107223476297973,0.0,0.026205298972057367,0.026910496580434207,1.2291468142174262,15,"(0, 1, 0, 0)",85910
"count_enc,most_freq_imp,no_samp,quant_scale,no_sel",0.10443272475148435,0.0,0.021366367683748506,0.029325988334413466,0.060535117056856214,0.0,0.031212277978961867,0.026910496580434207,1.2512837759180453,15,"(0, 1, 0, 0)",85910
"count_enc,most_freq_imp,over_samp,no_sel,max_abs_scale",0.10819605627991374,0.0,0.021366367683748506,0.026910496580434096,0.05107223476297973,0.0,0.026205298972057367,0.026910496580434207,1.237799324474859,15,"(0, 1, 0, 0)",85910
"count_enc,most_freq_imp,over_samp,max_abs_scale,no_sel",0.10582449160035368,0.0,0.021366367683748506,0.026910496580434096,0.05107223476297973,0.0,0.026205298972057367,0.026910496580434207,1.2317279767666989,15,"(0, 1, 0, 0)",85910
"target_enc,most_freq_imp,no_samp,no_sel,max_abs_scale",0.10443272475148435,0.0,0.021366367683748506,0.029325988334413466,0.060535117056856214,0.0,0.031212277978961867,0.026910496580434207,1.2512837759180453,15,"(0, 1, 0, 0)",85910
"onehot_enc,most_freq_imp,over_samp,max_abs_scale,no_sel",0.10582449160035368,0.0,0.021366367683748506,0.026910496580434096,0.05107223476297973,0.0,0.026205298972057367,0.026910496580434207,1.2317279767666989,15,"(0, 1, 0, 0)",85910
"target_enc,most_freq_imp,quant_scale,under_samp,no_sel",0.10637541498124803,0.0,0.020498115522644828,0.027233891064435745,0.05165428764348412,0.0,0.026511869693294,0.027233891064435745,1.2328725924272304,15,"(0, 1, 0, 0)",85910
"count_enc,most_freq_imp,no_samp,max_abs_scale,no_sel",0.10443272475148435,0.0,0.021366367683748506,0.029325988334413466,0.060535117056856214,0.0,0.031212277978961867,0.026910496580434207,1.2512837759180453,15,"(0, 1, 0, 0)",85910
"onehot_enc,most_freq_imp,over_samp,no_sel,max_abs_scale",0.10447302490708815,0.0,0.021366367683748506,0.026910496580434096,0.05107223476297973,0.0,0.026205298972057367,0.026910496580434207,1.2282891749657296,15,"(0, 1, 0, 0)",85910
"target_enc,most_freq_imp,quant_scale,over_samp,no_sel",0.10717865375511565,0.0,0.021366367683748506,0.026910496580434096,0.05107223476297973,0.0,0.026205298972057367,0.026910496580434207,1.235188921456804,15,"(0, 1, 0, 0)",85910
"count_enc,most_freq_imp,no_samp,max_abs_scale,no_sel",0.10443272475148435,0.0,0.021366367683748506,0.029325988334413466,0.060535117056856214,0.0,0.031212277978961867,0.026910496580434207,1.2512837759180453,16,"(0, 1, 0, 0)",85910
"count_enc,most_freq_imp,over_samp,max_abs_scale,no_sel",0.10921499470792762,0.0,0.021366367683748506,0.026910496580434096,0.05107223476297973,0.0,0.026205298972057367,0.026910496580434207,1.240422451693307,16,"(0, 1, 0, 0)",85910
"target_enc,most_freq_imp,no_samp,no_sel,max_abs_scale",0.10443272475148435,0.0,0.021366367683748506,0.029325988334413466,0.060535117056856214,0.0,0.031212277978961867,0.026910496580434207,1.2512837759180453,16,"(0, 1, 0, 0)",85910
"count_enc,most_freq_imp,over_samp,quant_scale,no_sel",0.1031242338202612,0.0,0.021366367683748506,0.026910496580434096,0.05107223476297973,0.0,0.026205298972057367,0.026910496580434207,1.2248722485802046,16,"(0, 1, 0, 0)",85910
"count_enc,most_freq_imp,no_samp,quant_scale,no_sel",0.10443272475148435,0.0,0.021366367683748506,0.029325988334413466,0.060535117056856214,0.0,0.031212277978961867,0.026910496580434207,1.2512837759180453,16,"(0, 1, 0, 0)",85910
"onehot_enc,most_freq_imp,over_samp,max_abs_scale,no_sel",0.09942869372805824,0.0,0.021366367683748506,0.026910496580434096,0.05107223476297973,0.0,0.026205298972057367,0.026910496580434207,1.2155863596898298,16,"(0, 1, 0, 0)",85910
"count_enc,most_freq_imp,over_samp,no_sel,max_abs_scale",0.1075176177979093,0.0,0.021366367683748506,0.026910496580434096,0.05107223476297973,0.0,0.026205298972057367,0.026910496580434207,1.2360576491924915,16,"(0, 1, 0, 0)",85910
"target_enc,most_freq_imp,over_samp,no_sel,max_abs_scale",0.1031242338202612,0.0,0.021366367683748506,0.026910496580434096,0.05107223476297973,0.0,0.026205298972057367,0.026910496580434207,1.2248722485802046,16,"(0, 1, 0, 0)",85910
"target_enc,most_freq_imp,quant_scale,under_samp,no_sel",0.10259276181110333,0.0,0.02197685557850817,0.02705589177643286,0.051334008780817286,0.0,0.026343154246100564,0.027055891776432972,1.223569197703965,16,"(0, 1, 0, 0)",85910
"target_enc,most_freq_imp,quant_scale,over_samp,no_sel",0.10582449160035368,0.0,0.021366367683748506,0.026910496580434096,0.05107223476297973,0.0,0.026205298972057367,0.026910496580434207,1.2317279767666989,16,"(0, 1, 0, 0)",85910
"count_enc,most_freq_imp,over_samp,max_abs_scale,no_sel",0.10413557707022958,0.0,0.021366367683748506,0.026910496580434096,0.05107223476297973,0.0,0.026205298972057367,0.026910496580434207,1.2274329029077171,17,"(0, 1, 0, 0)",85910
"count_enc,most_freq_imp,no_samp,quant_scale,no_sel",0.10443272475148435,0.0,0.021366367683748506,0.029325988334413466,0.060535117056856214,0.0,0.031212277978961867,0.026910496580434207,1.2512837759180453,17,"(0, 1, 0, 0)",85910
"onehot_enc,most_freq_imp,no_samp,max_abs_scale,no_sel",0.10443272475148435,0.0,0.021366367683748506,0.029325988334413466,0.060535117056856214,0.0,0.031212277978961867,0.026910496580434207,1.2512837759180453,17,"(0, 1, 0, 0)",85910
"target_enc,most_freq_imp,over_samp,quant_scale,no_sel",0.10819605627991374,0.0,0.021366367683748506,0.026910496580434096,0.05107223476297973,0.0,0.026205298972057367,0.026910496580434207,1.237799324474859,17,"(0, 1, 0, 0)",85910
"count_enc,most_freq_imp,quant_scale,no_samp,no_sel",0.10443272475148435,0.0,0.021366367683748506,0.029325988334413466,0.060535117056856214,0.0,0.031212277978961867,0.026910496580434207,1.2512837759180453,17,"(0, 1, 0, 0)",85910
"onehot_enc,most_freq_imp,over_samp,max_abs_scale,no_sel",0.09942869372805824,0.0,0.021366367683748506,0.026910496580434096,0.05107223476297973,0.0,0.026205298972057367,0.026910496580434207,1.2155863596898298,17,"(0, 1, 0, 0)",85910
"count_enc,most_freq_imp,no_samp,max_abs_scale,no_sel",0.10443272475148435,0.0,0.021366367683748506,0.029325988334413466,0.060535117056856214,0.0,0.031212277978961867,0.026910496580434207,1.2512837759180453,17,"(0, 1, 0, 0)",85910
"count_enc,most_freq_imp,over_samp,quant_scale,no_sel",0.10278745179669879,0.0,0.021366367683748506,0.026910496580434096,0.05107223476297973,0.0,0.026205298972057367,0.026910496580434207,1.2240214040597917,17,"(0, 1, 0, 0)",85910
"target_enc,most_freq_imp,no_samp,no_sel,max_abs_scale",0.10443272475148435,0.0,0.021366367683748506,0.029325988334413466,0.060535117056856214,0.0,0.031212277978961867,0.026910496580434207,1.2512837759180453,17,"(0, 1, 0, 0)",85910
"target_enc,most_freq_imp,over_samp,no_sel,max_abs_scale",0.10346118183518072,0.0,0.021366367683748506,0.026910496580434096,0.05107223476297973,0.0,0.026205298972057367,0.026910496580434207,1.2257244438307933,17,"(0, 1, 0, 0)",85910
"onehot_enc,most_freq_imp,no_samp,max_abs_scale,no_sel",0.10443272475148435,0.0,0.021366367683748506,0.029325988334413466,0.060535117056856214,0.0,0.031212277978961867,0.026910496580434207,1.2512837759180453,18,"(0, 1, 0, 0)",85910
"target_enc,most_freq_imp,over_samp,quant_scale,no_sel",0.10346118183518072,0.0,0.021366367683748506,0.026910496580434096,0.05107223476297973,0.0,0.026205298972057367,0.026910496580434207,1.2257244438307933,18,"(0, 1, 0, 0)",85910
"count_enc,most_freq_imp,over_samp,max_abs_scale,no_sel",0.1000991345290192,0.0,0.021366367683748506,0.026910496580434096,0.05107223476297973,0.0,0.026205298972057367,0.026910496580434207,1.2172627881825093,18,"(0, 1, 0, 0)",85910
"onehot_enc,most_freq_imp,no_samp,quant_scale,no_sel",0.10443272475148435,0.0,0.021366367683748506,0.029325988334413466,0.060535117056856214,0.0,0.031212277978961867,0.026910496580434207,1.2512837759180453,18,"(0, 1, 0, 0)",85910
"count_enc,most_freq_imp,no_samp,max_abs_scale,no_sel",0.10443272475148435,0.0,0.021366367683748506,0.029325988334413466,0.060535117056856214,0.0,0.031212277978961867,0.026910496580434207,1.2512837759180453,18,"(0, 1, 0, 0)",85910
"count_enc,most_freq_imp,no_samp,quant_scale,no_sel",0.10443272475148435,0.0,0.021366367683748506,0.029325988334413466,0.060535117056856214,0.0,0.031212277978961867,0.026910496580434207,1.2512837759180453,18,"(0, 1, 0, 0)",85910
"onehot_enc,most_freq_imp,over_samp,max_abs_scale,no_sel",0.10177809860440423,0.0,0.021366367683748506,0.026910496580434096,0.05107223476297973,0.0,0.026205298972057367,0.026910496580434207,1.2214769341879572,18,"(0, 1, 0, 0)",85910
"count_enc,most_freq_imp,over_samp,quant_scale,no_sel",0.10887517738477026,0.0,0.021366367683748506,0.026910496580434096,0.05107223476297973,0.0,0.026205298972057367,0.026910496580434207,1.2395466549295775,18,"(0, 1, 0, 0)",85910
"count_enc,most_freq_imp,quant_scale,no_samp,no_sel",0.10443272475148435,0.0,0.021366367683748506,0.029325988334413466,0.060535117056856214,0.0,0.031212277978961867,0.026910496580434207,1.2512837759180453,18,"(0, 1, 0, 0)",85910
"target_enc,most_freq_imp,no_samp,no_sel,max_abs_scale",0.10443272475148435,0.0,0.021366367683748506,0.029325988334413466,0.060535117056856214,0.0,0.031212277978961867,0.026910496580434207,1.2512837759180453,18,"(0, 1, 0, 0)",85910
"count_enc,most_freq_imp,no_samp,max_abs_scale,no_sel",0.10443272475148435,0.0,0.021366367683748506,0.029325988334413466,0.060535117056856214,0.0,0.031212277978961867,0.026910496580434207,1.2512837759180453,19,"(0, 1, 0, 0)",85910
"count_enc,most_freq_imp,over_samp,max_abs_scale,no_sel",0.10887517738477026,0.0,0.021366367683748506,0.026910496580434096,0.05107223476297973,0.0,0.026205298972057367,0.026910496580434207,1.2395466549295775,19,"(0, 1, 0, 0)",85910
"onehot_enc,most_freq_imp,over_samp,max_abs_scale,no_sel",0.10379829614912617,0.0,0.021366367683748506,0.026910496580434096,0.05107223476297973,0.0,0.026205298972057367,0.026910496580434207,1.2265779939039636,19,"(0, 1, 0, 0)",85910
"count_enc,most_freq_imp,no_samp,quant_scale,no_sel",0.10443272475148435,0.0,0.021366367683748506,0.029325988334413466,0.060535117056856214,0.0,0.031212277978961867,0.026910496580434207,1.2512837759180453,19,"(0, 1, 0, 0)",85910
"target_enc,most_freq_imp,over_samp,quant_scale,no_sel",0.09976383265856953,0.0,0.021366367683748506,0.026910496580434096,0.05107223476297973,0.0,0.026205298972057367,0.026910496580434207,1.2164239186123107,19,"(0, 1, 0, 0)",85910
"count_enc,most_freq_imp,quant_scale,no_samp,no_sel",0.10443272475148435,0.0,0.021366367683748506,0.029325988334413466,0.060535117056856214,0.0,0.031212277978961867,0.026910496580434207,1.2512837759180453,19,"(0, 1, 0, 0)",85910
"onehot_enc,most_freq_imp,no_samp,max_abs_scale,no_sel",0.10443272475148435,0.0,0.021366367683748506,0.029325988334413466,0.060535117056856214,0.0,0.031212277978961867,0.026910496580434207,1.2512837759180453,19,"(0, 1, 0, 0)",85910
"onehot_enc,most_freq_imp,no_samp,quant_scale,no_sel",0.10443272475148435,0.0,0.021366367683748506,0.029325988334413466,0.060535117056856214,0.0,0.031212277978961867,0.026910496580434207,1.2512837759180453,19,"(0, 1, 0, 0)",85910
"target_enc,most_freq_imp,no_samp,no_sel,max_abs_scale",0.10443272475148435,0.0,0.021366367683748506,0.029325988334413466,0.060535117056856214,0.0,0.031212277978961867,0.026910496580434207,1.2512837759180453,19,"(0, 1, 0, 0)",85910
"onehot_enc,most_freq_imp,over_samp,quant_scale,no_sel",0.11159853854607105,0.0,0.021366367683748506,0.026910496580434096,0.05107223476297973,0.0,0.026205298972057367,0.026910496580434207,1.2465932273975684,19,"(0, 1, 0, 0)",85910
"onehot_enc,most_freq_imp,no_samp,quant_scale,no_sel",0.10443272475148435,0.0,0.021366367683748506,0.029325988334413466,0.060535117056856214,0.0,0.031212277978961867,0.026910496580434207,1.2512837759180453,20,"(0, 1, 0, 0)",85910
"count_enc,most_freq_imp,no_samp,quant_scale,no_sel",0.10443272475148435,0.0,0.021366367683748506,0.029325988334413466,0.060535117056856214,0.0,0.031212277978961867,0.026910496580434207,1.2512837759180453,20,"(0, 1, 0, 0)",85910
"count_enc,most_freq_imp,no_samp,max_abs_scale,no_sel",0.10443272475148435,0.0,0.021366367683748506,0.029325988334413466,0.060535117056856214,0.0,0.031212277978961867,0.026910496580434207,1.2512837759180453,20,"(0, 1, 0, 0)",85910
"onehot_enc,most_freq_imp,over_samp,max_abs_scale,no_sel",0.102450835457288,0.0,0.021366367683748506,0.026910496580434096,0.05107223476297973,0.0,0.026205298972057367,0.026910496580434207,1.2231719061926734,20,"(0, 1, 0, 0)",85910
"target_enc,most_freq_imp,over_samp,quant_scale,no_sel",0.10582449160035368,0.0,0.021366367683748506,0.026910496580434096,0.05107223476297973,0.0,0.026205298972057367,0.026910496580434207,1.2317279767666989,20,"(0, 1, 0, 0)",85910
"count_enc,most_freq_imp,over_samp,max_abs_scale,no_sel",0.10921499470792762,0.0,0.021366367683748506,0.026910496580434096,0.05107223476297973,0.0,0.026205298972057367,0.026910496580434207,1.240422451693307,20,"(0, 1, 0, 0)",85910
"count_enc,most_freq_imp,quant_scale,no_samp,no_sel",0.10443272475148435,0.0,0.021366367683748506,0.029325988334413466,0.060535117056856214,0.0,0.031212277978961867,0.026910496580434207,1.2512837759180453,20,"(0, 1, 0, 0)",85910
"target_enc,most_freq_imp,no_samp,no_sel,max_abs_scale",0.10443272475148435,0.0,0.021366367683748506,0.029325988334413466,0.060535117056856214,0.0,0.031212277978961867,0.026910496580434207,1.2512837759180453,20,"(0, 1, 0, 0)",85910
"onehot_enc,most_freq_imp,over_samp,quant_scale,no_sel",0.10043459964249851,0.0,0.021366367683748506,0.026910496580434096,0.05107223476297973,0.0,0.026205298972057367,0.026910496580434207,1.2181029723409071,20,"(0, 1, 0, 0)",85910
"onehot_enc,most_freq_imp,no_samp,max_abs_scale,no_sel",0.10443272475148435,0.0,0.021366367683748506,0.029325988334413466,0.060535117056856214,0.0,0.031212277978961867,0.026910496580434207,1.2512837759180453,20,"(0, 1, 0, 0)",85910
"woe_enc,mean_imp,no_samp,no_sel,norm_scale",0.48685180634062425,0.3029693004529441,0.5892325089063544,0.29277381723914453,0.3125,0.3460306158775365,0.32968436416712277,0.2971604164728151,-1.0,0,"(0, 0, 1, 0)",85910
"onehot_enc,mean_imp,no_sel,norm_scale,under_samp",0.7000535618639528,0.16859587317564168,0.7192541444979084,0.34709861160555355,0.3834464043419268,0.19117123531505875,0.300277178934401,0.34709861160555366,-1.0,0,"(0, 0, 1, 0)",85910
"count_enc,most_freq_imp,no_scale,no_samp,no_sel",0.10466247529684969,0.0007132737489545795,0.022079641432703086,0.029650032404407,0.06057563587684067,0.0007119971520114232,0.03156805244091776,0.027266495156439863,1.2521250693577033,0,"(0, 0, 1, 0)",85910
"woe_enc,mean_imp,k_best_sel,under_samp,no_scale",0.10135253217491175,0.0,0.014729165435071183,0.02652189391242432,0.05037187288708589,0.0,0.025836656840645067,0.02652189391242432,1.2206662725833521,0,"(0, 0, 1, 0)",85910
"target_enc,most_freq_imp,no_samp,k_best_sel,min_max_scale",0.10443272475148435,0.0,0.021366367683748506,0.029325988334413466,0.060535117056856214,0.0,0.031212277978961867,0.026910496580434207,1.2512837759180453,0,"(0, 0, 1, 0)",85910
"target_enc,most_freq_imp,k_best_sel,over_samp,quant_scale",0.10989514447423293,0.0,0.021366367683748506,0.026910496580434096,0.05107223476297973,0.0,0.026205298972057367,0.026910496580434207,1.2421783301342058,0,"(0, 0, 1, 0)",85910
"onehot_enc,most_freq_imp,max_abs_scale,over_samp,no_sel",0.09942869372805824,0.0,0.021366367683748506,0.026910496580434096,0.05107223476297973,0.0,0.026205298972057367,0.026910496580434207,1.2155863596898298,0,"(0, 0, 1, 0)",85910
"count_enc,median_imp,k_best_sel,under_samp,no_scale",0.10642272407293868,0.0007132737489545795,0.02629265793342818,0.027945888216447168,0.05232950708980422,0.0007119971520114232,0.02720499046958924,0.02794588821644728,1.233069465235057,0,"(0, 0, 1, 0)",85910
"count_enc,most_freq_imp,over_samp,quant_scale,no_sel",0.10177809860440423,0.0,0.021366367683748506,0.026910496580434096,0.05107223476297973,0.0,0.026205298972057367,0.026910496580434207,1.2214769341879572,0,"(0, 0, 1, 0)",85910
"count_enc,mean_imp,max_abs_scale,no_samp,no_sel",0.10443272475148435,0.0,0.021366367683748506,0.029325988334413466,0.060535117056856214,0.0,0.031212277978961867,0.026910496580434207,1.2512837759180453,0,"(0, 0, 1, 0)",85910
"count_enc,most_freq_imp,max_abs_scale,over_samp,no_sel",0.10582449160035368,0.0,0.021366367683748506,0.026910496580434096,0.05107223476297973,0.0,0.026205298972057367,0.026910496580434207,1.2317279767666989,1,"(0, 0, 1, 0)",85910
"onehot_enc,most_freq_imp,over_samp,quant_scale,no_sel",0.09608619976113575,0.0,0.021366367683748506,0.026910496580434096,0.05107223476297973,0.0,0.026205298972057367,0.026910496580434207,1.207281999673034,1,"(0, 0, 1, 0)",85910
"woe_enc,most_freq_imp,k_best_sel,under_samp,no_scale",0.10596258225798755,0.0,0.019976931949250286,0.026165895336418665,0.049729364005412724,0.0,0.025498699045967133,0.026165895336418665,1.232382680396997,1,"(0, 0, 1, 0)",85910
"target_enc,mean_imp,k_best_sel,over_samp,quant_scale",0.11023547755024365,0.0,0.021366367683748506,0.026910496580434096,0.05107223476297973,0.0,0.026205298972057367,0.026910496580434207,1.2430584205985273,1,"(0, 0, 1, 0)",85910
"target_enc,most_freq_imp,no_samp,k_best_sel,no_scale",0.10443272475148435,0.0,0.021366367683748506,0.029325988334413466,0.060535117056856214,0.0,0.031212277978961867,0.026910496580434207,1.2512837759180453,1,"(0, 0, 1, 0)",85910
"count_enc,most_freq_imp,min_max_scale,no_samp,no_sel",0.10443272475148435,0.0,0.021366367683748506,0.029325988334413466,0.060535117056856214,0.0,0.031212277978961867,0.026910496580434207,1.2512837759180453,1,"(0, 0, 1, 0)",85910
"onehot_enc,mean_imp,no_sel,norm_scale,under_samp",0.6951383293043245,0.16909914443885254,0.7088456882176544,0.3438946244215023,0.3802239825184376,0.19223923104307583,0.2986089644513138,0.3438946244215023,-1.0,1,"(0, 0, 1, 0)",85910
"onehot_enc,most_freq_imp,max_abs_scale,over_samp,no_sel",0.10077022830255111,0.0,0.021366367683748506,0.026910496580434096,0.05107223476297973,0.0,0.026205298972057367,0.026910496580434207,1.218944475042852,1,"(0, 0, 1, 0)",85910
"target_enc,most_freq_imp,k_best_sel,over_samp,quant_scale",0.1085355313471737,0.0,0.021366367683748506,0.026910496580434096,0.05107223476297973,0.0,0.026205298972057367,0.026910496580434207,1.2386722806405166,1,"(0, 0, 1, 0)",85910
"woe_enc,mean_imp,k_best_sel,under_samp,no_scale",0.10070596871170762,0.0,0.01659829004608692,0.02580989676041301,0.04908598510494244,0.0,0.025160506680548367,0.025809896760412898,1.2194366777817462,1,"(0, 0, 1, 0)",85910
"woe_enc,mean_imp,no_sel,under_samp,no_scale",0.10509628267138993,0.0,0.02349428951891698,0.027411890352438628,0.05197435032062103,0.0,0.026680526680526784,0.027411890352438517,1.2296323401721698,2,"(0, 0, 1, 0)",85910
"count_enc,most_freq_imp,max_abs_scale,over_samp,k_best_sel",0.10785675186824689,0.0,0.021366367683748506,0.026910496580434096,0.05107223476297973,0.0,0.026205298972057367,0.026910496580434207,1.236927782098116,2,"(0, 0, 1, 0)",85910
"target_enc,most_freq_imp,over_samp,k_best_sel,no_scale",0.11364835120425809,0.0,0.021366367683748506,0.026910496580434096,0.05107223476297973,0.0,0.026205298972057367,0.026910496580434207,1.2519392656894395,2,"(0, 0, 1, 0)",85910
"onehot_enc,most_freq_imp,no_samp,quant_scale,no_sel",0.10443272475148435,0.0,0.021366367683748506,0.029325988334413466,0.060535117056856214,0.0,0.031212277978961867,0.026910496580434207,1.2512837759180453,2,"(0, 0, 1, 0)",85910
"woe_enc,most_freq_imp,max_abs_scale,over_samp,no_sel",0.10819605627991374,0.0,0.021366367683748506,0.026910496580434096,0.05107223476297973,0.0,0.026205298972057367,0.026910496580434207,1.237799324474859,2,"(0, 0, 1, 0)",85910
"count_enc,most_freq_imp,k_best_sel,under_samp,no_scale",0.1050743089432738,0.0007132737489545795,0.021130402268704704,0.02812388750444994,0.05264934188322645,0.0007119971520114232,0.027373527373527384,0.02812388750445005,1.2295394938161022,2,"(0, 0, 1, 0)",85910
"woe_enc,most_freq_imp,k_best_sel,under_samp,no_scale",0.09626808276036086,0.0,0.02079179798071784,0.02705589177643286,0.051334008780817286,0.0,0.026343154246100564,0.027055891776432972,1.208005834311115,2,"(0, 0, 1, 0)",85910
"count_enc,most_freq_imp,max_abs_scale,over_samp,no_sel",0.09808976135936426,0.0,0.021366367683748506,0.026910496580434096,0.05107223476297973,0.0,0.026205298972057367,0.026910496580434207,1.2122491521838517,2,"(0, 0, 1, 0)",85910
"onehot_enc,most_freq_imp,over_samp,quant_scale,no_sel",0.09408838508767897,0.0,0.021366367683748506,0.026910496580434096,0.05107223476297973,0.0,0.026205298972057367,0.026910496580434207,1.2023605061295868,2,"(0, 0, 1, 0)",85910
"woe_enc,mean_imp,k_best_sel,under_samp,no_scale",0.10419639687932364,0.0,0.02426024034112935,0.02865788536845848,0.05420875420875426,0.0,0.02785949126146403,0.02865788536845859,1.2267803932079397,2,"(0, 0, 1, 0)",85910
"target_enc,most_freq_imp,over_samp,k_best_sel,no_scale",0.10887517738477026,0.0,0.021366367683748506,0.026910496580434096,0.05107223476297973,0.0,0.026205298972057367,0.026910496580434207,1.2395466549295775,3,"(0, 0, 1, 0)",85910
"woe_enc,most_freq_imp,k_best_sel,under_samp,no_scale",0.1019310132289844,0.0,0.021330621123971466,0.02687789248843009,0.051013513513513464,0.0,0.026174380308545686,0.026877892488429977,1.2220092819923776,3,"(0, 0, 1, 0)",85910
"onehot_enc,most_freq_imp,no_sel,no_samp,quant_scale",0.10443272475148435,0.0,0.021366367683748506,0.029325988334413466,0.060535117056856214,0.0,0.031212277978961867,0.026910496580434207,1.2512837759180453,3,"(0, 0, 1, 0)",85910
"woe_enc,most_freq_imp,under_samp,no_scale,k_best_sel",0.09887722246749431,0.0,0.016342900031704473,0.027233891064435745,0.05165428764348412,0.0,0.026511869693294,0.027233891064435745,1.2142529458070102,3,"(0, 0, 1, 0)",85910
"onehot_enc,most_freq_imp,under_samp,quant_scale,no_sel",0.1009626379935154,0.0,0.015805013573901093,0.02598789604841578,0.049407783417935724,0.0,0.025329632199861174,0.02598789604841578,1.2199751132292393,3,"(0, 0, 1, 0)",85910
"woe_enc,most_freq_imp,k_best_sel,over_samp,no_scale",0.102450835457288,0.0,0.021366367683748506,0.026910496580434096,0.05107223476297973,0.0,0.026205298972057367,0.026910496580434207,1.2231719061926734,3,"(0, 0, 1, 0)",85910
"count_enc,most_freq_imp,max_abs_scale,over_samp,k_best_sel",0.10413557707022958,0.0,0.021366367683748506,0.026910496580434096,0.05107223476297973,0.0,0.026205298972057367,0.026910496580434207,1.2274329029077171,3,"(0, 0, 1, 0)",85910
"count_enc,most_freq_imp,max_abs_scale,over_samp,no_sel",0.10211438449528432,0.0,0.021366367683748506,0.026910496580434096,0.05107223476297973,0.0,0.026205298972057367,0.026910496580434207,1.222323750917415,3,"(0, 0, 1, 0)",85910
"woe_enc,mean_imp,no_sel,under_samp,no_scale",0.10837417267120103,0.0,0.026085397331226036,0.026699893200427205,0.0506928016221696,0.0,0.026005547850207922,0.026699893200427205,1.2382471661391252,3,"(0, 0, 1, 0)",85910
"onehot_enc,most_freq_imp,over_samp,quant_scale,no_sel",0.1011060208131751,0.0,0.021366367683748506,0.026910496580434096,0.05107223476297973,0.0,0.026205298972057367,0.026910496580434207,1.2197873002586308,3,"(0, 0, 1, 0)",85910
"onehot_enc,most_freq_imp,under_samp,no_scale,no_sel",0.10662166276730972,0.0,0.018366964419595996,0.027411890352438628,0.05197435032062103,0.0,0.026680526680526784,0.027411890352438517,1.233365250383686,4,"(0, 0, 1, 0)",85910
"woe_enc,most_freq_imp,under_samp,quant_scale,k_best_sel",0.0994174808661521,0.0,0.018649939295831648,0.02705589177643286,0.051334008780817286,0.0,0.026343154246100564,0.027055891776432972,1.2156912128134165,4,"(0, 0, 1, 0)",85910
"target_enc,most_freq_imp,over_samp,k_best_sel,quant_scale",0.10144197747882311,0.0,0.021366367683748506,0.026910496580434096,0.05107223476297973,0.0,0.026205298972057367,0.026910496580434207,1.2206314519735397,4,"(0, 0, 1, 0)",85910
"onehot_enc,most_freq_imp,k_best_sel,under_samp,no_scale",0.10929817377959905,0.0,0.02823694566889215,0.02598789604841578,0.049407783417935724,0.0,0.025329632199861174,0.02598789604841578,1.2409903854930857,4,"(0, 0, 1, 0)",85910
"woe_enc,most_freq_imp,under_samp,quant_scale,no_sel",0.10271944347983519,0.0,0.009416114194675716,0.025097899608401586,0.04779661016949155,0.0,0.024483417259940965,0.025097899608401586,1.2246840240714096,4,"(0, 0, 1, 0)",85910
"woe_enc,most_freq_imp,k_best_sel,under_samp,no_scale",0.105322895727754,0.0,0.017514836405650963,0.02812388750444994,0.05325244354566905,0.0,0.027354570637119102,0.02812388750445005,1.229751437293608,4,"(0, 0, 1, 0)",85910
"woe_enc,most_freq_imp,under_samp,no_scale,k_best_sel",0.09865412292025605,0.0,0.022050617592649722,0.025453898184407242,0.04844173441734423,0.0,0.024822079500086858,0.025453898184407242,1.2146099561319856,4,"(0, 0, 1, 0)",85910
"woe_enc,most_freq_imp,k_best_sel,over_samp,no_scale",0.10379829614912617,0.0,0.021366367683748506,0.026910496580434096,0.05107223476297973,0.0,0.026205298972057367,0.026910496580434207,1.2265779939039636,4,"(0, 0, 1, 0)",85910
"onehot_enc,most_freq_imp,under_samp,quant_scale,no_sel",0.09651865416568955,0.0,0.018430900090817673,0.026699893200427205,0.0506928016221696,0.0,0.026005547850207922,0.026699893200427205,1.2087522393214047,4,"(0, 0, 1, 0)",85910
"onehot_enc,most_freq_imp,no_sel,no_samp,quant_scale",0.10443272475148435,0.0,0.021366367683748506,0.029325988334413466,0.060535117056856214,0.0,0.031212277978961867,0.026910496580434207,1.2512837759180453,4,"(0, 0, 1, 0)",85910
"onehot_enc,most_freq_imp,under_samp,quant_scale,no_sel",0.10361112053097177,0.0,0.01954560605571863,0.026165895336418665,0.049729364005412724,0.0,0.025498699045967133,0.026165895336418665,1.2265070854613498,5,"(0, 0, 1, 0)",85910
"woe_enc,most_freq_imp,under_samp,quant_scale,no_sel",0.10379601231354268,0.0,0.02493108983169426,0.02705589177643286,0.051334008780817286,0.0,0.026343154246100564,0.027055891776432972,1.2265952342974675,5,"(0, 0, 1, 0)",85910
"onehot_enc,most_freq_imp,under_samp,no_scale,k_best_sel",0.09834174723322398,0.0,0.015198735271979076,0.02687789248843009,0.051013513513513464,0.0,0.026174380308545686,0.026877892488429977,1.2130926467665832,5,"(0, 0, 1, 0)",85910
"onehot_enc,most_freq_imp,under_samp,no_sel,quant_scale",0.10366034756278658,0.0,0.023113451350303654,0.028301886792452824,0.0535714285714286,0.0,0.02752293577981657,0.028301886792452824,1.2256136976366532,5,"(0, 0, 1, 0)",85910
"target_enc,most_freq_imp,over_samp,quant_scale,k_best_sel",0.1011060208131751,0.0,0.021366367683748506,0.026910496580434096,0.05107223476297973,0.0,0.026205298972057367,0.026910496580434207,1.2197873002586308,5,"(0, 0, 1, 0)",85910
"target_enc,most_freq_imp,over_samp,k_best_sel,quant_scale",0.10481063996876538,0.0,0.021366367683748506,0.026910496580434096,0.05107223476297973,0.0,0.026205298972057367,0.026910496580434207,1.2291468142174262,5,"(0, 0, 1, 0)",85910
"woe_enc,most_freq_imp,k_best_sel,under_samp,no_scale",0.10708885083511488,0.0,0.025660283292450077,0.028479886080455707,0.05389019872010781,0.0,0.027691242644513614,0.028479886080455707,1.2340868298277974,5,"(0, 0, 1, 0)",85910
"woe_enc,most_freq_imp,k_best_sel,over_samp,no_scale",0.10413557707022958,0.0,0.021366367683748506,0.026910496580434096,0.05107223476297973,0.0,0.026205298972057367,0.026910496580434207,1.2274329029077171,5,"(0, 0, 1, 0)",85910
"woe_enc,most_freq_imp,under_samp,no_scale,k_best_sel",0.10898178845388429,0.0,0.020173271297930374,0.027411890352438628,0.05197435032062103,0.0,0.026680526680526784,0.027411890352438517,1.2393079363975847,5,"(0, 0, 1, 0)",85910
"woe_enc,most_freq_imp,under_samp,quant_scale,k_best_sel",0.10392456709471987,0.0,0.02539754603079431,0.02580989676041301,0.04908598510494244,0.0,0.025160506680548367,0.025809896760412898,1.2275464649294854,5,"(0, 0, 1, 0)",85910
"target_enc,most_freq_imp,under_samp,quant_scale,k_best_sel",0.10086460902682304,0.0,0.019244181847385397,0.026699893200427205,0.0506928016221696,0.0,0.026005547850207922,0.026699893200427205,1.2194329369590469,6,"(0, 0, 1, 0)",85910
"onehot_enc,most_freq_imp,over_samp,no_sel,quant_scale",0.10650123449940357,0.0,0.021366367683748506,0.026910496580434096,0.05107223476297973,0.0,0.026205298972057367,0.026910496580434207,1.2334556643730865,6,"(0, 0, 1, 0)",85910
"woe_enc,most_freq_imp,k_best_sel,over_samp,no_scale",0.10413557707022958,0.0,0.021366367683748506,0.026910496580434096,0.05107223476297973,0.0,0.026205298972057367,0.026910496580434207,1.2274329029077171,6,"(0, 0, 1, 0)",85910
"woe_enc,most_freq_imp,k_best_sel,under_samp,no_scale",0.10521744245462666,0.0,0.020713705919490122,0.028301886792452824,0.0535714285714286,0.0,0.02752293577981657,0.028301886792452824,1.2294442502318959,6,"(0, 0, 1, 0)",85910
"target_enc,most_freq_imp,over_samp,quant_scale,k_best_sel",0.10616277866129653,0.0,0.021366367683748506,0.026910496580434096,0.05107223476297973,0.0,0.026205298972057367,0.026910496580434207,1.2325911265050304,6,"(0, 0, 1, 0)",85910
"onehot_enc,most_freq_imp,under_samp,no_scale,k_best_sel",0.10937590256933111,0.0,0.019140256457105237,0.027945888216447168,0.052933243425488885,0.0,0.02718614718614709,0.027945888216447057,1.2399983885113253,6,"(0, 0, 1, 0)",85910
"onehot_enc,most_freq_imp,under_samp,no_sel,quant_scale",0.09781902799099257,0.0,0.015618508026440034,0.02705589177643286,0.051334008780817286,0.0,0.026343154246100564,0.027055891776432972,1.2117348580564522,6,"(0, 0, 1, 0)",85910
"onehot_enc,most_freq_imp,under_samp,quant_scale,no_sel",0.10444882732041266,0.0,0.02326770014106528,0.028301886792452824,0.0535714285714286,0.0,0.02752293577981657,0.028301886792452824,1.2275707437234826,6,"(0, 0, 1, 0)",85910
"woe_enc,most_freq_imp,under_samp,quant_scale,no_sel",0.10534283740729106,0.0,0.021349964340645643,0.0275898896404414,0.0522941970310391,0.0,0.02684912523817773,0.02758988964044151,1.2301261061700222,6,"(0, 0, 1, 0)",85910
"woe_enc,most_freq_imp,under_samp,no_scale,k_best_sel",0.10337615368136738,0.0,0.020971488889630137,0.0275898896404414,0.0522941970310391,0.0,0.02684912523817773,0.02758988964044151,1.225233626648331,6,"(0, 0, 1, 0)",85910
"onehot_enc,most_freq_imp,over_samp,no_sel,quant_scale",0.0984242515520139,0.0,0.021366367683748506,0.026910496580434096,0.05107223476297973,0.0,0.026205298972057367,0.026910496580434207,1.2130815076254027,7,"(0, 0, 1, 0)",85910
"woe_enc,most_freq_imp,under_samp,quant_scale,no_sel",0.10428418148375235,0.0,0.021558706413077854,0.02634389462442155,0.05005072708826508,0.0,0.025667707249392935,0.026343894624421438,1.2281216469957084,7,"(0, 0, 1, 0)",85910
"woe_enc,most_freq_imp,under_samp,quant_scale,k_best_sel",0.1075508309702623,0.0,0.020722462995601793,0.027233891064435745,0.05165428764348412,0.0,0.026511869693294,0.027233891064435745,1.2358179119659385,7,"(0, 0, 1, 0)",85910
"woe_enc,most_freq_imp,under_samp,no_scale,no_sel",0.09837812806126994,0.0,0.02066770935411786,0.02687789248843009,0.051013513513513464,0.0,0.026174380308545686,0.026877892488429977,1.2132473874160477,7,"(0, 0, 1, 0)",85910
"onehot_enc,most_freq_imp,under_samp,k_best_sel,quant_scale",0.1070596598056579,0.0,0.02386553484996199,0.027411890352438628,0.05197435032062103,0.0,0.026680526680526784,0.027411890352438517,1.234541104429736,7,"(0, 0, 1, 0)",85910
"onehot_enc,most_freq_imp,under_samp,no_scale,no_sel",0.10893036724575256,0.0,0.027677685630967057,0.02812388750444994,0.05325244354566905,0.0,0.027354570637119102,0.02812388750445005,1.238915562419793,7,"(0, 0, 1, 0)",85910
"woe_enc,most_freq_imp,k_best_sel,over_samp,no_scale",0.1105759831775433,0.0,0.021366367683748506,0.026910496580434096,0.05107223476297973,0.0,0.026205298972057367,0.026910496580434207,1.2439399511119895,7,"(0, 0, 1, 0)",85910
"woe_enc,most_freq_imp,k_best_sel,under_samp,no_scale",0.10084858362913279,0.0,0.017672404506969434,0.026165895336418665,0.049729364005412724,0.0,0.025498699045967133,0.026165895336418665,1.219630980051437,7,"(0, 0, 1, 0)",85910
"onehot_enc,most_freq_imp,under_samp,no_sel,quant_scale",0.09929894699674818,0.0,0.02051245483932307,0.027233891064435745,0.05165428764348412,0.0,0.026511869693294,0.027233891064435745,1.2153388250114239,7,"(0, 0, 1, 0)",85910
"onehot_enc,most_freq_imp,under_samp,no_scale,k_best_sel",0.09901734452618854,0.0,0.017409948542024017,0.0275898896404414,0.0522941970310391,0.0,0.02684912523817773,0.02758988964044151,1.2144426264652322,7,"(0, 0, 1, 0)",85910
"onehot_enc,most_freq_imp,under_samp,k_best_sel,quant_scale",0.10927537609835664,0.0,0.02345821819506029,0.0275898896404414,0.0522941970310391,0.0,0.02684912523817773,0.02758988964044151,1.2400020384977763,8,"(0, 0, 1, 0)",85910
"onehot_enc,most_freq_imp,under_samp,no_sel,quant_scale",0.10525053984784077,0.0,0.02688526604015737,0.026699893200427205,0.0506928016221696,0.0,0.026005547850207922,0.026699893200427205,1.230426559364901,8,"(0, 0, 1, 0)",85910
"onehot_enc,most_freq_imp,under_samp,no_scale,no_sel",0.1102101958250794,0.0,0.022465705090508617,0.029013883944464247,0.05484522207267828,0.0,0.02819581387303227,0.029013883944464247,1.2415756821131338,8,"(0, 0, 1, 0)",85910
"woe_enc,most_freq_imp,k_best_sel,over_samp,no_scale",0.1031242338202612,0.0,0.021366367683748506,0.026910496580434096,0.05107223476297973,0.0,0.026205298972057367,0.026910496580434207,1.2248722485802046,8,"(0, 0, 1, 0)",85910
"woe_enc,most_freq_imp,under_samp,quant_scale,k_best_sel",0.10257860464693691,0.0,0.01946022895399723,0.0275898896404414,0.0522941970310391,0.0,0.02684912523817773,0.02758988964044151,1.2232384610346356,8,"(0, 0, 1, 0)",85910
"woe_enc,most_freq_imp,k_best_sel,under_samp,no_scale",0.10402814801197002,0.0,0.020264089900200455,0.027767888928444284,0.05261382799325465,0.0,0.02701766539660544,0.027767888928444284,1.2267525991228656,8,"(0, 0, 1, 0)",85910
"woe_enc,most_freq_imp,under_samp,no_scale,no_sel",0.10728261461501959,0.0,0.019021739130434784,0.0275898896404414,0.0522941970310391,0.0,0.02684912523817773,0.02758988964044151,1.2349353459290935,8,"(0, 0, 1, 0)",85910
"onehot_enc,most_freq_imp,over_samp,no_sel,quant_scale",0.10785675186824689,0.0,0.021366367683748506,0.026910496580434096,0.05107223476297973,0.0,0.026205298972057367,0.026910496580434207,1.236927782098116,8,"(0, 0, 1, 0)",85910
"onehot_enc,most_freq_imp,under_samp,no_scale,k_best_sel",0.10386737432504778,0.0,0.01875579537530394,0.02634389462442155,0.05005072708826508,0.0,0.025667707249392935,0.026343894624421438,1.227044964892974,8,"(0, 0, 1, 0)",85910
"woe_enc,most_freq_imp,under_samp,quant_scale,no_sel",0.1066626267165533,0.0,0.024721480279245242,0.02634389462442155,0.05005072708826508,0.0,0.025667707249392935,0.026343894624421438,1.2341133291736877,8,"(0, 0, 1, 0)",85910
"onehot_enc,most_freq_imp,under_samp,no_scale,k_best_sel",0.10690322011049497,0.0,0.019176145491934964,0.02812388750444994,0.05325244354566905,0.0,0.027354570637119102,0.02812388750445005,1.2337125570691512,9,"(0, 0, 1, 0)",85910
"woe_enc,most_freq_imp,k_best_sel,under_samp,no_scale",0.10143342843963032,0.0,0.024688196857335483,0.0275898896404414,0.0522941970310391,0.0,0.02684912523817773,0.02758988964044151,1.2204768270944744,9,"(0, 0, 1, 0)",85910
"woe_enc,most_freq_imp,under_samp,no_scale,no_sel",0.09796660459129919,0.0,0.018048064789365416,0.027411890352438628,0.05197435032062103,0.0,0.026680526680526784,0.027411890352438517,1.2119600039429261,9,"(0, 0, 1, 0)",85910
"woe_enc,most_freq_imp,under_samp,quant_scale,k_best_sel",0.10162914392776212,0.0,0.0155197153805227,0.027233891064435745,0.05165428764348412,0.0,0.026511869693294,0.027233891064435745,1.221014184265892,9,"(0, 0, 1, 0)",85910
"onehot_enc,most_freq_imp,over_samp,no_sel,quant_scale",0.10346118183518072,0.0,0.021366367683748506,0.026910496580434096,0.05107223476297973,0.0,0.026205298972057367,0.026910496580434207,1.2257244438307933,9,"(0, 0, 1, 0)",85910
"woe_enc,most_freq_imp,k_best_sel,over_samp,no_scale",0.1085355313471737,0.0,0.021366367683748506,0.026910496580434096,0.05107223476297973,0.0,0.026205298972057367,0.026910496580434207,1.2386722806405166,9,"(0, 0, 1, 0)",85910
"onehot_enc,most_freq_imp,under_samp,no_scale,no_sel",0.10017900134879199,0.0,0.014715550644155043,0.02705589177643286,0.051334008780817286,0.0,0.026343154246100564,0.027055891776432972,1.2175150960320322,9,"(0, 0, 1, 0)",85910
"woe_enc,most_freq_imp,under_samp,quant_scale,no_sel",0.10535202932954246,0.0,0.02043694556695056,0.02865788536845848,0.05420875420875426,0.0,0.02785949126146403,0.02865788536845859,1.2295947673664511,9,"(0, 0, 1, 0)",85910
"onehot_enc,most_freq_imp,under_samp,k_best_sel,quant_scale",0.09742665892558322,0.0,0.015739318283152268,0.0275898896404414,0.0522941970310391,0.0,0.02684912523817773,0.02758988964044151,1.2105311710116051,9,"(0, 0, 1, 0)",85910
"onehot_enc,most_freq_imp,under_samp,no_sel,quant_scale",0.10531091018276167,0.0,0.018414679402887747,0.02705589177643286,0.051334008780817286,0.0,0.026343154246100564,0.027055891776432972,1.2302766215747485,9,"(0, 0, 1, 0)",85910
"onehot_enc,most_freq_imp,under_samp,no_scale,k_best_sel",0.10243303267142273,0.0,0.019329529320713572,0.026165895336418665,0.049729364005412724,0.0,0.025498699045967133,0.026165895336418665,1.2235763765128858,10,"(0, 0, 1, 0)",85910
"onehot_enc,most_freq_imp,under_samp,no_scale,no_sel",0.10751343262269969,0.0,0.017780317109783672,0.026699893200427205,0.0506928016221696,0.0,0.026005547850207922,0.026699893200427205,1.2359597801223996,10,"(0, 0, 1, 0)",85910
"woe_enc,most_freq_imp,under_samp,no_scale,no_sel",0.10557972738706273,0.0,0.0189917134478964,0.027233891064435745,0.05165428764348412,0.0,0.026511869693294,0.027233891064435745,1.230864426936227,10,"(0, 0, 1, 0)",85910
"woe_enc,most_freq_imp,under_samp,quant_scale,no_sel",0.10814878824333407,0.0,0.01573127798475578,0.02687789248843009,0.051013513513513464,0.0,0.026174380308545686,0.026877892488429977,1.2374300983273196,10,"(0, 0, 1, 0)",85910
"onehot_enc,most_freq_imp,under_samp,k_best_sel,quant_scale",0.1052394201599896,0.0,0.02456806157375476,0.027767888928444284,0.05261382799325465,0.0,0.02701766539660544,0.027767888928444284,1.2298234273782895,10,"(0, 0, 1, 0)",85910
"woe_enc,most_freq_imp,k_best_sel,over_samp,no_scale",0.10921499470792762,0.0,0.021366367683748506,0.026910496580434096,0.05107223476297973,0.0,0.026205298972057367,0.026910496580434207,1.240422451693307,10,"(0, 0, 1, 0)",85910
"onehot_enc,most_freq_imp,under_samp,no_sel,quant_scale",0.10438113787211512,0.0,0.01718623427483168,0.026699893200427205,0.0506928016221696,0.0,0.026005547850207922,0.026699893200427205,1.2281232932527677,10,"(0, 0, 1, 0)",85910
"woe_enc,most_freq_imp,under_samp,quant_scale,k_best_sel",0.10247709052513732,0.0,0.023842195540308746,0.027233891064435745,0.05165428764348412,0.0,0.026511869693294,0.027233891064435745,1.223219773574431,10,"(0, 0, 1, 0)",85910
"woe_enc,most_freq_imp,k_best_sel,under_samp,no_scale",0.10597292405142733,0.0,0.020200101928596337,0.026699893200427205,0.0506928016221696,0.0,0.026005547850207922,0.026699893200427205,1.2321369941403668,10,"(0, 0, 1, 0)",85910
"onehot_enc,most_freq_imp,over_samp,no_sel,quant_scale",0.10616277866129653,0.0,0.021366367683748506,0.026910496580434096,0.05107223476297973,0.0,0.026205298972057367,0.026910496580434207,1.2325911265050304,10,"(0, 0, 1, 0)",85910
"onehot_enc,most_freq_imp,under_samp,no_sel,quant_scale",0.10856682060062972,0.0,0.021888175199687145,0.02527589889640447,0.048119281599457775,0.0,0.024652777777777746,0.02527589889640436,1.2394263642248227,11,"(0, 0, 1, 0)",85910
"woe_enc,most_freq_imp,k_best_sel,under_samp,no_scale",0.10942272868031339,0.0,0.025667912536105557,0.027411890352438628,0.05197435032062103,0.0,0.026680526680526784,0.027411890352438517,1.2405020390786055,11,"(0, 0, 1, 0)",85910
"woe_enc,most_freq_imp,under_samp,no_scale,no_sel",0.10288198094347129,0.0,0.02528423040604344,0.027233891064435745,0.05165428764348412,0.0,0.026511869693294,0.027233891064435745,1.2242421855789913,11,"(0, 0, 1, 0)",85910
"onehot_enc,most_freq_imp,under_samp,no_scale,no_sel",0.10708187846003547,0.0,0.015878389218674793,0.025631897472410126,0.048763968845242145,0.0,0.024991322457480036,0.025631897472410126,1.2354072206976097,11,"(0, 0, 1, 0)",85910
"woe_enc,most_freq_imp,k_best_sel,under_samp,quant_scale",0.10899381875517128,0.0,0.02264903712272133,0.02687789248843009,0.051013513513513464,0.0,0.026174380308545686,0.026877892488429977,1.2396603968466309,11,"(0, 0, 1, 0)",85910
"onehot_enc,most_freq_imp,under_samp,no_scale,k_best_sel",0.10398882684097516,0.0,0.017111823075147976,0.026699893200427205,0.0506928016221696,0.0,0.026005547850207922,0.026699893200427205,1.2271461010259088,11,"(0, 0, 1, 0)",85910
"woe_enc,most_freq_imp,under_samp,quant_scale,no_sel",0.10998915603449744,0.0,0.019069688450627204,0.02652189391242432,0.05037187288708589,0.0,0.025836656840645067,0.02652189391242432,1.2423059838822261,11,"(0, 0, 1, 0)",85910
"woe_enc,most_freq_imp,k_best_sel,over_samp,no_scale",0.10514842256479134,0.0,0.021366367683748506,0.026910496580434096,0.05107223476297973,0.0,0.026205298972057367,0.026910496580434207,1.2300058248180556,11,"(0, 0, 1, 0)",85910
"onehot_enc,most_freq_imp,over_samp,no_sel,quant_scale",0.0957528332943674,0.0,0.021366367683748506,0.026910496580434096,0.05107223476297973,0.0,0.026205298972057367,0.026910496580434207,1.2064586019855974,11,"(0, 0, 1, 0)",85910
"woe_enc,most_freq_imp,under_samp,quant_scale,k_best_sel",0.10350160092649369,0.0,0.02047286526534537,0.027411890352438628,0.05197435032062103,0.0,0.026680526680526784,0.027411890352438517,1.2256263272792076,11,"(0, 0, 1, 0)",85910
"woe_enc,most_freq_imp,k_best_sel,under_samp,no_scale",0.10338010768426836,0.0,0.02212441314553991,0.02705589177643286,0.051334008780817286,0.0,0.026343154246100564,0.027055891776432972,1.2255240036996697,12,"(0, 0, 1, 0)",85910
"woe_enc,most_freq_imp,over_samp,quant_scale,no_sel",0.10548637300516472,0.0,0.021366367683748506,0.026910496580434096,0.05107223476297973,0.0,0.026205298972057367,0.026910496580434207,1.2308662109387696,12,"(0, 0, 1, 0)",85910
"onehot_enc,most_freq_imp,under_samp,no_sel,no_scale",0.11017924536971258,0.0,0.023103284832805313,0.027411890352438628,0.05197435032062103,0.0,0.026680526680526784,0.027411890352438517,1.2423688942601645,12,"(0, 0, 1, 0)",85910
"onehot_enc,most_freq_imp,over_samp,quant_scale,no_sel",0.10989514447423293,0.0,0.021366367683748506,0.026910496580434096,0.05107223476297973,0.0,0.026205298972057367,0.026910496580434207,1.2421783301342058,12,"(0, 0, 1, 0)",85910
"woe_enc,most_freq_imp,under_samp,quant_scale,k_best_sel",0.10490753755709298,0.0,0.016983816563416042,0.02705589177643286,0.051334008780817286,0.0,0.026343154246100564,0.027055891776432972,1.2292513392645794,12,"(0, 0, 1, 0)",85910
"onehot_enc,most_freq_imp,over_samp,no_sel,quant_scale",0.1000991345290192,0.0,0.021366367683748506,0.026910496580434096,0.05107223476297973,0.0,0.026205298972057367,0.026910496580434207,1.2172627881825093,12,"(0, 0, 1, 0)",85910
"woe_enc,most_freq_imp,under_samp,quant_scale,no_sel",0.10447687727520971,0.0,0.02811709159584514,0.026699893200427205,0.0506928016221696,0.0,0.026005547850207922,0.026699893200427205,1.228512797854267,12,"(0, 0, 1, 0)",85910
"onehot_enc,most_freq_imp,under_samp,no_scale,k_best_sel",0.10401858489945742,0.0,0.01777674024224666,0.028301886792452824,0.0535714285714286,0.0,0.02752293577981657,0.028301886792452824,1.226428515464261,12,"(0, 0, 1, 0)",85910
"onehot_enc,most_freq_imp,under_samp,no_scale,no_sel",0.10084133796580147,0.0,0.015366346346217141,0.027233891064435745,0.05165428764348412,0.0,0.026511869693294,0.027233891064435745,1.2190691135119136,12,"(0, 0, 1, 0)",85910
"onehot_enc,most_freq_imp,k_best_sel,under_samp,no_scale",0.10795602615090027,0.0,0.02328621961186416,0.026699893200427205,0.0506928016221696,0.0,0.026005547850207922,0.026699893200427205,1.237153400039825,12,"(0, 0, 1, 0)",85910
"woe_enc,most_freq_imp,over_samp,no_sel,quant_scale",0.10582449160035368,0.0,0.021366367683748506,0.026910496580434096,0.05107223476297973,0.0,0.026205298972057367,0.026910496580434207,1.2317279767666989,13,"(0, 0, 1, 0)",85910
"onehot_enc,most_freq_imp,k_best_sel,under_samp,no_scale",0.10387162894520907,0.0,0.01990634710708257,0.02580989676041301,0.04908598510494244,0.0,0.025160506680548367,0.025809896760412898,1.2273394101104056,13,"(0, 0, 1, 0)",85910
"onehot_enc,most_freq_imp,over_samp,quant_scale,no_sel",0.10955498363235211,0.0,0.021366367683748506,0.026910496580434096,0.05107223476297973,0.0,0.026205298972057367,0.026910496580434207,1.2412996752998284,13,"(0, 0, 1, 0)",85910
"onehot_enc,most_freq_imp,under_samp,no_scale,no_sel",0.10405833472566522,0.0,0.024342913156817546,0.027767888928444284,0.05261382799325465,0.0,0.02701766539660544,0.027767888928444284,1.2268832592978087,13,"(0, 0, 1, 0)",85910
"onehot_enc,most_freq_imp,under_samp,no_sel,no_scale",0.09532841758028521,0.0,0.018389859162256002,0.027233891064435745,0.05165428764348412,0.0,0.026511869693294,0.027233891064435745,1.2056103124280662,13,"(0, 0, 1, 0)",85910
"woe_enc,most_freq_imp,under_samp,quant_scale,k_best_sel",0.10087910825751084,0.0,0.019853782163019314,0.028301886792452824,0.0535714285714286,0.0,0.02752293577981657,0.028301886792452824,1.218706835393729,13,"(0, 0, 1, 0)",85910
"woe_enc,most_freq_imp,over_samp,quant_scale,no_sel",0.1031242338202612,0.0,0.021366367683748506,0.026910496580434096,0.05107223476297973,0.0,0.026205298972057367,0.026910496580434207,1.2248722485802046,13,"(0, 0, 1, 0)",85910
"woe_enc,most_freq_imp,k_best_sel,under_samp,no_scale",0.10557972738706273,0.0,0.0189917134478964,0.027233891064435745,0.05165428764348412,0.0,0.026511869693294,0.027233891064435745,1.230864426936227,13,"(0, 0, 1, 0)",85910
"onehot_enc,most_freq_imp,under_samp,no_scale,k_best_sel",0.10729398484731989,0.0,0.021501433500378482,0.02705589177643286,0.051334008780817286,0.0,0.026343154246100564,0.027055891776432972,1.2352786111143885,13,"(0, 0, 1, 0)",85910
"onehot_enc,most_freq_imp,over_samp,no_scale,no_sel",0.10177809860440423,0.0,0.021366367683748506,0.026910496580434096,0.05107223476297973,0.0,0.026205298972057367,0.026910496580434207,1.2214769341879572,13,"(0, 0, 1, 0)",85910
"onehot_enc,most_freq_imp,under_samp,quant_scale,no_sel",0.11293800539083554,0.0,0.026328868766092806,0.027411890352438628,0.05197435032062103,0.0,0.026680526680526784,0.027411890352438517,1.249404761904762,14,"(0, 0, 1, 0)",85910
"woe_enc,most_freq_imp,over_samp,no_sel,no_scale",0.10481063996876538,0.0,0.021366367683748506,0.026910496580434096,0.05107223476297973,0.0,0.026205298972057367,0.026910496580434207,1.2291468142174262,14,"(0, 0, 1, 0)",85910
"onehot_enc,most_freq_imp,under_samp,no_sel,no_scale",0.09664812686424212,0.0,0.01812359470320781,0.02705589177643286,0.051334008780817286,0.0,0.026343154246100564,0.027055891776432972,1.2089026409960666,14,"(0, 0, 1, 0)",85910
"onehot_enc,most_freq_imp,k_best_sel,under_samp,no_scale",0.10192607797740216,0.0,0.020170950298382062,0.027411890352438628,0.05197435032062103,0.0,0.026680526680526784,0.027411890352438517,1.221721549095018,14,"(0, 0, 1, 0)",85910
"onehot_enc,most_freq_imp,over_samp,no_scale,no_sel",0.10346118183518072,0.0,0.021366367683748506,0.026910496580434096,0.05107223476297973,0.0,0.026205298972057367,0.026910496580434207,1.2257244438307933,14,"(0, 0, 1, 0)",85910
"woe_enc,most_freq_imp,k_best_sel,under_samp,quant_scale",0.11178147573998709,0.0,0.026344142970098287,0.027945888216447168,0.052933243425488885,0.0,0.02718614718614709,0.027945888216447057,1.246177700907139,14,"(0, 0, 1, 0)",85910
"woe_enc,most_freq_imp,over_samp,quant_scale,no_sel",0.10616277866129653,0.0,0.021366367683748506,0.026910496580434096,0.05107223476297973,0.0,0.026205298972057367,0.026910496580434207,1.2325911265050304,14,"(0, 0, 1, 0)",85910
"onehot_enc,most_freq_imp,over_samp,quant_scale,no_sel",0.1011060208131751,0.0,0.021366367683748506,0.026910496580434096,0.05107223476297973,0.0,0.026205298972057367,0.026910496580434207,1.2197873002586308,14,"(0, 0, 1, 0)",85910
"woe_enc,most_freq_imp,under_samp,quant_scale,k_best_sel",0.10700073322778586,0.0,0.019337108326592273,0.02634389462442155,0.05005072708826508,0.0,0.025667707249392935,0.026343894624421438,1.2348826719007169,14,"(0, 0, 1, 0)",85910
"woe_enc,most_freq_imp,over_samp,no_sel,quant_scale",0.1109166616737774,0.0,0.021366367683748506,0.026910496580434096,0.05107223476297973,0.0,0.026205298972057367,0.026910496580434207,1.2448229261109802,14,"(0, 0, 1, 0)",85910
"onehot_enc,most_freq_imp,k_best_sel,under_samp,quant_scale",0.10629122521447432,0.0,0.02623157731635959,0.02687789248843009,0.051013513513513464,0.0,0.026174380308545686,0.026877892488429977,1.2329282185964523,15,"(0, 0, 1, 0)",85910
"woe_enc,most_freq_imp,over_samp,no_scale,no_sel",0.10144197747882311,0.0,0.021366367683748506,0.026910496580434096,0.05107223476297973,0.0,0.026205298972057367,0.026910496580434207,1.2206314519735397,15,"(0, 0, 1, 0)",85910
"onehot_enc,most_freq_imp,under_samp,quant_scale,k_best_sel",0.10672744996732414,0.0,0.020814355838094475,0.024563901744393046,0.046827281981676294,0.0,0.023974982626824293,0.024563901744393046,1.2351474710662182,15,"(0, 0, 1, 0)",85910
"onehot_enc,most_freq_imp,no_sel,under_samp,no_scale",0.10824874537320883,0.0,0.028474960578426876,0.02474190103239582,0.047150610583446384,0.0,0.02414451971512943,0.02474190103239593,1.23900715976094,15,"(0, 0, 1, 0)",85910
"onehot_enc,most_freq_imp,k_best_sel,over_samp,no_scale",0.10447302490708815,0.0,0.021366367683748506,0.026910496580434096,0.05107223476297973,0.0,0.026205298972057367,0.026910496580434207,1.2282891749657296,15,"(0, 0, 1, 0)",85910
"woe_enc,most_freq_imp,under_samp,no_sel,quant_scale",0.10387943284650702,0.0,0.020120318699396796,0.02634389462442155,0.05005072708826508,0.0,0.025667707249392935,0.026343894624421438,1.2270936503037513,15,"(0, 0, 1, 0)",85910
"woe_enc,most_freq_imp,over_samp,no_sel,no_scale",0.10650123449940357,0.0,0.021366367683748506,0.026910496580434096,0.05107223476297973,0.0,0.026205298972057367,0.026910496580434207,1.2334556643730865,15,"(0, 0, 1, 0)",85910
"woe_enc,most_freq_imp,under_samp,quant_scale,k_best_sel",0.10568064792879339,0.0,0.01803723026712213,0.02598789604841578,0.049407783417935724,0.0,0.025329632199861174,0.02598789604841578,1.2317408203427005,15,"(0, 0, 1, 0)",85910
"woe_enc,most_freq_imp,over_samp,no_sel,quant_scale",0.1085355313471737,0.0,0.021366367683748506,0.026910496580434096,0.05107223476297973,0.0,0.026205298972057367,0.026910496580434207,1.2386722806405166,15,"(0, 0, 1, 0)",85910
"onehot_enc,most_freq_imp,under_samp,no_sel,no_scale",0.11286549600231954,0.0,0.02644814068064455,0.02972588109647556,0.056115591397849496,0.0,0.028867761452031182,0.02972588109647556,1.2479404279268447,15,"(0, 0, 1, 0)",85910
"woe_enc,most_freq_imp,under_samp,quant_scale,k_best_sel",0.10233013889313247,0.0,0.021608859492305482,0.027411890352438628,0.05197435032062103,0.0,0.026680526680526784,0.027411890352438517,1.2227393900849362,16,"(0, 0, 1, 0)",85910
"woe_enc,most_freq_imp,over_samp,no_scale,no_sel",0.10582449160035368,0.0,0.021366367683748506,0.026910496580434096,0.05107223476297973,0.0,0.026205298972057367,0.026910496580434207,1.2317279767666989,16,"(0, 0, 1, 0)",85910
"onehot_enc,most_freq_imp,under_samp,quant_scale,k_best_sel",0.10791695515039618,0.0,0.019209424739405782,0.026699893200427205,0.0506928016221696,0.0,0.026005547850207922,0.026699893200427205,1.2369940975851839,16,"(0, 0, 1, 0)",85910
"woe_enc,most_freq_imp,under_samp,no_sel,quant_scale",0.09875801145225,0.0,0.01820077967869292,0.027411890352438628,0.05197435032062103,0.0,0.026680526680526784,0.027411890352438517,1.2138998404726151,16,"(0, 0, 1, 0)",85910
"woe_enc,most_freq_imp,under_samp,no_scale,k_best_sel",0.1053001461640437,0.0,0.018189979342610206,0.02652189391242432,0.05037187288708589,0.0,0.025836656840645067,0.02652189391242432,1.230518659076534,16,"(0, 0, 1, 0)",85910
"woe_enc,most_freq_imp,over_samp,quant_scale,no_sel",0.10650123449940357,0.0,0.021366367683748506,0.026910496580434096,0.05107223476297973,0.0,0.026205298972057367,0.026910496580434207,1.2334556643730865,16,"(0, 0, 1, 0)",85910
"woe_enc,most_freq_imp,over_samp,no_sel,no_scale",0.10278745179669879,0.0,0.021366367683748506,0.026910496580434096,0.05107223476297973,0.0,0.026205298972057367,0.026910496580434207,1.2240214040597917,16,"(0, 0, 1, 0)",85910
"onehot_enc,most_freq_imp,k_best_sel,over_samp,no_scale",0.10819605627991374,0.0,0.021366367683748506,0.026910496580434096,0.05107223476297973,0.0,0.026205298972057367,0.026910496580434207,1.237799324474859,16,"(0, 0, 1, 0)",85910
"onehot_enc,most_freq_imp,under_samp,quant_scale,no_sel",0.09650139557100063,0.0,0.0156911487351862,0.026699893200427205,0.0506928016221696,0.0,0.026005547850207922,0.026699893200427205,1.2086787090861384,16,"(0, 0, 1, 0)",85910
"woe_enc,most_freq_imp,over_samp,no_sel,quant_scale",0.10955498363235211,0.0,0.021366367683748506,0.026910496580434096,0.05107223476297973,0.0,0.026205298972057367,0.026910496580434207,1.2412996752998284,16,"(0, 0, 1, 0)",85910
"woe_enc,most_freq_imp,under_samp,quant_scale,no_sel",0.10046160922678143,0.0,0.01876710585626875,0.025631897472410126,0.048763968845242145,0.0,0.024991322457480036,0.025631897472410126,1.2189458451088304,17,"(0, 0, 1, 0)",85910
"onehot_enc,most_freq_imp,under_samp,no_scale,k_best_sel",0.10976170984549699,0.0,0.02143857960318734,0.02687789248843009,0.051013513513513464,0.0,0.026174380308545686,0.026877892488429977,1.241577158158796,17,"(0, 0, 1, 0)",85910
"woe_enc,most_freq_imp,under_samp,no_sel,quant_scale",0.1023141166613189,0.0,0.020038657018563985,0.02687789248843009,0.051013513513513464,0.0,0.026174380308545686,0.026877892488429977,1.2229408061661764,17,"(0, 0, 1, 0)",85910
"woe_enc,most_freq_imp,over_samp,no_sel,quant_scale",0.10650123449940357,0.0,0.021366367683748506,0.026910496580434096,0.05107223476297973,0.0,0.026205298972057367,0.026910496580434207,1.2334556643730865,17,"(0, 0, 1, 0)",85910
"woe_enc,most_freq_imp,over_samp,no_sel,no_scale",0.09976383265856953,0.0,0.021366367683748506,0.026910496580434096,0.05107223476297973,0.0,0.026205298972057367,0.026910496580434207,1.2164239186123107,17,"(0, 0, 1, 0)",85910
"woe_enc,most_freq_imp,under_samp,no_scale,k_best_sel",0.11316262353998202,0.0,0.026189384441245037,0.02598789604841578,0.049407783417935724,0.0,0.025329632199861174,0.02598789604841578,1.2507715281234444,17,"(0, 0, 1, 0)",85910
"onehot_enc,most_freq_imp,quant_scale,under_samp,k_best_sel",0.09562987798112355,0.0,0.024285776405618117,0.02687789248843009,0.051013513513513464,0.0,0.026174380308545686,0.026877892488429977,1.2065694116019166,17,"(0, 0, 1, 0)",85910
"onehot_enc,most_freq_imp,under_samp,quant_scale,no_sel",0.0992774040048724,0.0,0.018357859780908342,0.025097899608401586,0.04779661016949155,0.0,0.024483417259940965,0.025097899608401586,1.2162705904161764,17,"(0, 0, 1, 0)",85910
"woe_enc,most_freq_imp,over_samp,quant_scale,no_sel",0.09708725816769975,0.0,0.021366367683748506,0.026910496580434096,0.05107223476297973,0.0,0.026205298972057367,0.026910496580434207,1.2097598174576931,17,"(0, 0, 1, 0)",85910
"woe_enc,most_freq_imp,over_samp,no_scale,no_sel",0.10616277866129653,0.0,0.021366367683748506,0.026910496580434096,0.05107223476297973,0.0,0.026205298972057367,0.026910496580434207,1.2325911265050304,17,"(0, 0, 1, 0)",85910
"woe_enc,most_freq_imp,over_samp,no_sel,no_scale",0.1031242338202612,0.0,0.021366367683748506,0.026910496580434096,0.05107223476297973,0.0,0.026205298972057367,0.026910496580434207,1.2248722485802046,18,"(0, 0, 1, 0)",85910
"woe_enc,most_freq_imp,over_samp,quant_scale,no_sel",0.10211438449528432,0.0,0.021366367683748506,0.026910496580434096,0.05107223476297973,0.0,0.026205298972057367,0.026910496580434207,1.222323750917415,18,"(0, 0, 1, 0)",85910
"woe_enc,most_freq_imp,over_samp,no_scale,no_sel",0.10043459964249851,0.0,0.021366367683748506,0.026910496580434096,0.05107223476297973,0.0,0.026205298972057367,0.026910496580434207,1.2181029723409071,18,"(0, 0, 1, 0)",85910
"onehot_enc,most_freq_imp,under_samp,quant_scale,no_sel",0.10100149224975663,0.0,0.020112928306916536,0.02652189391242432,0.05037187288708589,0.0,0.025836656840645067,0.02652189391242432,1.219867988330973,18,"(0, 0, 1, 0)",85910
"woe_enc,most_freq_imp,under_samp,quant_scale,no_sel",0.11184763145594506,0.0,0.021542821461165276,0.027233891064435745,0.05165428764348412,0.0,0.026511869693294,0.027233891064435745,1.2466582137759712,18,"(0, 0, 1, 0)",85910
"onehot_enc,most_freq_imp,over_samp,quant_scale,no_sel",0.10955498363235211,0.0,0.021366367683748506,0.026910496580434096,0.05107223476297973,0.0,0.026205298972057367,0.026910496580434207,1.2412996752998284,18,"(0, 0, 1, 0)",85910
"onehot_enc,most_freq_imp,quant_scale,under_samp,k_best_sel",0.10588215601697226,0.0,0.023642871346192078,0.027411890352438628,0.05197435032062103,0.0,0.026680526680526784,0.027411890352438517,1.23159426495273,18,"(0, 0, 1, 0)",85910
"woe_enc,most_freq_imp,under_samp,no_sel,quant_scale",0.10885907283887664,0.0,0.02179694727104533,0.02705589177643286,0.051334008780817286,0.0,0.026343154246100564,0.027055891776432972,1.2392134129473236,18,"(0, 0, 1, 0)",85910
"onehot_enc,most_freq_imp,under_samp,no_scale,k_best_sel",0.10441293781044259,0.0,0.02012358453162623,0.027233891064435745,0.05165428764348412,0.0,0.026511869693294,0.027233891064435745,1.2279742690601705,18,"(0, 0, 1, 0)",85910
"woe_enc,most_freq_imp,over_samp,no_sel,quant_scale",0.10481063996876538,0.0,0.021366367683748506,0.026910496580434096,0.05107223476297973,0.0,0.026205298972057367,0.026910496580434207,1.2291468142174262,18,"(0, 0, 1, 0)",85910
"woe_enc,most_freq_imp,over_samp,no_sel,no_scale",0.10514842256479134,0.0,0.021366367683748506,0.026910496580434096,0.05107223476297973,0.0,0.026205298972057367,0.026910496580434207,1.2300058248180556,19,"(0, 0, 1, 0)",85910
"woe_enc,most_freq_imp,over_samp,no_scale,no_sel",0.10717865375511565,0.0,0.021366367683748506,0.026910496580434096,0.05107223476297973,0.0,0.026205298972057367,0.026910496580434207,1.235188921456804,19,"(0, 0, 1, 0)",85910
"onehot_enc,most_freq_imp,over_samp,no_scale,no_sel",0.10582449160035368,0.0,0.021366367683748506,0.026910496580434096,0.05107223476297973,0.0,0.026205298972057367,0.026910496580434207,1.2317279767666989,19,"(0, 0, 1, 0)",85910
"woe_enc,most_freq_imp,under_samp,no_scale,k_best_sel",0.10707154936768093,0.0,0.025226200952187555,0.027411890352438628,0.05197435032062103,0.0,0.026680526680526784,0.027411890352438517,1.2345907904548843,19,"(0, 0, 1, 0)",85910
"onehot_enc,most_freq_imp,under_samp,no_scale,k_best_sel",0.1028295952882598,0.0,0.01846338290162683,0.027233891064435745,0.05165428764348412,0.0,0.026511869693294,0.027233891064435745,1.224021618306566,19,"(0, 0, 1, 0)",85910
"woe_enc,most_freq_imp,over_samp,quant_scale,no_sel",0.102450835457288,0.0,0.021366367683748506,0.026910496580434096,0.05107223476297973,0.0,0.026205298972057367,0.026910496580434207,1.2231719061926734,19,"(0, 0, 1, 0)",85910
"woe_enc,most_freq_imp,under_samp,no_sel,quant_scale",0.10808151656592391,0.0,0.023921032161154474,0.02598789604841578,0.049407783417935724,0.0,0.025329632199861174,0.02598789604841578,1.2378545671990229,19,"(0, 0, 1, 0)",85910
"onehot_enc,most_freq_imp,under_samp,quant_scale,no_sel",0.10516046227649978,0.0,0.019393062218423733,0.025097899608401586,0.04779661016949155,0.0,0.024483417259940965,0.025097899608401586,1.2309143406882586,19,"(0, 0, 1, 0)",85910
"onehot_enc,most_freq_imp,quant_scale,under_samp,k_best_sel",0.10560229204781446,0.0,0.021707094922623495,0.027233891064435745,0.05165428764348412,0.0,0.026511869693294,0.027233891064435745,1.2309592853794002,19,"(0, 0, 1, 0)",85910
"woe_enc,most_freq_imp,under_samp,quant_scale,no_sel",0.10112275219279543,0.0,0.019410191482412138,0.02580989676041301,0.04908598510494244,0.0,0.025160506680548367,0.025809896760412898,1.2205037790870679,19,"(0, 0, 1, 0)",85910
"woe_enc,most_freq_imp,over_samp,quant_scale,no_sel",0.09608619976113575,0.0,0.021366367683748506,0.026910496580434096,0.05107223476297973,0.0,0.026205298972057367,0.026910496580434207,1.207281999673034,20,"(0, 0, 1, 0)",85910
"woe_enc,most_freq_imp,under_samp,quant_scale,no_sel",0.10574656895592027,0.0,0.022783413326972528,0.0275898896404414,0.0522941970310391,0.0,0.02684912523817773,0.02758988964044151,1.2311527194382876,20,"(0, 0, 1, 0)",85910
"woe_enc,most_freq_imp,over_samp,no_scale,no_sel",0.10582449160035368,0.0,0.021366367683748506,0.026910496580434096,0.05107223476297973,0.0,0.026205298972057367,0.026910496580434207,1.2317279767666989,20,"(0, 0, 1, 0)",85910
"woe_enc,most_freq_imp,under_samp,no_sel,quant_scale",0.10731788502631684,0.0,0.020832284228063873,0.02865788536845848,0.05420875420875426,0.0,0.02785949126146403,0.02865788536845859,1.234495746477044,20,"(0, 0, 1, 0)",85910
"onehot_enc,most_freq_imp,quant_scale,under_samp,k_best_sel",0.1016583708323241,0.0,0.020555011173310822,0.026165895336418665,0.049729364005412724,0.0,0.025498699045967133,0.026165895336418665,1.2216717252871512,20,"(0, 0, 1, 0)",85910
"onehot_enc,most_freq_imp,under_samp,quant_scale,no_sel",0.11335788430677923,0.0,0.030240882070784937,0.02687789248843009,0.051013513513513464,0.0,0.026174380308545686,0.026877892488429977,1.2508372719020941,20,"(0, 0, 1, 0)",85910
"onehot_enc,most_freq_imp,under_samp,no_scale,k_best_sel",0.10088254044146949,0.0,0.02178447314470046,0.026165895336418665,0.049729364005412724,0.0,0.025498699045967133,0.026165895336418665,1.2197672955155998,20,"(0, 0, 1, 0)",85910
"woe_enc,most_freq_imp,over_samp,no_sel,no_scale",0.09675341189940073,0.0,0.021366367683748506,0.026910496580434096,0.05107223476297973,0.0,0.026205298972057367,0.026910496580434207,1.2089326036204984,20,"(0, 0, 1, 0)",85910
"woe_enc,most_freq_imp,under_samp,no_scale,k_best_sel",0.10793125902437645,0.0,0.021697539895113555,0.026165895336418665,0.049729364005412724,0.0,0.025498699045967133,0.026165895336418665,1.2373488335026797,20,"(0, 0, 1, 0)",85910
"woe_enc,most_freq_imp,under_samp,max_abs_scale,k_best_sel",0.11299807015552271,0.0,0.02151538610824978,0.026699893200427205,0.0506928016221696,0.0,0.026005547850207922,0.026699893200427205,1.2498744853900994,20,"(0, 0, 1, 0)",85910
"woe_enc,mean_imp,no_samp,no_sel,norm_scale",0.48685180634062425,0.3029693004529441,0.5892325089063544,0.29277381723914453,0.3125,0.3460306158775365,0.32968436416712277,0.2971604164728151,-1.0,0,"(0, 0, 0, 1)",85910
"onehot_enc,mean_imp,no_sel,norm_scale,under_samp",0.7000535618639528,0.16859587317564168,0.7192541444979084,0.34709861160555355,0.3834464043419268,0.19117123531505875,0.300277178934401,0.34709861160555366,-1.0,0,"(0, 0, 0, 1)",85910
"count_enc,most_freq_imp,no_scale,no_samp,no_sel",0.10466247529684969,0.0007132737489545795,0.022079641432703086,0.029650032404407,0.06057563587684067,0.0007119971520114232,0.03156805244091776,0.027266495156439863,1.2521250693577033,0,"(0, 0, 0, 1)",85910
"woe_enc,mean_imp,k_best_sel,under_samp,no_scale",0.10135253217491175,0.0,0.014729165435071183,0.02652189391242432,0.05037187288708589,0.0,0.025836656840645067,0.02652189391242432,1.2206662725833521,0,"(0, 0, 0, 1)",85910
"target_enc,most_freq_imp,no_samp,k_best_sel,min_max_scale",0.10443272475148435,0.0,0.021366367683748506,0.029325988334413466,0.060535117056856214,0.0,0.031212277978961867,0.026910496580434207,1.2512837759180453,0,"(0, 0, 0, 1)",85910
"target_enc,most_freq_imp,k_best_sel,over_samp,quant_scale",0.10989514447423293,0.0,0.021366367683748506,0.026910496580434096,0.05107223476297973,0.0,0.026205298972057367,0.026910496580434207,1.2421783301342058,0,"(0, 0, 0, 1)",85910
"onehot_enc,most_freq_imp,max_abs_scale,over_samp,no_sel",0.09942869372805824,0.0,0.021366367683748506,0.026910496580434096,0.05107223476297973,0.0,0.026205298972057367,0.026910496580434207,1.2155863596898298,0,"(0, 0, 0, 1)",85910
"count_enc,median_imp,k_best_sel,under_samp,no_scale",0.10642272407293868,0.0007132737489545795,0.02629265793342818,0.027945888216447168,0.05232950708980422,0.0007119971520114232,0.02720499046958924,0.02794588821644728,1.233069465235057,0,"(0, 0, 0, 1)",85910
"count_enc,most_freq_imp,over_samp,quant_scale,no_sel",0.10177809860440423,0.0,0.021366367683748506,0.026910496580434096,0.05107223476297973,0.0,0.026205298972057367,0.026910496580434207,1.2214769341879572,0,"(0, 0, 0, 1)",85910
"count_enc,mean_imp,max_abs_scale,no_samp,no_sel",0.10443272475148435,0.0,0.021366367683748506,0.029325988334413466,0.060535117056856214,0.0,0.031212277978961867,0.026910496580434207,1.2512837759180453,0,"(0, 0, 0, 1)",85910
"count_enc,most_freq_imp,over_samp,quant_scale,no_sel",0.10616277866129653,0.0,0.021366367683748506,0.026910496580434096,0.05107223476297973,0.0,0.026205298972057367,0.026910496580434207,1.2325911265050304,1,"(0, 0, 0, 1)",85910
"count_enc,median_imp,k_best_sel,under_samp,no_scale",0.10679444225812512,0.0005032712632108706,0.025512431045267153,0.02705589177643286,0.05103075363298415,0.0003559985760056561,0.026352288488210918,0.02705589177643286,1.2342547846982976,1,"(0, 0, 0, 1)",85910
"woe_enc,most_freq_imp,k_best_sel,under_samp,no_scale",0.10508523046440127,0.0,0.02213324877870513,0.027411890352438628,0.05197435032062103,0.0,0.026680526680526784,0.027411890352438517,1.2295857460030568,1,"(0, 0, 0, 1)",85910
"onehot_enc,mean_imp,max_abs_scale,over_samp,no_sel",0.1075176177979093,0.0,0.021366367683748506,0.026910496580434096,0.05107223476297973,0.0,0.026205298972057367,0.026910496580434207,1.2360576491924915,1,"(0, 0, 0, 1)",85910
"target_enc,most_freq_imp,k_best_sel,over_samp,max_abs_scale",0.10514842256479134,0.0,0.021366367683748506,0.026910496580434096,0.05107223476297973,0.0,0.026205298972057367,0.026910496580434207,1.2300058248180556,1,"(0, 0, 0, 1)",85910
"count_enc,mean_imp,quant_scale,no_samp,no_sel",0.10443272475148435,0.0,0.021366367683748506,0.029325988334413466,0.060535117056856214,0.0,0.031212277978961867,0.026910496580434207,1.2512837759180453,1,"(0, 0, 0, 1)",85910
"onehot_enc,mean_imp,no_sel,norm_scale,under_samp",0.702834008097166,0.16607951685958733,0.7173018684311822,0.3460306158775365,0.38282308317529123,0.1890352438590246,0.299076923076923,0.3460306158775366,-1.0,1,"(0, 0, 0, 1)",85910
"onehot_enc,most_freq_imp,max_abs_scale,over_samp,no_sel",0.11125751335707929,0.0,0.021366367683748506,0.026910496580434096,0.05107223476297973,0.0,0.026205298972057367,0.026910496580434207,1.2457073500491642,1,"(0, 0, 0, 1)",85910
"woe_enc,mean_imp,k_best_sel,under_samp,no_scale",0.10103822963070885,0.0,0.02461374677784562,0.0275898896404414,0.0522941970310391,0.0,0.02684912523817773,0.02758988964044151,1.2195008761768988,1,"(0, 0, 0, 1)",85910
"target_enc,most_freq_imp,k_best_sel,over_samp,quant_scale",0.10616277866129653,0.0,0.021366367683748506,0.026910496580434096,0.05107223476297973,0.0,0.026205298972057367,0.026910496580434207,1.2325911265050304,1,"(0, 0, 0, 1)",85910
"count_enc,most_freq_imp,over_samp,quant_scale,no_sel",0.10616277866129653,0.0,0.021366367683748506,0.026910496580434096,0.05107223476297973,0.0,0.026205298972057367,0.026910496580434207,1.2325911265050304,2,"(0, 0, 0, 1)",85910
"onehot_enc,most_freq_imp,max_abs_scale,over_samp,no_sel",0.1146756258192525,0.0,0.021366367683748506,0.026910496580434096,0.05107223476297973,0.0,0.026205298972057367,0.026910496580434207,1.2546322734179232,2,"(0, 0, 0, 1)",85910
"onehot_enc,mean_imp,max_abs_scale,over_samp,no_sel",0.1075176177979093,0.0,0.021366367683748506,0.026910496580434096,0.05107223476297973,0.0,0.026205298972057367,0.026910496580434207,1.2360576491924915,2,"(0, 0, 0, 1)",85910
"target_enc,most_freq_imp,k_best_sel,over_samp,max_abs_scale",0.10447302490708815,0.0,0.021366367683748506,0.026910496580434096,0.05107223476297973,0.0,0.026205298972057367,0.026910496580434207,1.2282891749657296,2,"(0, 0, 0, 1)",85910
"target_enc,most_freq_imp,k_best_sel,under_samp,no_scale",0.1026172782009061,0.0,0.02549755273605405,0.025453898184407242,0.04844173441734423,0.0,0.024822079500086858,0.025453898184407242,1.2244678297316678,2,"(0, 0, 0, 1)",85910
"woe_enc,most_freq_imp,k_best_sel,over_samp,max_abs_scale",0.10413557707022958,0.0,0.021366367683748506,0.026910496580434096,0.05107223476297973,0.0,0.026205298972057367,0.026910496580434207,1.2274329029077171,2,"(0, 0, 0, 1)",85910
"count_enc,mean_imp,quant_scale,no_samp,no_sel",0.10443272475148435,0.0,0.021366367683748506,0.029325988334413466,0.060535117056856214,0.0,0.031212277978961867,0.026910496580434207,1.2512837759180453,2,"(0, 0, 0, 1)",85910
"target_enc,most_freq_imp,k_best_sel,over_samp,quant_scale",0.11125751335707929,0.0,0.021366367683748506,0.026910496580434096,0.05107223476297973,0.0,0.026205298972057367,0.026910496580434207,1.2457073500491642,2,"(0, 0, 0, 1)",85910
"count_enc,median_imp,k_best_sel,under_samp,no_scale",0.09849680795931498,0.0007132737489545795,0.019137857579271444,0.027411890352438628,0.051368705643798585,0.0007119971520114232,0.02669902912621358,0.02741189035243874,1.2135993133344036,2,"(0, 0, 0, 1)",85910
"woe_enc,mean_imp,k_best_sel,under_samp,no_scale",0.10149201861818452,0.0,0.016742220696675227,0.02580989676041301,0.04908598510494244,0.0,0.025160506680548367,0.025809896760412898,1.221383860473153,2,"(0, 0, 0, 1)",85910
"woe_enc,most_freq_imp,k_best_sel,over_samp,max_abs_scale",0.10819605627991374,0.0,0.021366367683748506,0.026910496580434096,0.05107223476297973,0.0,0.026205298972057367,0.026910496580434207,1.237799324474859,3,"(0, 0, 0, 1)",85910
"target_enc,mean_imp,k_best_sel,under_samp,no_scale",0.09596074687630818,0.0,0.013378412237615718,0.02687789248843009,0.051013513513513464,0.0,0.026174380308545686,0.026877892488429977,1.2072531533110151,3,"(0, 0, 0, 1)",85910
"count_enc,most_freq_imp,no_samp,quant_scale,no_sel",0.10443272475148435,0.0,0.021366367683748506,0.029325988334413466,0.060535117056856214,0.0,0.031212277978961867,0.026910496580434207,1.2512837759180453,3,"(0, 0, 0, 1)",85910
"count_enc,mean_imp,quant_scale,over_samp,no_sel",0.10413557707022958,0.0,0.021366367683748506,0.026910496580434096,0.05107223476297973,0.0,0.026205298972057367,0.026910496580434207,1.2274329029077171,3,"(0, 0, 0, 1)",85910
"onehot_enc,most_freq_imp,max_abs_scale,over_samp,no_sel",0.10346118183518072,0.0,0.021366367683748506,0.026910496580434096,0.05107223476297973,0.0,0.026205298972057367,0.026910496580434207,1.2257244438307933,3,"(0, 0, 0, 1)",85910
"onehot_enc,mean_imp,max_abs_scale,over_samp,no_sel",0.10077022830255111,0.0,0.021366367683748506,0.026910496580434096,0.05107223476297973,0.0,0.026205298972057367,0.026910496580434207,1.218944475042852,3,"(0, 0, 0, 1)",85910
"woe_enc,mean_imp,k_best_sel,under_samp,no_scale",0.10819107517220727,0.0,0.01756166436330483,0.027945888216447168,0.052933243425488885,0.0,0.02718614718614709,0.027945888216447057,1.2370018041659834,3,"(0, 0, 0, 1)",85910
"target_enc,most_freq_imp,k_best_sel,under_samp,no_scale",0.10271994195758949,0.0,0.022438250344685592,0.02580989676041301,0.04908598510494244,0.0,0.025160506680548367,0.025809896760412898,1.2245062304502303,3,"(0, 0, 0, 1)",85910
"count_enc,most_freq_imp,over_samp,quant_scale,no_sel",0.10043459964249851,0.0,0.021366367683748506,0.026910496580434096,0.05107223476297973,0.0,0.026205298972057367,0.026910496580434207,1.2181029723409071,3,"(0, 0, 0, 1)",85910
"loo_enc,mean_imp,k_best_sel,under_samp,no_scale",0.10822807482933045,0.0,0.0250038907582417,0.02634389462442155,0.05005072708826508,0.0,0.025667707249392935,0.026343894624421438,1.2380515427800587,3,"(0, 0, 0, 1)",85910
"target_enc,most_freq_imp,k_best_sel,under_samp,no_scale",0.10192607797740216,0.0,0.020170950298382062,0.027411890352438628,0.05197435032062103,0.0,0.026680526680526784,0.027411890352438517,1.221721549095018,4,"(0, 0, 0, 1)",85910
"target_enc,mean_imp,k_best_sel,under_samp,no_scale",0.10404546177078366,0.0,0.021834065832413672,0.028301886792452824,0.0535714285714286,0.0,0.02752293577981657,0.028301886792452824,1.2265506022428354,4,"(0, 0, 0, 1)",85910
"onehot_enc,mean_imp,max_abs_scale,over_samp,no_sel",0.10582449160035368,0.0,0.021366367683748506,0.026910496580434096,0.05107223476297973,0.0,0.026205298972057367,0.026910496580434207,1.2317279767666989,4,"(0, 0, 0, 1)",85910
"woe_enc,most_freq_imp,k_best_sel,over_samp,max_abs_scale",0.1068398594265576,0.0,0.021366367683748506,0.026910496580434096,0.05107223476297973,0.0,0.026205298972057367,0.026910496580434207,1.2343215946064017,4,"(0, 0, 0, 1)",85910
"loo_enc,mean_imp,k_best_sel,under_samp,no_scale",0.10958393928322097,0.0,0.01875506861258651,0.02598789604841578,0.049407783417935724,0.0,0.025329632199861174,0.02598789604841578,1.2415655197363382,4,"(0, 0, 0, 1)",85910
"count_enc,most_freq_imp,no_samp,quant_scale,no_sel",0.10443272475148435,0.0,0.021366367683748506,0.029325988334413466,0.060535117056856214,0.0,0.031212277978961867,0.026910496580434207,1.2512837759180453,4,"(0, 0, 0, 1)",85910
"onehot_enc,most_freq_imp,no_sel,max_abs_scale,over_samp",0.10548637300516472,0.0,0.021366367683748506,0.026910496580434096,0.05107223476297973,0.0,0.026205298972057367,0.026910496580434207,1.2308662109387696,4,"(0, 0, 0, 1)",85910
"onehot_enc,most_freq_imp,max_abs_scale,over_samp,no_sel",0.10785675186824689,0.0,0.021366367683748506,0.026910496580434096,0.05107223476297973,0.0,0.026205298972057367,0.026910496580434207,1.236927782098116,4,"(0, 0, 0, 1)",85910
"count_enc,most_freq_imp,over_samp,quant_scale,no_sel",0.10481063996876538,0.0,0.021366367683748506,0.026910496580434096,0.05107223476297973,0.0,0.026205298972057367,0.026910496580434207,1.2291468142174262,4,"(0, 0, 0, 1)",85910
"woe_enc,mean_imp,k_best_sel,under_samp,no_scale",0.10719306121431021,0.0,0.023584971476717162,0.027767888928444284,0.05261382799325465,0.0,0.02701766539660544,0.027767888928444284,1.2346859631204758,4,"(0, 0, 0, 1)",85910
"woe_enc,most_freq_imp,k_best_sel,over_samp,max_abs_scale",0.10548637300516472,0.0,0.021366367683748506,0.026910496580434096,0.05107223476297973,0.0,0.026205298972057367,0.026910496580434207,1.2308662109387696,5,"(0, 0, 0, 1)",85910
"count_enc,most_freq_imp,over_samp,quant_scale,no_sel",0.09742126496738135,0.0,0.021366367683748506,0.026910496580434096,0.05107223476297973,0.0,0.026205298972057367,0.026910496580434207,1.2105883109455589,5,"(0, 0, 0, 1)",85910
"loo_enc,mean_imp,k_best_sel,under_samp,no_scale",0.10521319052288547,0.0,0.02277991032547337,0.026699893200427205,0.0506928016221696,0.0,0.026005547850207922,0.026699893200427205,1.2302756287948802,5,"(0, 0, 0, 1)",85910
"woe_enc,mean_imp,k_best_sel,under_samp,no_scale",0.10207244271829752,0.0,0.022401257826367343,0.027233891064435745,0.05165428764348412,0.0,0.026511869693294,0.027233891064435745,1.2221993175012187,5,"(0, 0, 0, 1)",85910
"target_enc,most_freq_imp,k_best_sel,under_samp,max_abs_scale",0.10844216523442979,0.0,0.020133639157150697,0.02652189391242432,0.05037187288708589,0.0,0.025836656840645067,0.02652189391242432,1.238422497235975,5,"(0, 0, 0, 1)",85910
"onehot_enc,mean_imp,no_scale,over_samp,no_sel",0.09942869372805824,0.0,0.021366367683748506,0.026910496580434096,0.05107223476297973,0.0,0.026205298972057367,0.026910496580434207,1.2155863596898298,5,"(0, 0, 0, 1)",85910
"onehot_enc,mean_imp,max_abs_scale,over_samp,no_sel",0.10144197747882311,0.0,0.021366367683748506,0.026910496580434096,0.05107223476297973,0.0,0.026205298972057367,0.026910496580434207,1.2206314519735397,5,"(0, 0, 0, 1)",85910
"target_enc,most_freq_imp,k_best_sel,under_samp,no_scale",0.10519844906191772,0.0,0.020273491352467997,0.027233891064435745,0.05165428764348412,0.0,0.026511869693294,0.027233891064435745,1.2299320195759331,5,"(0, 0, 0, 1)",85910
"onehot_enc,most_freq_imp,max_abs_scale,over_samp,no_sel",0.10211438449528432,0.0,0.021366367683748506,0.026910496580434096,0.05107223476297973,0.0,0.026205298972057367,0.026910496580434207,1.222323750917415,5,"(0, 0, 0, 1)",85910
"onehot_enc,most_freq_imp,no_sel,max_abs_scale,over_samp",0.10616277866129653,0.0,0.021366367683748506,0.026910496580434096,0.05107223476297973,0.0,0.026205298972057367,0.026910496580434207,1.2325911265050304,5,"(0, 0, 0, 1)",85910
"target_enc,most_freq_imp,k_best_sel,over_samp,max_abs_scale",0.10650123449940357,0.0,0.021366367683748506,0.026910496580434096,0.05107223476297973,0.0,0.026205298972057367,0.026910496580434207,1.2334556643730865,6,"(0, 0, 0, 1)",85910
"woe_enc,most_freq_imp,k_best_sel,under_samp,max_abs_scale",0.1021883478306333,0.0,0.02053773401986341,0.02705589177643286,0.051334008780817286,0.0,0.026343154246100564,0.027055891776432972,1.2225487575156748,6,"(0, 0, 0, 1)",85910
"loo_enc,mean_imp,no_sel,under_samp,no_scale",0.1086500318683073,0.0,0.025743944636678194,0.027945888216447168,0.052933243425488885,0.0,0.02718614718614709,0.027945888216447057,1.238276428270727,6,"(0, 0, 0, 1)",85910
"onehot_enc,most_freq_imp,max_abs_scale,over_samp,k_best_sel",0.10717865375511565,0.0,0.021366367683748506,0.026910496580434096,0.05107223476297973,0.0,0.026205298972057367,0.026910496580434207,1.235188921456804,6,"(0, 0, 0, 1)",85910
"target_enc,mean_imp,k_best_sel,under_samp,no_scale",0.09914936787333445,0.0,0.017116640102489554,0.027945888216447168,0.052933243425488885,0.0,0.02718614718614709,0.027945888216447057,1.2145957008109067,6,"(0, 0, 0, 1)",85910
"loo_enc,most_freq_imp,k_best_sel,under_samp,max_abs_scale",0.10334776304080379,0.0,0.01803912972937545,0.02705589177643286,0.051334008780817286,0.0,0.026343154246100564,0.027055891776432972,1.2253886122537345,6,"(0, 0, 0, 1)",85910
"woe_enc,most_freq_imp,k_best_sel,over_samp,max_abs_scale",0.102450835457288,0.0,0.021366367683748506,0.026910496580434096,0.05107223476297973,0.0,0.026205298972057367,0.026910496580434207,1.2231719061926734,6,"(0, 0, 0, 1)",85910
"onehot_enc,mean_imp,max_abs_scale,over_samp,no_sel",0.10650123449940357,0.0,0.021366367683748506,0.026910496580434096,0.05107223476297973,0.0,0.026205298972057367,0.026910496580434207,1.2334556643730865,6,"(0, 0, 0, 1)",85910
"loo_enc,mean_imp,k_best_sel,under_samp,no_scale",0.10205174154664715,0.0,0.020626638606291603,0.026165895336418665,0.049729364005412724,0.0,0.025498699045967133,0.026165895336418665,1.2226476074252661,6,"(0, 0, 0, 1)",85910
"target_enc,most_freq_imp,k_best_sel,under_samp,max_abs_scale",0.09902928932246724,0.0,0.019748072568238004,0.02652189391242432,0.05037187288708589,0.0,0.025836656840645067,0.02652189391242432,1.2150023183209173,6,"(0, 0, 0, 1)",85910
"loo_enc,mean_imp,k_best_sel,under_samp,no_scale",0.10442113737821729,0.0,0.019205702603922847,0.028301886792452824,0.0535714285714286,0.0,0.02752293577981657,0.028301886792452824,1.2274460406111745,7,"(0, 0, 0, 1)",85910
"woe_enc,most_freq_imp,k_best_sel,over_samp,max_abs_scale",0.11433302465979278,0.0,0.021366367683748506,0.026910496580434096,0.05107223476297973,0.0,0.026205298972057367,0.026910496580434207,1.2537331112737664,7,"(0, 0, 0, 1)",85910
"woe_enc,most_freq_imp,k_best_sel,under_samp,max_abs_scale",0.09890346670403571,0.0,0.020437510470312947,0.027233891064435745,0.05165428764348412,0.0,0.026511869693294,0.027233891064435745,1.2143669826829966,7,"(0, 0, 0, 1)",85910
"loo_enc,most_freq_imp,k_best_sel,under_samp,max_abs_scale",0.10574097600524462,0.0,0.024661674684755157,0.025453898184407242,0.04844173441734423,0.0,0.024822079500086858,0.025453898184407242,1.2322612833417523,7,"(0, 0, 0, 1)",85910
"target_enc,most_freq_imp,k_best_sel,over_samp,max_abs_scale",0.10144197747882311,0.0,0.021366367683748506,0.026910496580434096,0.05107223476297973,0.0,0.026205298972057367,0.026910496580434207,1.2206314519735397,7,"(0, 0, 0, 1)",85910
"target_enc,most_freq_imp,k_best_sel,under_samp,max_abs_scale",0.10325550105593023,0.0,0.02053578919515453,0.028835884656461364,0.05452709525412314,0.0,0.02802768166089964,0.028835884656461364,1.2243136747077106,7,"(0, 0, 0, 1)",85910
"onehot_enc,mean_imp,max_abs_scale,over_samp,no_sel",0.10413557707022958,0.0,0.021366367683748506,0.026910496580434096,0.05107223476297973,0.0,0.026205298972057367,0.026910496580434207,1.2274329029077171,7,"(0, 0, 0, 1)",85910
"target_enc,mean_imp,k_best_sel,under_samp,no_scale",0.10043794405343903,0.0,0.01602489555067408,0.025631897472410126,0.048763968845242145,0.0,0.024991322457480036,0.025631897472410126,1.2188526563843411,7,"(0, 0, 0, 1)",85910
"onehot_enc,most_freq_imp,max_abs_scale,over_samp,k_best_sel",0.10650123449940357,0.0,0.021366367683748506,0.026910496580434096,0.05107223476297973,0.0,0.026205298972057367,0.026910496580434207,1.2334556643730865,7,"(0, 0, 0, 1)",85910
"loo_enc,most_freq_imp,under_samp,k_best_sel,max_abs_scale",0.0993066658765423,0.0,0.02169026419500803,0.026699893200427205,0.0506928016221696,0.0,0.026005547850207922,0.026699893200427205,1.21562419581527,7,"(0, 0, 0, 1)",85910
"woe_enc,most_freq_imp,k_best_sel,over_samp,max_abs_scale",0.10717865375511565,0.0,0.021366367683748506,0.026910496580434096,0.05107223476297973,0.0,0.026205298972057367,0.026910496580434207,1.235188921456804,8,"(0, 0, 0, 1)",85910
"loo_enc,most_freq_imp,under_samp,k_best_sel,max_abs_scale",0.10222873349165396,0.0,0.025817753980189796,0.02652189391242432,0.05037187288708589,0.0,0.025836656840645067,0.02652189391242432,1.2229797462222138,8,"(0, 0, 0, 1)",85910
"target_enc,mean_imp,no_scale,under_samp,k_best_sel",0.09626651287498672,0.0,0.0209717619228822,0.0275898896404414,0.0522941970310391,0.0,0.02684912523817773,0.02758988964044151,1.2077622546920903,8,"(0, 0, 0, 1)",85910
"onehot_enc,most_freq_imp,k_best_sel,over_samp,max_abs_scale",0.10650123449940357,0.0,0.021366367683748506,0.026910496580434096,0.05107223476297973,0.0,0.026205298972057367,0.026910496580434207,1.2334556643730865,8,"(0, 0, 0, 1)",85910
"target_enc,most_freq_imp,k_best_sel,over_samp,max_abs_scale",0.10447302490708815,0.0,0.021366367683748506,0.026910496580434096,0.05107223476297973,0.0,0.026205298972057367,0.026910496580434207,1.2282891749657296,8,"(0, 0, 0, 1)",85910
"loo_enc,most_freq_imp,k_best_sel,under_samp,max_abs_scale",0.10818649905657068,0.0,0.020913930124456435,0.02634389462442155,0.05005072708826508,0.0,0.025667707249392935,0.026343894624421438,1.2378852268272802,8,"(0, 0, 0, 1)",85910
"target_enc,mean_imp,k_best_sel,under_samp,no_scale",0.10479216385856094,0.0,0.020911685198819814,0.025631897472410126,0.048763968845242145,0.0,0.024991322457480036,0.025631897472410126,1.2297413372194639,8,"(0, 0, 0, 1)",85910
"woe_enc,most_freq_imp,k_best_sel,under_samp,max_abs_scale",0.10777041907044588,0.0,0.017006853635848466,0.02687789248843009,0.051013513513513464,0.0,0.026174380308545686,0.026877892488429977,1.2364996423099428,8,"(0, 0, 0, 1)",85910
"onehot_enc,mean_imp,max_abs_scale,over_samp,no_sel",0.10379829614912617,0.0,0.021366367683748506,0.026910496580434096,0.05107223476297973,0.0,0.026205298972057367,0.026910496580434207,1.2265779939039636,8,"(0, 0, 0, 1)",85910
"loo_enc,mean_imp,k_best_sel,under_samp,no_scale",0.10417901560460469,0.0,0.024594315295598378,0.02598789604841578,0.049407783417935724,0.0,0.025329632199861174,0.02598789604841578,1.2280806555338906,8,"(0, 0, 0, 1)",85910
"woe_enc,most_freq_imp,k_best_sel,over_samp,max_abs_scale",0.11228111071806518,0.0,0.021366367683748506,0.026910496580434096,0.05107223476297973,0.0,0.026205298972057367,0.026910496580434207,1.2483693602964696,9,"(0, 0, 0, 1)",85910
"woe_enc,most_freq_imp,k_best_sel,under_samp,max_abs_scale",0.11323552037939572,0.0,0.029620884784123412,0.0275898896404414,0.0522941970310391,0.0,0.02684912523817773,0.02758988964044151,1.2501165090514728,9,"(0, 0, 0, 1)",85910
"onehot_enc,most_freq_imp,k_best_sel,over_samp,max_abs_scale",0.10582449160035368,0.0,0.021366367683748506,0.026910496580434096,0.05107223476297973,0.0,0.026205298972057367,0.026910496580434207,1.2317279767666989,9,"(0, 0, 0, 1)",85910
"loo_enc,mean_imp,k_best_sel,under_samp,no_scale",0.11095979013934865,0.0,0.024370632625351878,0.02687789248843009,0.051013513513513464,0.0,0.026174380308545686,0.026877892488429977,1.2446509261753,9,"(0, 0, 0, 1)",85910
"target_enc,most_freq_imp,k_best_sel,under_samp,max_abs_scale",0.10910488893530823,0.0,0.023044244563848994,0.025631897472410126,0.048763968845242145,0.0,0.024991322457480036,0.025631897472410126,1.2406129859234583,9,"(0, 0, 0, 1)",85910
"loo_enc,most_freq_imp,k_best_sel,under_samp,max_abs_scale",0.10613027515235512,0.0,0.02263993074351902,0.02705589177643286,0.051334008780817286,0.0,0.026343154246100564,0.027055891776432972,1.232382359697758,9,"(0, 0, 0, 1)",85910
"loo_enc,most_freq_imp,under_samp,k_best_sel,max_abs_scale",0.10555126661633296,0.0,0.019461841053134338,0.025097899608401586,0.04779661016949155,0.0,0.024483417259940965,0.025097899608401586,1.231894787374933,9,"(0, 0, 0, 1)",85910
"onehot_enc,mean_imp,max_abs_scale,over_samp,no_sel",0.10447302490708815,0.0,0.021366367683748506,0.026910496580434096,0.05107223476297973,0.0,0.026205298972057367,0.026910496580434207,1.2282891749657296,9,"(0, 0, 0, 1)",85910
"target_enc,mean_imp,k_best_sel,under_samp,no_scale",0.0997139549381067,0.0,0.023515089764140643,0.027767888928444284,0.05261382799325465,0.0,0.02701766539660544,0.027767888928444284,1.2161429659063006,9,"(0, 0, 0, 1)",85910
"target_enc,most_freq_imp,k_best_sel,over_samp,max_abs_scale",0.1011060208131751,0.0,0.021366367683748506,0.026910496580434096,0.05107223476297973,0.0,0.026205298972057367,0.026910496580434207,1.2197873002586308,9,"(0, 0, 0, 1)",85910
"loo_enc,most_freq_imp,k_best_sel,under_samp,no_scale",0.10568064792879339,0.0,0.01803723026712213,0.02598789604841578,0.049407783417935724,0.0,0.025329632199861174,0.02598789604841578,1.2317408203427005,10,"(0, 0, 0, 1)",85910
"loo_enc,mean_imp,k_best_sel,under_samp,max_abs_scale",0.10254239391328707,0.0,0.016313007750088912,0.02652189391242432,0.05037187288708589,0.0,0.025836656840645067,0.02652189391242432,1.2236322023938393,10,"(0, 0, 0, 1)",85910
"target_enc,most_freq_imp,k_best_sel,under_samp,max_abs_scale",0.11098676100426536,0.0,0.02596190084626717,0.027411890352438628,0.05197435032062103,0.0,0.026680526680526784,0.027411890352438517,1.2444534793878668,10,"(0, 0, 0, 1)",85910
"loo_enc,most_freq_imp,under_samp,k_best_sel,max_abs_scale",0.10535202932954246,0.0,0.02043694556695056,0.02865788536845848,0.05420875420875426,0.0,0.02785949126146403,0.02865788536845859,1.2295947673664511,10,"(0, 0, 0, 1)",85910
"onehot_enc,mean_imp,over_samp,no_sel,max_abs_scale",0.10278745179669879,0.0,0.021366367683748506,0.026910496580434096,0.05107223476297973,0.0,0.026205298972057367,0.026910496580434207,1.2240214040597917,10,"(0, 0, 0, 1)",85910
"loo_enc,most_freq_imp,max_abs_scale,under_samp,k_best_sel",0.10548671998519032,0.0,0.024509418877783247,0.02634389462442155,0.05005072708826508,0.0,0.025667707249392935,0.026343894624421438,1.2311652135174298,10,"(0, 0, 0, 1)",85910
"woe_enc,most_freq_imp,k_best_sel,over_samp,max_abs_scale",0.11364835120425809,0.0,0.021366367683748506,0.026910496580434096,0.05107223476297973,0.0,0.026205298972057367,0.026910496580434207,1.2519392656894395,10,"(0, 0, 0, 1)",85910
"onehot_enc,mean_imp,max_abs_scale,over_samp,no_sel",0.10717865375511565,0.0,0.021366367683748506,0.026910496580434096,0.05107223476297973,0.0,0.026205298972057367,0.026910496580434207,1.235188921456804,10,"(0, 0, 0, 1)",85910
"target_enc,most_freq_imp,k_best_sel,over_samp,max_abs_scale",0.10548637300516472,0.0,0.021366367683748506,0.026910496580434096,0.05107223476297973,0.0,0.026205298972057367,0.026910496580434207,1.2308662109387696,10,"(0, 0, 0, 1)",85910
"loo_enc,most_freq_imp,k_best_sel,under_samp,max_abs_scale",0.10023445364951183,0.0,0.022710986938453477,0.02652189391242432,0.05037187288708589,0.0,0.025836656840645067,0.02652189391242432,1.2180070330244888,10,"(0, 0, 0, 1)",85910
"loo_enc,most_freq_imp,k_best_sel,under_samp,max_abs_scale",0.10536184221725164,0.0,0.022923798724156653,0.02812388750444994,0.05325244354566905,0.0,0.027354570637119102,0.02812388750445005,1.2299245737889737,11,"(0, 0, 0, 1)",85910
"woe_enc,most_freq_imp,k_best_sel,over_samp,max_abs_scale",0.10043459964249851,0.0,0.021366367683748506,0.026910496580434096,0.05107223476297973,0.0,0.026205298972057367,0.026910496580434207,1.2181029723409071,11,"(0, 0, 0, 1)",85910
"loo_enc,most_freq_imp,max_abs_scale,under_samp,k_best_sel",0.10339349964915429,0.0,0.024455038961991298,0.02598789604841578,0.049407783417935724,0.0,0.025329632199861174,0.02598789604841578,1.2261207431351424,11,"(0, 0, 0, 1)",85910
"onehot_enc,mean_imp,no_sel,over_samp,max_abs_scale",0.10785675186824689,0.0,0.021366367683748506,0.026910496580434096,0.05107223476297973,0.0,0.026205298972057367,0.026910496580434207,1.236927782098116,11,"(0, 0, 0, 1)",85910
"loo_enc,most_freq_imp,k_best_sel,under_samp,no_scale",0.10756837089843713,0.0,0.02435728673214769,0.026165895336418665,0.049729364005412724,0.0,0.025498699045967133,0.026165895336418665,1.2364757109658218,11,"(0, 0, 0, 1)",85910
"loo_enc,mean_imp,k_best_sel,under_samp,max_abs_scale",0.10596626404926368,0.0,0.021121172817502074,0.025631897472410126,0.048763968845242145,0.0,0.024991322457480036,0.025631897472410126,1.2326837431904458,11,"(0, 0, 0, 1)",85910
"onehot_enc,mean_imp,max_abs_scale,over_samp,no_sel",0.10887517738477026,0.0,0.021366367683748506,0.026910496580434096,0.05107223476297973,0.0,0.026205298972057367,0.026910496580434207,1.2395466549295775,11,"(0, 0, 0, 1)",85910
"onehot_enc,mean_imp,over_samp,no_sel,max_abs_scale",0.1000991345290192,0.0,0.021366367683748506,0.026910496580434096,0.05107223476297973,0.0,0.026205298972057367,0.026910496580434207,1.2172627881825093,11,"(0, 0, 0, 1)",85910
"target_enc,most_freq_imp,k_best_sel,over_samp,max_abs_scale",0.11023547755024365,0.0,0.021366367683748506,0.026910496580434096,0.05107223476297973,0.0,0.026205298972057367,0.026910496580434207,1.2430584205985273,11,"(0, 0, 0, 1)",85910
"target_enc,most_freq_imp,k_best_sel,under_samp,max_abs_scale",0.10529968007700802,0.0,0.017059320971180347,0.02705589177643286,0.051334008780817286,0.0,0.026343154246100564,0.027055891776432972,1.2302294501108346,11,"(0, 0, 0, 1)",85910
"target_enc,most_freq_imp,k_best_sel,over_samp,max_abs_scale",0.1031242338202612,0.0,0.021366367683748506,0.026910496580434096,0.05107223476297973,0.0,0.026205298972057367,0.026910496580434207,1.2248722485802046,12,"(0, 0, 0, 1)",85910
"loo_enc,most_freq_imp,max_abs_scale,under_samp,k_best_sel",0.10884620090542035,0.0,0.02156460924384144,0.02652189391242432,0.05037187288708589,0.0,0.025836656840645067,0.02652189391242432,1.2394616419919249,12,"(0, 0, 0, 1)",85910
"loo_enc,mean_imp,k_best_sel,under_samp,max_abs_scale",0.10695569332239363,0.0,0.02594304385913055,0.02812388750444994,0.05325244354566905,0.0,0.027354570637119102,0.02812388750445005,1.2339423951051662,12,"(0, 0, 0, 1)",85910
"onehot_enc,mean_imp,over_samp,no_sel,max_abs_scale",0.10616277866129653,0.0,0.021366367683748506,0.026910496580434096,0.05107223476297973,0.0,0.026205298972057367,0.026910496580434207,1.2325911265050304,12,"(0, 0, 0, 1)",85910
"loo_enc,most_freq_imp,k_best_sel,under_samp,no_scale",0.10547976379033691,0.0,0.02429852037483981,0.02580989676041301,0.04908598510494244,0.0,0.025160506680548367,0.025809896760412898,1.2314184364691596,12,"(0, 0, 0, 1)",85910
"onehot_enc,mean_imp,no_sel,over_samp,max_abs_scale",0.10481063996876538,0.0,0.021366367683748506,0.026910496580434096,0.05107223476297973,0.0,0.026205298972057367,0.026910496580434207,1.2291468142174262,12,"(0, 0, 0, 1)",85910
"woe_enc,most_freq_imp,k_best_sel,over_samp,max_abs_scale",0.10548637300516472,0.0,0.021366367683748506,0.026910496580434096,0.05107223476297973,0.0,0.026205298972057367,0.026910496580434207,1.2308662109387696,12,"(0, 0, 0, 1)",85910
"ordinal_enc,most_freq_imp,max_abs_scale,under_samp,k_best_sel",0.104808618711551,0.0,0.021342698833253612,0.026699893200427205,0.0506928016221696,0.0,0.026005547850207922,0.026699893200427205,1.2292461348002943,12,"(0, 0, 0, 1)",85910
"woe_enc,mean_imp,max_abs_scale,over_samp,no_sel",0.10514842256479134,0.0,0.021366367683748506,0.026910496580434096,0.05107223476297973,0.0,0.026205298972057367,0.026910496580434207,1.2300058248180556,12,"(0, 0, 0, 1)",85910
"loo_enc,most_freq_imp,k_best_sel,under_samp,max_abs_scale",0.10098010098010096,0.0,0.01737950639617522,0.02652189391242432,0.05037187288708589,0.0,0.025836656840645067,0.02652189391242432,1.2197802197802197,12,"(0, 0, 0, 1)",85910
"loo_enc,most_freq_imp,max_abs_scale,under_samp,k_best_sel",0.10259276181110333,0.0,0.02197685557850817,0.02705589177643286,0.051334008780817286,0.0,0.026343154246100564,0.027055891776432972,1.223569197703965,13,"(0, 0, 0, 1)",85910
"onehot_enc,mean_imp,over_samp,no_sel,max_abs_scale",0.10650123449940357,0.0,0.021366367683748506,0.026910496580434096,0.05107223476297973,0.0,0.026205298972057367,0.026910496580434207,1.2334556643730865,13,"(0, 0, 0, 1)",85910
"onehot_enc,mean_imp,max_abs_scale,over_samp,no_sel",0.1075176177979093,0.0,0.021366367683748506,0.026910496580434096,0.05107223476297973,0.0,0.026205298972057367,0.026910496580434207,1.2360576491924915,13,"(0, 0, 0, 1)",85910
"loo_enc,most_freq_imp,under_samp,k_best_sel,max_abs_scale",0.10835835676381655,0.0,0.02358467301824202,0.027233891064435745,0.05165428764348412,0.0,0.026511869693294,0.027233891064435745,1.237887305773974,13,"(0, 0, 0, 1)",85910
"ordinal_enc,most_freq_imp,max_abs_scale,under_samp,k_best_sel",0.1024983911659349,0.0,0.026582136251274875,0.027233891064435745,0.05165428764348412,0.0,0.026511869693294,0.027233891064435745,1.2233085598719555,13,"(0, 0, 0, 1)",85910
"loo_enc,most_freq_imp,k_best_sel,under_samp,no_scale",0.09679998846847832,0.0,0.022106835702677886,0.027945888216447168,0.052933243425488885,0.0,0.02718614718614709,0.027945888216447057,1.2089136009787367,13,"(0, 0, 0, 1)",85910
"target_enc,most_freq_imp,k_best_sel,over_samp,max_abs_scale",0.10582449160035368,0.0,0.021366367683748506,0.026910496580434096,0.05107223476297973,0.0,0.026205298972057367,0.026910496580434207,1.2317279767666989,13,"(0, 0, 0, 1)",85910
"onehot_enc,mean_imp,no_sel,over_samp,max_abs_scale",0.10582449160035368,0.0,0.021366367683748506,0.026910496580434096,0.05107223476297973,0.0,0.026205298972057367,0.026910496580434207,1.2317279767666989,13,"(0, 0, 0, 1)",85910
"loo_enc,most_freq_imp,k_best_sel,under_samp,max_abs_scale",0.1037515362591197,0.0,0.019473539954748945,0.02705589177643286,0.051334008780817286,0.0,0.026343154246100564,0.027055891776432972,1.226410503578148,13,"(0, 0, 0, 1)",85910
"woe_enc,most_freq_imp,k_best_sel,over_samp,max_abs_scale",0.10447302490708815,0.0,0.021366367683748506,0.026910496580434096,0.05107223476297973,0.0,0.026205298972057367,0.026910496580434207,1.2282891749657296,13,"(0, 0, 0, 1)",85910
"onehot_enc,mean_imp,no_sel,over_samp,max_abs_scale",0.10379829614912617,0.0,0.021366367683748506,0.026910496580434096,0.05107223476297973,0.0,0.026205298972057367,0.026910496580434207,1.2265779939039636,14,"(0, 0, 0, 1)",85910
"woe_enc,most_freq_imp,over_samp,k_best_sel,max_abs_scale",0.1011060208131751,0.0,0.021366367683748506,0.026910496580434096,0.05107223476297973,0.0,0.026205298972057367,0.026910496580434207,1.2197873002586308,14,"(0, 0, 0, 1)",85910
"woe_enc,most_freq_imp,max_abs_scale,over_samp,k_best_sel",0.10514842256479134,0.0,0.021366367683748506,0.026910496580434096,0.05107223476297973,0.0,0.026205298972057367,0.026910496580434207,1.2300058248180556,14,"(0, 0, 0, 1)",85910
"onehot_enc,mean_imp,over_samp,no_sel,max_abs_scale",0.11125751335707929,0.0,0.021366367683748506,0.026910496580434096,0.05107223476297973,0.0,0.026205298972057367,0.026910496580434207,1.2457073500491642,14,"(0, 0, 0, 1)",85910
"loo_enc,most_freq_imp,max_abs_scale,under_samp,k_best_sel",0.10686586777953971,0.0,0.018483709273182956,0.02652189391242432,0.05037187288708589,0.0,0.025836656840645067,0.02652189391242432,1.2344393085544227,14,"(0, 0, 0, 1)",85910
"woe_enc,most_freq_imp,k_best_sel,over_samp,max_abs_scale",0.10447302490708815,0.0,0.021366367683748506,0.026910496580434096,0.05107223476297973,0.0,0.026205298972057367,0.026910496580434207,1.2282891749657296,14,"(0, 0, 0, 1)",85910
"onehot_enc,mean_imp,max_abs_scale,over_samp,no_sel",0.0957528332943674,0.0,0.021366367683748506,0.026910496580434096,0.05107223476297973,0.0,0.026205298972057367,0.026910496580434207,1.2064586019855974,14,"(0, 0, 0, 1)",85910
"target_enc,most_freq_imp,k_best_sel,over_samp,max_abs_scale",0.1075176177979093,0.0,0.021366367683748506,0.026910496580434096,0.05107223476297973,0.0,0.026205298972057367,0.026910496580434207,1.2360576491924915,14,"(0, 0, 0, 1)",85910
"target_enc,most_freq_imp,k_best_sel,under_samp,max_abs_scale",0.11316214552375786,0.0,0.025070389137642278,0.02652189391242432,0.05037187288708589,0.0,0.025836656840645067,0.02652189391242432,1.2504515619355476,14,"(0, 0, 0, 1)",85910
"ordinal_enc,most_freq_imp,max_abs_scale,under_samp,k_best_sel",0.11292408659358288,0.0,0.024975326417609467,0.027411890352438628,0.05197435032062103,0.0,0.026680526680526784,0.027411890352438517,1.24934682704479,14,"(0, 0, 0, 1)",85910
"target_enc,most_freq_imp,max_abs_scale,under_samp,k_best_sel",0.10534283740729106,0.0,0.021349964340645643,0.0275898896404414,0.0522941970310391,0.0,0.02684912523817773,0.02758988964044151,1.2301261061700222,15,"(0, 0, 0, 1)",85910
"woe_enc,most_freq_imp,k_best_sel,over_samp,max_abs_scale",0.10955498363235211,0.0,0.021366367683748506,0.026910496580434096,0.05107223476297973,0.0,0.026205298972057367,0.026910496580434207,1.2412996752998284,15,"(0, 0, 0, 1)",85910
"onehot_enc,mean_imp,max_abs_scale,over_samp,no_sel",0.1031242338202612,0.0,0.021366367683748506,0.026910496580434096,0.05107223476297973,0.0,0.026205298972057367,0.026910496580434207,1.2248722485802046,15,"(0, 0, 0, 1)",85910
"loo_enc,most_freq_imp,k_best_sel,under_samp,max_abs_scale",0.10105946556907125,0.0,0.013507601855185868,0.02474190103239582,0.047150610583446384,0.0,0.02414451971512943,0.02474190103239593,1.2207904259315043,15,"(0, 0, 0, 1)",85910
"woe_enc,most_freq_imp,over_samp,k_best_sel,max_abs_scale",0.10043459964249851,0.0,0.021366367683748506,0.026910496580434096,0.05107223476297973,0.0,0.026205298972057367,0.026910496580434207,1.2181029723409071,15,"(0, 0, 0, 1)",85910
"target_enc,most_freq_imp,k_best_sel,over_samp,max_abs_scale",0.10785675186824689,0.0,0.021366367683748506,0.026910496580434096,0.05107223476297973,0.0,0.026205298972057367,0.026910496580434207,1.236927782098116,15,"(0, 0, 0, 1)",85910
"target_enc,most_freq_imp,k_best_sel,under_samp,max_abs_scale",0.1023141166613189,0.0,0.020038657018563985,0.02687789248843009,0.051013513513513464,0.0,0.026174380308545686,0.026877892488429977,1.2229408061661764,15,"(0, 0, 0, 1)",85910
"woe_enc,most_freq_imp,max_abs_scale,over_samp,k_best_sel",0.10379829614912617,0.0,0.021366367683748506,0.026910496580434096,0.05107223476297973,0.0,0.026205298972057367,0.026910496580434207,1.2265779939039636,15,"(0, 0, 0, 1)",85910
"loo_enc,most_freq_imp,max_abs_scale,under_samp,k_best_sel",0.10587392859047723,0.0,0.02342736452897519,0.02687789248843009,0.051013513513513464,0.0,0.026174380308545686,0.026877892488429977,1.2318442973300727,15,"(0, 0, 0, 1)",85910
"onehot_enc,mean_imp,no_sel,over_samp,max_abs_scale",0.10077022830255111,0.0,0.021366367683748506,0.026910496580434096,0.05107223476297973,0.0,0.026205298972057367,0.026910496580434207,1.218944475042852,15,"(0, 0, 0, 1)",85910
"loo_enc,most_freq_imp,k_best_sel,under_samp,max_abs_scale",0.10797924077840282,0.0,0.024870799993560122,0.027233891064435745,0.05165428764348412,0.0,0.026511869693294,0.027233891064435745,1.236954445041495,16,"(0, 0, 0, 1)",85910
"target_enc,most_freq_imp,k_best_sel,under_samp,max_abs_scale",0.1046958005351119,0.0,0.024160098203902317,0.02580989676041301,0.04908598510494244,0.0,0.025160506680548367,0.025809896760412898,1.2294552562250363,16,"(0, 0, 0, 1)",85910
"woe_enc,most_freq_imp,k_best_sel,over_samp,max_abs_scale",0.10346118183518072,0.0,0.021366367683748506,0.026910496580434096,0.05107223476297973,0.0,0.026205298972057367,0.026910496580434207,1.2257244438307933,16,"(0, 0, 0, 1)",85910
"woe_enc,most_freq_imp,over_samp,k_best_sel,max_abs_scale",0.10077022830255111,0.0,0.021366367683748506,0.026910496580434096,0.05107223476297973,0.0,0.026205298972057367,0.026910496580434207,1.218944475042852,16,"(0, 0, 0, 1)",85910
"loo_enc,most_freq_imp,max_abs_scale,under_samp,k_best_sel",0.0961334101895342,0.0,0.019367357200757718,0.025631897472410126,0.048763968845242145,0.0,0.024991322457480036,0.025631897472410126,1.2083076211522932,16,"(0, 0, 0, 1)",85910
"target_enc,most_freq_imp,k_best_sel,over_samp,max_abs_scale",0.11536135861944158,0.0,0.021366367683748506,0.026910496580434096,0.05107223476297973,0.0,0.026205298972057367,0.026910496580434207,1.2564350996575449,16,"(0, 0, 0, 1)",85910
"onehot_enc,mean_imp,max_abs_scale,over_samp,no_sel",0.102450835457288,0.0,0.021366367683748506,0.026910496580434096,0.05107223476297973,0.0,0.026205298972057367,0.026910496580434207,1.2231719061926734,16,"(0, 0, 0, 1)",85910
"woe_enc,most_freq_imp,max_abs_scale,over_samp,k_best_sel",0.10278745179669879,0.0,0.021366367683748506,0.026910496580434096,0.05107223476297973,0.0,0.026205298972057367,0.026910496580434207,1.2240214040597917,16,"(0, 0, 0, 1)",85910
"target_enc,most_freq_imp,max_abs_scale,under_samp,k_best_sel",0.10861606022105014,0.0,0.023935810919477378,0.02687789248843009,0.051013513513513464,0.0,0.026174380308545686,0.026877892488429977,1.2387290490275165,16,"(0, 0, 0, 1)",85910
"woe_enc,mean_imp,max_abs_scale,over_samp,no_sel",0.09875890347674426,0.0,0.021366367683748506,0.026910496580434096,0.05107223476297973,0.0,0.026205298972057367,0.026910496580434207,1.2139151581000067,16,"(0, 0, 0, 1)",85910
"target_enc,most_freq_imp,max_abs_scale,under_samp,k_best_sel",0.1068134171907757,0.0,0.01417983751412212,0.02598789604841578,0.049407783417935724,0.0,0.025329632199861174,0.02598789604841578,1.2345224395857308,17,"(0, 0, 0, 1)",85910
"loo_enc,most_freq_imp,max_abs_scale,under_samp,k_best_sel",0.10610656549927805,0.0,0.018792423224213275,0.0275898896404414,0.0522941970310391,0.0,0.02684912523817773,0.02758988964044151,1.2319936414828865,17,"(0, 0, 0, 1)",85910
"woe_enc,mean_imp,over_samp,no_sel,max_abs_scale",0.10278745179669879,0.0,0.021366367683748506,0.026910496580434096,0.05107223476297973,0.0,0.026205298972057367,0.026910496580434207,1.2240214040597917,17,"(0, 0, 0, 1)",85910
"woe_enc,most_freq_imp,max_abs_scale,over_samp,k_best_sel",0.1031242338202612,0.0,0.021366367683748506,0.026910496580434096,0.05107223476297973,0.0,0.026205298972057367,0.026910496580434207,1.2248722485802046,17,"(0, 0, 0, 1)",85910
"woe_enc,most_freq_imp,max_abs_scale,over_samp,no_sel",0.10481063996876538,0.0,0.021366367683748506,0.026910496580434096,0.05107223476297973,0.0,0.026205298972057367,0.026910496580434207,1.2291468142174262,17,"(0, 0, 0, 1)",85910
"target_enc,mean_imp,k_best_sel,under_samp,max_abs_scale",0.11042144720050945,0.0,0.022092016209223,0.02705589177643286,0.051334008780817286,0.0,0.026343154246100564,0.027055891776432972,1.2431566972417685,17,"(0, 0, 0, 1)",85910
"target_enc,most_freq_imp,k_best_sel,under_samp,max_abs_scale",0.09862714556988245,0.0,0.01849973864171451,0.02705589177643286,0.051334008780817286,0.0,0.026343154246100564,0.027055891776432972,1.213749027134728,17,"(0, 0, 0, 1)",85910
"target_enc,most_freq_imp,k_best_sel,over_samp,max_abs_scale",0.11023547755024365,0.0,0.021366367683748506,0.026910496580434096,0.05107223476297973,0.0,0.026205298972057367,0.026910496580434207,1.2430584205985273,17,"(0, 0, 0, 1)",85910
"woe_enc,most_freq_imp,k_best_sel,over_samp,max_abs_scale",0.102450835457288,0.0,0.021366367683748506,0.026910496580434096,0.05107223476297973,0.0,0.026205298972057367,0.026910496580434207,1.2231719061926734,17,"(0, 0, 0, 1)",85910
"woe_enc,most_freq_imp,over_samp,k_best_sel,max_abs_scale",0.10582449160035368,0.0,0.021366367683748506,0.026910496580434096,0.05107223476297973,0.0,0.026205298972057367,0.026910496580434207,1.2317279767666989,17,"(0, 0, 0, 1)",85910
"woe_enc,most_freq_imp,k_best_sel,over_samp,max_abs_scale",0.10989514447423293,0.0,0.021366367683748506,0.026910496580434096,0.05107223476297973,0.0,0.026205298972057367,0.026910496580434207,1.2421783301342058,18,"(0, 0, 0, 1)",85910
"target_enc,most_freq_imp,k_best_sel,over_samp,max_abs_scale",0.10514842256479134,0.0,0.021366367683748506,0.026910496580434096,0.05107223476297973,0.0,0.026205298972057367,0.026910496580434207,1.2300058248180556,18,"(0, 0, 0, 1)",85910
"woe_enc,mean_imp,over_samp,no_sel,max_abs_scale",0.1031242338202612,0.0,0.021366367683748506,0.026910496580434096,0.05107223476297973,0.0,0.026205298972057367,0.026910496580434207,1.2248722485802046,18,"(0, 0, 0, 1)",85910
"woe_enc,most_freq_imp,over_samp,k_best_sel,max_abs_scale",0.10346118183518072,0.0,0.021366367683748506,0.026910496580434096,0.05107223476297973,0.0,0.026205298972057367,0.026910496580434207,1.2257244438307933,18,"(0, 0, 0, 1)",85910
"target_enc,mean_imp,over_samp,no_sel,max_abs_scale",0.10785675186824689,0.0,0.021366367683748506,0.026910496580434096,0.05107223476297973,0.0,0.026205298972057367,0.026910496580434207,1.236927782098116,18,"(0, 0, 0, 1)",85910
"woe_enc,most_freq_imp,max_abs_scale,over_samp,no_sel",0.10379829614912617,0.0,0.021366367683748506,0.026910496580434096,0.05107223476297973,0.0,0.026205298972057367,0.026910496580434207,1.2265779939039636,18,"(0, 0, 0, 1)",85910
"target_enc,most_freq_imp,max_abs_scale,under_samp,k_best_sel",0.10910194938264006,0.0,0.020785787729676694,0.026699893200427205,0.0506928016221696,0.0,0.026005547850207922,0.026699893200427205,1.2399990918867545,18,"(0, 0, 0, 1)",85910
"woe_enc,most_freq_imp,max_abs_scale,over_samp,k_best_sel",0.10144197747882311,0.0,0.021366367683748506,0.026910496580434096,0.05107223476297973,0.0,0.026205298972057367,0.026910496580434207,1.2206314519735397,18,"(0, 0, 0, 1)",85910
"target_enc,mean_imp,k_best_sel,under_samp,max_abs_scale",0.10808151656592391,0.0,0.023921032161154474,0.02598789604841578,0.049407783417935724,0.0,0.025329632199861174,0.02598789604841578,1.2378545671990229,18,"(0, 0, 0, 1)",85910
"ordinal_enc,mean_imp,over_samp,no_sel,max_abs_scale",0.1000991345290192,0.0,0.021366367683748506,0.026910496580434096,0.05107223476297973,0.0,0.026205298972057367,0.026910496580434207,1.2172627881825093,18,"(0, 0, 0, 1)",85910
"woe_enc,most_freq_imp,k_best_sel,under_samp,max_abs_scale",0.10642272407293868,0.0,0.025941331233717765,0.027233891064435745,0.05165428764348412,0.0,0.026511869693294,0.027233891064435745,1.233069465235057,19,"(0, 0, 0, 1)",85910
"target_enc,most_freq_imp,max_abs_scale,over_samp,k_best_sel",0.10989514447423293,0.0,0.021366367683748506,0.026910496580434096,0.05107223476297973,0.0,0.026205298972057367,0.026910496580434207,1.2421783301342058,19,"(0, 0, 0, 1)",85910
"woe_enc,mean_imp,over_samp,no_sel,max_abs_scale",0.10177809860440423,0.0,0.021366367683748506,0.026910496580434096,0.05107223476297973,0.0,0.026205298972057367,0.026910496580434207,1.2214769341879572,19,"(0, 0, 0, 1)",85910
"woe_enc,most_freq_imp,k_best_sel,over_samp,max_abs_scale",0.10582449160035368,0.0,0.021366367683748506,0.026910496580434096,0.05107223476297973,0.0,0.026205298972057367,0.026910496580434207,1.2317279767666989,19,"(0, 0, 0, 1)",85910
"woe_enc,mean_imp,max_abs_scale,over_samp,no_sel",0.102450835457288,0.0,0.021366367683748506,0.026910496580434096,0.05107223476297973,0.0,0.026205298972057367,0.026910496580434207,1.2231719061926734,19,"(0, 0, 0, 1)",85910
"woe_enc,most_freq_imp,over_samp,no_sel,max_abs_scale",0.10819605627991374,0.0,0.021366367683748506,0.026910496580434096,0.05107223476297973,0.0,0.026205298972057367,0.026910496580434207,1.237799324474859,19,"(0, 0, 0, 1)",85910
"woe_enc,most_freq_imp,max_abs_scale,over_samp,no_sel",0.10413557707022958,0.0,0.021366367683748506,0.026910496580434096,0.05107223476297973,0.0,0.026205298972057367,0.026910496580434207,1.2274329029077171,19,"(0, 0, 0, 1)",85910
"target_enc,mean_imp,k_best_sel,under_samp,max_abs_scale",0.10532762222676384,0.0,0.023006494610054495,0.024919900320398702,0.04747371990505256,0.0,0.02431399791594302,0.024919900320398702,1.2314758209402135,19,"(0, 0, 0, 1)",85910
"target_enc,most_freq_imp,max_abs_scale,under_samp,k_best_sel",0.10545650255912281,0.0,0.018364780278808855,0.027945888216447168,0.052933243425488885,0.0,0.02718614718614709,0.027945888216447057,1.230186090068706,19,"(0, 0, 0, 1)",85910
"target_enc,mean_imp,over_samp,no_sel,max_abs_scale",0.09909371743484596,0.0,0.021366367683748506,0.026910496580434096,0.05107223476297973,0.0,0.026205298972057367,0.026910496580434207,1.2147501074893812,19,"(0, 0, 0, 1)",85910
"woe_enc,mean_imp,over_samp,no_sel,max_abs_scale",0.10582449160035368,0.0,0.021366367683748506,0.026910496580434096,0.05107223476297973,0.0,0.026205298972057367,0.026910496580434207,1.2317279767666989,20,"(0, 0, 0, 1)",85910
"woe_enc,most_freq_imp,k_best_sel,over_samp,max_abs_scale",0.1075176177979093,0.0,0.021366367683748506,0.026910496580434096,0.05107223476297973,0.0,0.026205298972057367,0.026910496580434207,1.2360576491924915,20,"(0, 0, 0, 1)",85910
"target_enc,most_freq_imp,k_best_sel,under_samp,max_abs_scale",0.11338415810747682,0.0,0.02269163567940504,0.026165895336418665,0.049729364005412724,0.0,0.025498699045967133,0.026165895336418665,1.2511774058075353,20,"(0, 0, 0, 1)",85910
"woe_enc,most_freq_imp,no_sel,over_samp,max_abs_scale",0.11228111071806518,0.0,0.021366367683748506,0.026910496580434096,0.05107223476297973,0.0,0.026205298972057367,0.026910496580434207,1.2483693602964696,20,"(0, 0, 0, 1)",85910
"woe_enc,most_freq_imp,over_samp,k_best_sel,max_abs_scale",0.09909371743484596,0.0,0.021366367683748506,0.026910496580434096,0.05107223476297973,0.0,0.026205298972057367,0.026910496580434207,1.2147501074893812,20,"(0, 0, 0, 1)",85910
"woe_enc,most_freq_imp,over_samp,no_sel,max_abs_scale",0.10955498363235211,0.0,0.021366367683748506,0.026910496580434096,0.05107223476297973,0.0,0.026205298972057367,0.026910496580434207,1.2412996752998284,20,"(0, 0, 0, 1)",85910
"woe_enc,most_freq_imp,max_abs_scale,over_samp,no_sel",0.1085355313471737,0.0,0.021366367683748506,0.026910496580434096,0.05107223476297973,0.0,0.026205298972057367,0.026910496580434207,1.2386722806405166,20,"(0, 0, 0, 1)",85910
"target_enc,mean_imp,k_best_sel,under_samp,max_abs_scale",0.11403959879602682,0.0,0.026688761868165295,0.02972588109647556,0.056115591397849496,0.0,0.028867761452031182,0.02972588109647556,1.250913363518991,20,"(0, 0, 0, 1)",85910
"woe_enc,most_freq_imp,k_best_sel,under_samp,max_abs_scale",0.10445220631734259,0.0,0.024417991127191285,0.027767888928444284,0.05261382799325465,0.0,0.02701766539660544,0.027767888928444284,1.2278627899662722,20,"(0, 0, 0, 1)",85910
"woe_enc,mean_imp,max_abs_scale,over_samp,no_sel",0.10582449160035368,0.0,0.021366367683748506,0.026910496580434096,0.05107223476297973,0.0,0.026205298972057367,0.026910496580434207,1.2317279767666989,20,"(0, 0, 0, 1)",85910
