pipe,dp,eo,eqOdds,accu,precision,recall,f1,roc_auc,dpr,gen,opt_metric,seed
"ordinal_enc,median_imp,norm_scale,no_samp,k_best_sel",0.4657163922339641,0.3105183694011072,0.5626797526864098,0.280946208684381,0.28763334650335837,0.3581345674617301,0.3247191011235955,0.2873039771593515,-1.0,0,"(1, 0, 0, 0)",27654
"target_enc,mean_imp,k_best_sel,norm_scale,under_samp",0.6952432141897339,0.1731253145445395,0.7175313122377345,0.3469206123175508,0.3825136612021858,0.19544321822712707,0.30128304220126756,0.3469206123175508,-1.0,0,"(1, 0, 0, 0)",27654
"count_enc,most_freq_imp,no_samp,k_best_sel,max_abs_scale",0.10443272475148435,0.0,0.021366367683748506,0.029325988334413466,0.060535117056856214,0.0,0.031212277978961867,0.026910496580434207,1.2512837759180453,0,"(1, 0, 0, 0)",27654
"ordinal_enc,most_freq_imp,k_best_sel,no_samp,quant_scale",0.10443272475148435,0.0,0.021366367683748506,0.029325988334413466,0.060535117056856214,0.0,0.031212277978961867,0.026910496580434207,1.2512837759180453,0,"(1, 0, 0, 0)",27654
"onehot_enc,most_freq_imp,no_sel,under_samp,quant_scale",0.09983142835990044,0.0,0.021459424536292765,0.02705589177643286,0.051334008780817286,0.0,0.026343154246100564,0.027055891776432972,1.216743840994096,0,"(1, 0, 0, 0)",27654
"onehot_enc,mean_imp,under_samp,no_sel,quant_scale",0.10206803492959265,0.0,0.022199600135444954,0.026699893200427205,0.0506928016221696,0.0,0.026005547850207922,0.026699893200427205,1.2224468863106748,0,"(1, 0, 0, 0)",27654
"loo_enc,most_freq_imp,k_best_sel,norm_scale,no_samp",0.48365691816171047,0.3069954705586311,0.5908571420283717,0.2943940375891121,0.31423220973782773,0.34816660733357063,0.33162985946340573,0.2988231193075822,-1.0,0,"(1, 0, 0, 0)",27654
"woe_enc,median_imp,max_abs_scale,no_sel,over_samp",0.10582449160035368,0.0,0.021366367683748506,0.026910496580434096,0.05107223476297973,0.0,0.026205298972057367,0.026910496580434207,1.2317279767666989,0,"(1, 0, 0, 0)",27654
"ordinal_enc,median_imp,k_best_sel,over_samp,max_abs_scale",0.10413557707022958,0.0,0.021366367683748506,0.026910496580434096,0.05107223476297973,0.0,0.026205298972057367,0.026910496580434207,1.2274329029077171,0,"(1, 0, 0, 0)",27654
"loo_enc,most_freq_imp,over_samp,max_abs_scale,k_best_sel",0.10989514447423293,0.0,0.021366367683748506,0.026910496580434096,0.05107223476297973,0.0,0.026205298972057367,0.026910496580434207,1.2421783301342058,0,"(1, 0, 0, 0)",27654
"woe_enc,median_imp,max_abs_scale,k_best_sel,over_samp",0.102450835457288,0.0,0.021366367683748506,0.026910496580434096,0.05107223476297973,0.0,0.026205298972057367,0.026910496580434207,1.2231719061926734,1,"(1, 0, 0, 0)",27654
"count_enc,most_freq_imp,under_samp,k_best_sel,max_abs_scale",0.09890161534192449,0.0,0.020245126913703004,0.026699893200427205,0.0506928016221696,0.0,0.026005547850207922,0.026699893200427205,1.2146107884355979,1,"(1, 0, 0, 0)",27654
"ordinal_enc,median_imp,k_best_sel,under_samp,max_abs_scale",0.10876206451992637,0.0,0.022763104342051706,0.028301886792452824,0.0535714285714286,0.0,0.02752293577981657,0.028301886792452824,1.2383242473697005,1,"(1, 0, 0, 0)",27654
"onehot_enc,mean_imp,over_samp,no_sel,quant_scale",0.11023547755024365,0.0,0.021366367683748506,0.026910496580434096,0.05107223476297973,0.0,0.026205298972057367,0.026910496580434207,1.2430584205985273,1,"(1, 0, 0, 0)",27654
"onehot_enc,mean_imp,under_samp,no_sel,quant_scale",0.10156729195709907,0.0,0.025176846963203943,0.02634389462442155,0.05005072708826508,0.0,0.025667707249392935,0.026343894624421438,1.2214190557531648,1,"(1, 0, 0, 0)",27654
"loo_enc,most_freq_imp,k_best_sel,norm_scale,no_samp",0.48365691816171047,0.3069954705586311,0.5908571420283717,0.2943940375891121,0.31423220973782773,0.34816660733357063,0.33162985946340573,0.2988231193075822,-1.0,1,"(1, 0, 0, 0)",27654
"ordinal_enc,median_imp,k_best_sel,over_samp,max_abs_scale",0.10819605627991374,0.0,0.021366367683748506,0.026910496580434096,0.05107223476297973,0.0,0.026205298972057367,0.026910496580434207,1.237799324474859,1,"(1, 0, 0, 0)",27654
"ordinal_enc,median_imp,no_sel,over_samp,no_scale",0.10177809860440423,0.0,0.021366367683748506,0.026910496580434096,0.05107223476297973,0.0,0.026205298972057367,0.026910496580434207,1.2214769341879572,1,"(1, 0, 0, 0)",27654
"onehot_enc,mean_imp,no_samp,no_sel,no_scale",0.10443272475148435,0.0,0.021366367683748506,0.029325988334413466,0.060535117056856214,0.0,0.031212277978961867,0.026910496580434207,1.2512837759180453,1,"(1, 0, 0, 0)",27654
"onehot_enc,most_freq_imp,no_sel,under_samp,quant_scale",0.09850353105815501,0.0,0.019790027949420738,0.025631897472410126,0.048763968845242145,0.0,0.024991322457480036,0.025631897472410126,1.214128185706951,1,"(1, 0, 0, 0)",27654
"onehot_enc,most_freq_imp,no_sel,under_samp,quant_scale",0.10258587900904381,0.0,0.022537134131480813,0.024919900320398702,0.04747371990505256,0.0,0.02431399791594302,0.024919900320398702,1.2246153606674761,2,"(1, 0, 0, 0)",27654
"ordinal_enc,median_imp,no_sel,over_samp,no_scale",0.10650123449940357,0.0,0.021366367683748506,0.026910496580434096,0.05107223476297973,0.0,0.026205298972057367,0.026910496580434207,1.2334556643730865,2,"(1, 0, 0, 0)",27654
"woe_enc,median_imp,over_samp,k_best_sel,max_abs_scale",0.10548637300516472,0.0,0.021366367683748506,0.026910496580434096,0.05107223476297973,0.0,0.026205298972057367,0.026910496580434207,1.2308662109387696,2,"(1, 0, 0, 0)",27654
"onehot_enc,mean_imp,quant_scale,no_sel,over_samp",0.10413557707022958,0.0,0.021366367683748506,0.026910496580434096,0.05107223476297973,0.0,0.026205298972057367,0.026910496580434207,1.2274329029077171,2,"(1, 0, 0, 0)",27654
"count_enc,most_freq_imp,under_samp,k_best_sel,max_abs_scale",0.10195576198444956,0.0,0.024265906924371604,0.027411890352438628,0.05197435032062103,0.0,0.026680526680526784,0.027411890352438517,1.2218481857994967,2,"(1, 0, 0, 0)",27654
"onehot_enc,mean_imp,under_samp,no_sel,quant_scale",0.11151215174321905,0.0,0.025764768694316133,0.027767888928444284,0.05261382799325465,0.0,0.02701766539660544,0.027767888928444284,1.245584565399806,2,"(1, 0, 0, 0)",27654
"onehot_enc,mean_imp,no_samp,no_sel,no_scale",0.10443272475148435,0.0,0.021366367683748506,0.029325988334413466,0.060535117056856214,0.0,0.031212277978961867,0.026910496580434207,1.2512837759180453,2,"(1, 0, 0, 0)",27654
"ordinal_enc,median_imp,k_best_sel,over_samp,max_abs_scale",0.10413557707022958,0.0,0.021366367683748506,0.026910496580434096,0.05107223476297973,0.0,0.026205298972057367,0.026910496580434207,1.2274329029077171,2,"(1, 0, 0, 0)",27654
"woe_enc,median_imp,max_abs_scale,k_best_sel,over_samp",0.1031242338202612,0.0,0.021366367683748506,0.026910496580434096,0.05107223476297973,0.0,0.026205298972057367,0.026910496580434207,1.2248722485802046,2,"(1, 0, 0, 0)",27654
"ordinal_enc,median_imp,k_best_sel,under_samp,max_abs_scale",0.10672258252336647,0.0,0.030414797710791808,0.02687789248843009,0.051013513513513464,0.0,0.026174380308545686,0.026877892488429977,1.2340690866985127,2,"(1, 0, 0, 0)",27654
"woe_enc,median_imp,quant_scale,k_best_sel,over_samp",0.10548637300516472,0.0,0.021366367683748506,0.026910496580434096,0.05107223476297973,0.0,0.026205298972057367,0.026910496580434207,1.2308662109387696,3,"(1, 0, 0, 0)",27654
"onehot_enc,most_freq_imp,no_sel,under_samp,max_abs_scale",0.10516046227649978,0.0,0.019393062218423733,0.025097899608401586,0.04779661016949155,0.0,0.024483417259940965,0.025097899608401586,1.2309143406882586,3,"(1, 0, 0, 0)",27654
"count_enc,most_freq_imp,under_samp,k_best_sel,quant_scale",0.10173293432222485,0.0,0.015522617549971508,0.024919900320398702,0.04747371990505256,0.0,0.02431399791594302,0.024919900320398702,1.2224011315645402,3,"(1, 0, 0, 0)",27654
"count_enc,most_freq_imp,under_samp,k_best_sel,no_scale",0.1079667901696183,0.0005032712632108706,0.024591224980361225,0.0275898896404414,0.05199189736664411,0.0003559985760056561,0.02685843008144173,0.02758988964044151,1.2369028528808503,3,"(1, 0, 0, 0)",27654
"ordinal_enc,median_imp,no_sel,over_samp,max_abs_scale",0.11125751335707929,0.0,0.021366367683748506,0.026910496580434096,0.05107223476297973,0.0,0.026205298972057367,0.026910496580434207,1.2457073500491642,3,"(1, 0, 0, 0)",27654
"onehot_enc,mean_imp,quant_scale,no_sel,over_samp",0.09808976135936426,0.0,0.021366367683748506,0.026910496580434096,0.05107223476297973,0.0,0.026205298972057367,0.026910496580434207,1.2122491521838517,3,"(1, 0, 0, 0)",27654
"woe_enc,median_imp,max_abs_scale,k_best_sel,over_samp",0.10144197747882311,0.0,0.021366367683748506,0.026910496580434096,0.05107223476297973,0.0,0.026205298972057367,0.026910496580434207,1.2206314519735397,3,"(1, 0, 0, 0)",27654
"onehot_enc,most_freq_imp,no_sel,under_samp,quant_scale",0.10412404669823255,0.0,0.017969343887030205,0.02652189391242432,0.05037187288708589,0.0,0.025836656840645067,0.02652189391242432,1.2275837006841415,3,"(1, 0, 0, 0)",27654
"count_enc,most_freq_imp,under_samp,k_best_sel,max_abs_scale",0.09798416705433782,0.0,0.021157088106022404,0.028479886080455707,0.05389019872010781,0.0,0.027691242644513614,0.028479886080455707,1.2115464620504943,3,"(1, 0, 0, 0)",27654
"ordinal_enc,median_imp,no_sel,over_samp,no_scale",0.10346118183518072,0.0,0.021366367683748506,0.026910496580434096,0.05107223476297973,0.0,0.026205298972057367,0.026910496580434207,1.2257244438307933,3,"(1, 0, 0, 0)",27654
"woe_enc,median_imp,max_abs_scale,k_best_sel,over_samp",0.10077022830255111,0.0,0.021366367683748506,0.026910496580434096,0.05107223476297973,0.0,0.026205298972057367,0.026910496580434207,1.218944475042852,4,"(1, 0, 0, 0)",27654
"count_enc,most_freq_imp,under_samp,k_best_sel,max_abs_scale",0.10338621529439312,0.0,0.022332235000215354,0.0275898896404414,0.0522941970310391,0.0,0.02684912523817773,0.02758988964044151,1.2252768917557966,4,"(1, 0, 0, 0)",27654
"onehot_enc,most_freq_imp,under_samp,k_best_sel,max_abs_scale",0.11175404851931892,0.0,0.02587336793529839,0.02687789248843009,0.051013513513513464,0.0,0.026174380308545686,0.026877892488429977,1.2466876737303623,4,"(1, 0, 0, 0)",27654
"count_enc,most_freq_imp,no_sel,under_samp,quant_scale",0.10548671998519032,0.0,0.024509418877783247,0.02634389462442155,0.05005072708826508,0.0,0.025667707249392935,0.026343894624421438,1.2311652135174298,4,"(1, 0, 0, 0)",27654
"onehot_enc,mean_imp,quant_scale,no_sel,over_samp",0.10346118183518072,0.0,0.021366367683748506,0.026910496580434096,0.05107223476297973,0.0,0.026205298972057367,0.026910496580434207,1.2257244438307933,4,"(1, 0, 0, 0)",27654
"woe_enc,median_imp,quant_scale,k_best_sel,over_samp",0.09641972586341996,0.0,0.021366367683748506,0.026910496580434096,0.05107223476297973,0.0,0.026205298972057367,0.026910496580434207,1.2081066656241581,4,"(1, 0, 0, 0)",27654
"ordinal_enc,median_imp,no_sel,over_samp,no_scale",0.10379829614912617,0.0,0.021366367683748506,0.026910496580434096,0.05107223476297973,0.0,0.026205298972057367,0.026910496580434207,1.2265779939039636,4,"(1, 0, 0, 0)",27654
"ordinal_enc,median_imp,no_sel,over_samp,max_abs_scale",0.1068398594265576,0.0,0.021366367683748506,0.026910496580434096,0.05107223476297973,0.0,0.026205298972057367,0.026910496580434207,1.2343215946064017,4,"(1, 0, 0, 0)",27654
"count_enc,most_freq_imp,under_samp,k_best_sel,quant_scale",0.09972264140049336,0.0,0.024884475373689277,0.027767888928444284,0.05261382799325465,0.0,0.02701766539660544,0.027767888928444284,1.2161811427582454,4,"(1, 0, 0, 0)",27654
"onehot_enc,most_freq_imp,no_sel,under_samp,max_abs_scale",0.10047363200046894,0.0,0.020141373263186296,0.025631897472410126,0.048763968845242145,0.0,0.024991322457480036,0.025631897472410126,1.218992933711335,4,"(1, 0, 0, 0)",27654
"onehot_enc,most_freq_imp,no_sel,under_samp,max_abs_scale",0.10946599964703169,0.0,0.021514341645733147,0.025097899608401586,0.04779661016949155,0.0,0.024483417259940965,0.025097899608401586,1.241790328686715,5,"(1, 0, 0, 0)",27654
"count_enc,most_freq_imp,under_samp,k_best_sel,quant_scale",0.10260791795256796,0.0,0.02354542258609274,0.0275898896404414,0.0522941970310391,0.0,0.02684912523817773,0.02758988964044151,1.2233649820863415,5,"(1, 0, 0, 0)",27654
"onehot_enc,most_freq_imp,under_samp,k_best_sel,max_abs_scale",0.10869812383758032,0.0,0.020478814779296306,0.026165895336418665,0.049729364005412724,0.0,0.025498699045967133,0.026165895336418665,1.2392615350135872,5,"(1, 0, 0, 0)",27654
"count_enc,most_freq_imp,under_samp,k_best_sel,max_abs_scale",0.10720438900842394,0.0,0.024942751699189712,0.027767888928444284,0.05261382799325465,0.0,0.02701766539660544,0.027767888928444284,1.2347342344300056,5,"(1, 0, 0, 0)",27654
"woe_enc,median_imp,quant_scale,k_best_sel,over_samp",0.09909371743484596,0.0,0.021366367683748506,0.026910496580434096,0.05107223476297973,0.0,0.026205298972057367,0.026910496580434207,1.2147501074893812,5,"(1, 0, 0, 0)",27654
"woe_enc,median_imp,max_abs_scale,k_best_sel,over_samp",0.10481063996876538,0.0,0.021366367683748506,0.026910496580434096,0.05107223476297973,0.0,0.026205298972057367,0.026910496580434207,1.2291468142174262,5,"(1, 0, 0, 0)",27654
"ordinal_enc,median_imp,no_sel,over_samp,max_abs_scale",0.10211438449528432,0.0,0.021366367683748506,0.026910496580434096,0.05107223476297973,0.0,0.026205298972057367,0.026910496580434207,1.222323750917415,5,"(1, 0, 0, 0)",27654
"onehot_enc,mean_imp,quant_scale,no_sel,over_samp",0.10989514447423293,0.0,0.021366367683748506,0.026910496580434096,0.05107223476297973,0.0,0.026205298972057367,0.026910496580434207,1.2421783301342058,5,"(1, 0, 0, 0)",27654
"ordinal_enc,median_imp,no_sel,over_samp,no_scale",0.10717865375511565,0.0,0.021366367683748506,0.026910496580434096,0.05107223476297973,0.0,0.026205298972057367,0.026910496580434207,1.235188921456804,5,"(1, 0, 0, 0)",27654
"count_enc,most_freq_imp,no_sel,under_samp,quant_scale",0.1010059000384615,0.0,0.02031458599783892,0.02705589177643286,0.051334008780817286,0.0,0.026343154246100564,0.027055891776432972,1.2196236833399803,5,"(1, 0, 0, 0)",27654
"ordinal_enc,median_imp,k_best_sel,over_samp,max_abs_scale",0.1085355313471737,0.0,0.021366367683748506,0.026910496580434096,0.05107223476297973,0.0,0.026205298972057367,0.026910496580434207,1.2386722806405166,6,"(1, 0, 0, 0)",27654
"count_enc,most_freq_imp,under_samp,no_sel,max_abs_scale",0.10793024802812884,0.0,0.01944328791285948,0.027233891064435745,0.05165428764348412,0.0,0.026511869693294,0.027233891064435745,1.2367502214810568,6,"(1, 0, 0, 0)",27654
"onehot_enc,mean_imp,quant_scale,no_sel,over_samp",0.1085355313471737,0.0,0.021366367683748506,0.026910496580434096,0.05107223476297973,0.0,0.026205298972057367,0.026910496580434207,1.2386722806405166,6,"(1, 0, 0, 0)",27654
"onehot_enc,most_freq_imp,under_samp,k_best_sel,max_abs_scale",0.10459944027283569,0.0,0.02664831936804228,0.0275898896404414,0.0522941970310391,0.0,0.02684912523817773,0.02758988964044151,1.2283491836315439,6,"(1, 0, 0, 0)",27654
"ordinal_enc,median_imp,no_sel,over_samp,no_scale",0.10650123449940357,0.0,0.021366367683748506,0.026910496580434096,0.05107223476297973,0.0,0.026205298972057367,0.026910496580434207,1.2334556643730865,6,"(1, 0, 0, 0)",27654
"count_enc,most_freq_imp,no_sel,under_samp,quant_scale",0.1033691974865138,0.0,0.020760590386686713,0.02705589177643286,0.051334008780817286,0.0,0.026343154246100564,0.027055891776432972,1.22547853816631,6,"(1, 0, 0, 0)",27654
"woe_enc,median_imp,max_abs_scale,k_best_sel,over_samp",0.10717865375511565,0.0,0.021366367683748506,0.026910496580434096,0.05107223476297973,0.0,0.026205298972057367,0.026910496580434207,1.235188921456804,6,"(1, 0, 0, 0)",27654
"woe_enc,median_imp,quant_scale,k_best_sel,over_samp",0.10379829614912617,0.0,0.021366367683748506,0.026910496580434096,0.05107223476297973,0.0,0.026205298972057367,0.026910496580434207,1.2265779939039636,6,"(1, 0, 0, 0)",27654
"count_enc,most_freq_imp,under_samp,k_best_sel,quant_scale",0.11148472452255076,0.0,0.025293993659516234,0.026699893200427205,0.0506928016221696,0.0,0.026005547850207922,0.026699893200427205,1.2460931636332089,6,"(1, 0, 0, 0)",27654
"ordinal_enc,median_imp,no_sel,over_samp,max_abs_scale",0.10955498363235211,0.0,0.021366367683748506,0.026910496580434096,0.05107223476297973,0.0,0.026205298972057367,0.026910496580434207,1.2412996752998284,6,"(1, 0, 0, 0)",27654
"ordinal_enc,median_imp,no_sel,over_samp,no_scale",0.10481063996876538,0.0,0.021366367683748506,0.026910496580434096,0.05107223476297973,0.0,0.026205298972057367,0.026910496580434207,1.2291468142174262,7,"(1, 0, 0, 0)",27654
"count_enc,most_freq_imp,no_sel,under_samp,quant_scale",0.1054354341293634,0.0,0.019046699391110755,0.02634389462442155,0.05005072708826508,0.0,0.025667707249392935,0.026343894624421438,1.2309596057083168,7,"(1, 0, 0, 0)",27654
"count_enc,median_imp,no_sel,under_samp,quant_scale",0.11261436251851648,0.0,0.030787980735748677,0.028479886080455707,0.05389019872010781,0.0,0.027691242644513614,0.028479886080455707,1.248064777691425,7,"(1, 0, 0, 0)",27654
"ordinal_enc,most_freq_imp,k_best_sel,over_samp,max_abs_scale",0.10616277866129653,0.0,0.021366367683748506,0.026910496580434096,0.05107223476297973,0.0,0.026205298972057367,0.026910496580434207,1.2325911265050304,7,"(1, 0, 0, 0)",27654
"onehot_enc,median_imp,quant_scale,k_best_sel,over_samp",0.09775543259795227,0.0,0.021366367683748506,0.026910496580434096,0.05107223476297973,0.0,0.026205298972057367,0.026910496580434207,1.2114180879081542,7,"(1, 0, 0, 0)",27654
"woe_enc,mean_imp,quant_scale,no_sel,over_samp",0.10514842256479134,0.0,0.021366367683748506,0.026910496580434096,0.05107223476297973,0.0,0.026205298972057367,0.026910496580434207,1.2300058248180556,7,"(1, 0, 0, 0)",27654
"onehot_enc,most_freq_imp,under_samp,k_best_sel,max_abs_scale",0.10592832162069699,0.0,0.028148092293771687,0.028479886080455707,0.05389019872010781,0.0,0.027691242644513614,0.028479886080455707,1.2312277946488825,7,"(1, 0, 0, 0)",27654
"count_enc,most_freq_imp,under_samp,no_sel,max_abs_scale",0.11094583104948691,0.0,0.02301367519539812,0.02687789248843009,0.051013513513513464,0.0,0.026174380308545686,0.026877892488429977,1.2445938726143024,7,"(1, 0, 0, 0)",27654
"woe_enc,median_imp,max_abs_scale,k_best_sel,over_samp",0.1011060208131751,0.0,0.021366367683748506,0.026910496580434096,0.05107223476297973,0.0,0.026205298972057367,0.026910496580434207,1.2197873002586308,7,"(1, 0, 0, 0)",27654
"woe_enc,median_imp,quant_scale,k_best_sel,over_samp",0.10144197747882311,0.0,0.021366367683748506,0.026910496580434096,0.05107223476297973,0.0,0.026205298972057367,0.026910496580434207,1.2206314519735397,7,"(1, 0, 0, 0)",27654
"woe_enc,median_imp,max_abs_scale,k_best_sel,over_samp",0.11023547755024365,0.0,0.021366367683748506,0.026910496580434096,0.05107223476297973,0.0,0.026205298972057367,0.026910496580434207,1.2430584205985273,8,"(1, 0, 0, 0)",27654
"woe_enc,median_imp,quant_scale,k_best_sel,over_samp",0.09976383265856953,0.0,0.021366367683748506,0.026910496580434096,0.05107223476297973,0.0,0.026205298972057367,0.026910496580434207,1.2164239186123107,8,"(1, 0, 0, 0)",27654
"count_enc,median_imp,no_sel,under_samp,quant_scale",0.10793024802812884,0.0,0.01944328791285948,0.027233891064435745,0.05165428764348412,0.0,0.026511869693294,0.027233891064435745,1.2367502214810568,8,"(1, 0, 0, 0)",27654
"woe_enc,mean_imp,quant_scale,no_sel,over_samp",0.10413557707022958,0.0,0.021366367683748506,0.026910496580434096,0.05107223476297973,0.0,0.026205298972057367,0.026910496580434207,1.2274329029077171,8,"(1, 0, 0, 0)",27654
"ordinal_enc,median_imp,no_sel,over_samp,no_scale",0.1031242338202612,0.0,0.021366367683748506,0.026910496580434096,0.05107223476297973,0.0,0.026205298972057367,0.026910496580434207,1.2248722485802046,8,"(1, 0, 0, 0)",27654
"count_enc,most_freq_imp,under_samp,no_sel,max_abs_scale",0.10515405498513886,0.0,0.017108725160344042,0.026165895336418665,0.049729364005412724,0.0,0.025498699045967133,0.026165895336418665,1.2303201273549926,8,"(1, 0, 0, 0)",27654
"onehot_enc,median_imp,quant_scale,k_best_sel,over_samp",0.10887517738477026,0.0,0.021366367683748506,0.026910496580434096,0.05107223476297973,0.0,0.026205298972057367,0.026910496580434207,1.2395466549295775,8,"(1, 0, 0, 0)",27654
"count_enc,most_freq_imp,k_best_sel,under_samp,quant_scale",0.10256834611443788,0.0,0.01696413126048272,0.02812388750444994,0.05325244354566905,0.0,0.027354570637119102,0.02812388750445005,1.2229183458032502,8,"(1, 0, 0, 0)",27654
"count_enc,most_freq_imp,no_sel,under_samp,quant_scale",0.10789158430667872,0.0,0.01650136972538155,0.026699893200427205,0.0506928016221696,0.0,0.026005547850207922,0.026699893200427205,1.2368896925858952,8,"(1, 0, 0, 0)",27654
"count_enc,most_freq_imp,under_samp,quant_scale,no_sel",0.09612133284049995,0.0,0.01909526516689678,0.028835884656461364,0.05452709525412314,0.0,0.02802768166089964,0.028835884656461364,1.2068265920430068,8,"(1, 0, 0, 0)",27654
"ordinal_enc,median_imp,no_sel,over_samp,no_scale",0.10447302490708815,0.0,0.021366367683748506,0.026910496580434096,0.05107223476297973,0.0,0.026205298972057367,0.026910496580434207,1.2282891749657296,9,"(1, 0, 0, 0)",27654
"woe_enc,mean_imp,quant_scale,no_sel,over_samp",0.10413557707022958,0.0,0.021366367683748506,0.026910496580434096,0.05107223476297973,0.0,0.026205298972057367,0.026910496580434207,1.2274329029077171,9,"(1, 0, 0, 0)",27654
"count_enc,most_freq_imp,no_sel,under_samp,quant_scale",0.11091833135071794,0.0,0.02030559292715741,0.02687789248843009,0.051013513513513464,0.0,0.026174380308545686,0.026877892488429977,1.2444808895169803,9,"(1, 0, 0, 0)",27654
"ordinal_enc,median_imp,k_best_sel,over_samp,no_scale",0.10887517738477026,0.0,0.021366367683748506,0.026910496580434096,0.05107223476297973,0.0,0.026205298972057367,0.026910496580434207,1.2395466549295775,9,"(1, 0, 0, 0)",27654
"count_enc,most_freq_imp,k_best_sel,under_samp,quant_scale",0.10246766664507134,0.0,0.021523364284637095,0.028301886792452824,0.0535714285714286,0.0,0.02752293577981657,0.028301886792452824,1.22264287936936,9,"(1, 0, 0, 0)",27654
"woe_enc,median_imp,quant_scale,k_best_sel,over_samp",0.10177809860440423,0.0,0.021366367683748506,0.026910496580434096,0.05107223476297973,0.0,0.026205298972057367,0.026910496580434207,1.2214769341879572,9,"(1, 0, 0, 0)",27654
"count_enc,most_freq_imp,under_samp,quant_scale,no_sel",0.10668730899603829,0.0,0.025368000730895936,0.027945888216447168,0.052933243425488885,0.0,0.02718614718614709,0.027945888216447057,1.2333553625670572,9,"(1, 0, 0, 0)",27654
"onehot_enc,median_imp,quant_scale,k_best_sel,over_samp",0.10144197747882311,0.0,0.021366367683748506,0.026910496580434096,0.05107223476297973,0.0,0.026205298972057367,0.026910496580434207,1.2206314519735397,9,"(1, 0, 0, 0)",27654
"count_enc,most_freq_imp,under_samp,no_sel,max_abs_scale",0.10217515952494488,0.0,0.018025823550544585,0.0275898896404414,0.0522941970310391,0.0,0.02684912523817773,0.02758988964044151,1.2222221536273254,9,"(1, 0, 0, 0)",27654
"woe_enc,median_imp,max_abs_scale,k_best_sel,over_samp",0.10514842256479134,0.0,0.021366367683748506,0.026910496580434096,0.05107223476297973,0.0,0.026205298972057367,0.026910496580434207,1.2300058248180556,9,"(1, 0, 0, 0)",27654
"woe_enc,median_imp,no_scale,k_best_sel,over_samp",0.10717865375511565,0.0,0.021366367683748506,0.026910496580434096,0.05107223476297973,0.0,0.026205298972057367,0.026910496580434207,1.235188921456804,10,"(1, 0, 0, 0)",27654
"ordinal_enc,median_imp,no_sel,over_samp,max_abs_scale",0.10582449160035368,0.0,0.021366367683748506,0.026910496580434096,0.05107223476297973,0.0,0.026205298972057367,0.026910496580434207,1.2317279767666989,10,"(1, 0, 0, 0)",27654
"count_enc,median_imp,under_samp,no_sel,max_abs_scale",0.10140819416458907,0.0,0.022335602987868665,0.024919900320398702,0.04747371990505256,0.0,0.02431399791594302,0.024919900320398702,1.2216830291039855,10,"(1, 0, 0, 0)",27654
"woe_enc,most_freq_imp,max_abs_scale,k_best_sel,over_samp",0.10819605627991374,0.0,0.021366367683748506,0.026910496580434096,0.05107223476297973,0.0,0.026205298972057367,0.026910496580434207,1.237799324474859,10,"(1, 0, 0, 0)",27654
"count_enc,most_freq_imp,under_samp,no_sel,quant_scale",0.10695400819139417,0.0,0.024804195774151695,0.02865788536845848,0.05420875420875426,0.0,0.02785949126146403,0.02865788536845859,1.2336457802935417,10,"(1, 0, 0, 0)",27654
"count_enc,most_freq_imp,no_sel,under_samp,max_abs_scale",0.10481977325396469,0.0,0.023655598001763152,0.025631897472410126,0.048763968845242145,0.0,0.024991322457480036,0.025631897472410126,1.2298487013977761,10,"(1, 0, 0, 0)",27654
"count_enc,most_freq_imp,k_best_sel,under_samp,quant_scale",0.11002078426721335,0.0,0.019555683255289336,0.0275898896404414,0.0522941970310391,0.0,0.02684912523817773,0.02758988964044151,1.2418178342351869,10,"(1, 0, 0, 0)",27654
"count_enc,most_freq_imp,under_samp,no_sel,max_abs_scale",0.11368911803670123,0.0,0.023772189759376706,0.027411890352438628,0.05197435032062103,0.0,0.026680526680526784,0.027411890352438517,1.2512713301642566,10,"(1, 0, 0, 0)",27654
"woe_enc,median_imp,quant_scale,k_best_sel,over_samp",0.1068398594265576,0.0,0.021366367683748506,0.026910496580434096,0.05107223476297973,0.0,0.026205298972057367,0.026910496580434207,1.2343215946064017,10,"(1, 0, 0, 0)",27654
"onehot_enc,median_imp,quant_scale,k_best_sel,over_samp",0.10447302490708815,0.0,0.021366367683748506,0.026910496580434096,0.05107223476297973,0.0,0.026205298972057367,0.026910496580434207,1.2282891749657296,10,"(1, 0, 0, 0)",27654
"woe_enc,most_freq_imp,quant_scale,k_best_sel,over_samp",0.10616277866129653,0.0,0.021366367683748506,0.026910496580434096,0.05107223476297973,0.0,0.026205298972057367,0.026910496580434207,1.2325911265050304,11,"(1, 0, 0, 0)",27654
"onehot_enc,median_imp,max_abs_scale,k_best_sel,over_samp",0.10278745179669879,0.0,0.021366367683748506,0.026910496580434096,0.05107223476297973,0.0,0.026205298972057367,0.026910496580434207,1.2240214040597917,11,"(1, 0, 0, 0)",27654
"count_enc,median_imp,quant_scale,k_best_sel,over_samp",0.10481063996876538,0.0,0.021366367683748506,0.026910496580434096,0.05107223476297973,0.0,0.026205298972057367,0.026910496580434207,1.2291468142174262,11,"(1, 0, 0, 0)",27654
"onehot_enc,median_imp,under_samp,no_sel,max_abs_scale",0.1008941130910686,0.0,0.023159432315165346,0.026165895336418665,0.049729364005412724,0.0,0.025498699045967133,0.026165895336418665,1.219813392558036,11,"(1, 0, 0, 0)",27654
"count_enc,most_freq_imp,under_samp,no_sel,quant_scale",0.1058435990413506,0.0,0.021627076190721697,0.02580989676041301,0.04908598510494244,0.0,0.025160506680548367,0.025809896760412898,1.2322917457523963,11,"(1, 0, 0, 0)",27654
"count_enc,most_freq_imp,no_sel,under_samp,max_abs_scale",0.10137371063752437,0.0,0.01745335671283365,0.02652189391242432,0.05037187288708589,0.0,0.025836656840645067,0.02652189391242432,1.2207538243179308,11,"(1, 0, 0, 0)",27654
"woe_enc,median_imp,quant_scale,k_best_sel,over_samp",0.11159853854607105,0.0,0.021366367683748506,0.026910496580434096,0.05107223476297973,0.0,0.026205298972057367,0.026910496580434207,1.2465932273975684,11,"(1, 0, 0, 0)",27654
"count_enc,most_freq_imp,under_samp,no_sel,max_abs_scale",0.09989692054932364,0.0,0.013719700825409395,0.02580989676041301,0.04908598510494244,0.0,0.025160506680548367,0.025809896760412898,1.2174023996747376,11,"(1, 0, 0, 0)",27654
"woe_enc,median_imp,no_scale,k_best_sel,over_samp",0.1068398594265576,0.0,0.021366367683748506,0.026910496580434096,0.05107223476297973,0.0,0.026205298972057367,0.026910496580434207,1.2343215946064017,11,"(1, 0, 0, 0)",27654
"count_enc,median_imp,under_samp,no_sel,max_abs_scale",0.10252509244585317,0.0,0.015878925409826376,0.025453898184407242,0.04844173441734423,0.0,0.024822079500086858,0.025453898184407242,1.2241108545034642,11,"(1, 0, 0, 0)",27654
"count_enc,most_freq_imp,no_sel,under_samp,max_abs_scale",0.11105121293800535,0.0,0.022266187396388804,0.026165895336418665,0.049729364005412724,0.0,0.025498699045967133,0.026165895336418665,1.245238095238095,12,"(1, 0, 0, 0)",27654
"count_enc,most_freq_imp,under_samp,no_sel,max_abs_scale",0.09888940529899365,0.0,0.01790422231215432,0.027767888928444284,0.05261382799325465,0.0,0.02701766539660544,0.027767888928444284,1.21405175071048,12,"(1, 0, 0, 0)",27654
"count_enc,median_imp,under_samp,no_sel,max_abs_scale",0.11017922399215235,0.0,0.024225789735156066,0.02687789248843009,0.051013513513513464,0.0,0.026174380308545686,0.026877892488429977,1.2426748417327151,12,"(1, 0, 0, 0)",27654
"onehot_enc,most_freq_imp,under_samp,no_sel,max_abs_scale",0.10504209297846062,0.0,0.017837645357879087,0.02687789248843009,0.051013513513513464,0.0,0.026174380308545686,0.026877892488429977,1.22968881621327,12,"(1, 0, 0, 0)",27654
"onehot_enc,median_imp,under_samp,no_sel,max_abs_scale",0.11137631363784833,0.0,0.019128353584038735,0.025097899608401586,0.04779661016949155,0.0,0.024483417259940965,0.025097899608401586,1.2466005648023193,12,"(1, 0, 0, 0)",27654
"count_enc,median_imp,over_samp,k_best_sel,quant_scale",0.10346118183518072,0.0,0.021366367683748506,0.026910496580434096,0.05107223476297973,0.0,0.026205298972057367,0.026910496580434207,1.2257244438307933,12,"(1, 0, 0, 0)",27654
"onehot_enc,median_imp,max_abs_scale,k_best_sel,over_samp",0.09942869372805824,0.0,0.021366367683748506,0.026910496580434096,0.05107223476297973,0.0,0.026205298972057367,0.026910496580434207,1.2155863596898298,12,"(1, 0, 0, 0)",27654
"count_enc,median_imp,quant_scale,k_best_sel,over_samp",0.10077022830255111,0.0,0.021366367683748506,0.026910496580434096,0.05107223476297973,0.0,0.026205298972057367,0.026910496580434207,1.218944475042852,12,"(1, 0, 0, 0)",27654
"count_enc,most_freq_imp,under_samp,no_sel,quant_scale",0.11209921098855163,0.0,0.022989156441193558,0.02634389462442155,0.05005072708826508,0.0,0.025667707249392935,0.026343894624421438,1.2478119131807102,12,"(1, 0, 0, 0)",27654
"woe_enc,most_freq_imp,quant_scale,k_best_sel,over_samp",0.10481063996876538,0.0,0.021366367683748506,0.026910496580434096,0.05107223476297973,0.0,0.026205298972057367,0.026910496580434207,1.2291468142174262,12,"(1, 0, 0, 0)",27654
"onehot_enc,most_freq_imp,over_samp,no_sel,max_abs_scale",0.1011060208131751,0.0,0.021366367683748506,0.026910496580434096,0.05107223476297973,0.0,0.026205298972057367,0.026910496580434207,1.2197873002586308,13,"(1, 0, 0, 0)",27654
"woe_enc,most_freq_imp,quant_scale,k_best_sel,over_samp",0.1075176177979093,0.0,0.021366367683748506,0.026910496580434096,0.05107223476297973,0.0,0.026205298972057367,0.026910496580434207,1.2360576491924915,13,"(1, 0, 0, 0)",27654
"onehot_enc,most_freq_imp,under_samp,no_sel,max_abs_scale",0.09955949269048309,0.0,0.02050111065014088,0.02580989676041301,0.04908598510494244,0.0,0.025160506680548367,0.025809896760412898,1.2166543769093014,13,"(1, 0, 0, 0)",27654
"count_enc,median_imp,quant_scale,k_best_sel,over_samp",0.10211438449528432,0.0,0.021366367683748506,0.026910496580434096,0.05107223476297973,0.0,0.026205298972057367,0.026910496580434207,1.222323750917415,13,"(1, 0, 0, 0)",27654
"count_enc,median_imp,under_samp,no_sel,max_abs_scale",0.10863969007486751,0.0,0.02552077465733215,0.027411890352438628,0.05197435032062103,0.0,0.026680526680526784,0.027411890352438517,1.2385295047129903,13,"(1, 0, 0, 0)",27654
"onehot_enc,median_imp,under_samp,no_sel,max_abs_scale",0.10391639268663383,0.0,0.024226319209395705,0.02634389462442155,0.05005072708826508,0.0,0.025667707249392935,0.026343894624421438,1.2272417635896806,13,"(1, 0, 0, 0)",27654
"onehot_enc,median_imp,max_abs_scale,k_best_sel,over_samp",0.102450835457288,0.0,0.021366367683748506,0.026910496580434096,0.05107223476297973,0.0,0.026205298972057367,0.026910496580434207,1.2231719061926734,13,"(1, 0, 0, 0)",27654
"onehot_enc,median_imp,max_abs_scale,under_samp,k_best_sel",0.10307449589990125,0.0,0.01839618076836231,0.02580989676041301,0.04908598510494244,0.0,0.025160506680548367,0.025809896760412898,1.2253339557765472,13,"(1, 0, 0, 0)",27654
"count_enc,most_freq_imp,under_samp,no_sel,max_abs_scale",0.10806440776021997,0.0,0.020293174187138108,0.02705589177643286,0.051334008780817286,0.0,0.026343154246100564,0.027055891776432972,1.2371932733191449,13,"(1, 0, 0, 0)",27654
"target_enc,most_freq_imp,under_samp,no_sel,max_abs_scale",0.10857131610429971,0.0,0.023030893702247923,0.02474190103239582,0.047150610583446384,0.0,0.02414451971512943,0.02474190103239593,1.2397406154442618,13,"(1, 0, 0, 0)",27654
"onehot_enc,median_imp,under_samp,no_sel,max_abs_scale",0.09967761899923328,0.0,0.01690519063059335,0.028301886792452824,0.0535714285714286,0.0,0.02752293577981657,0.028301886792452824,1.2157202202222213,14,"(1, 0, 0, 0)",27654
"count_enc,most_freq_imp,under_samp,no_sel,max_abs_scale",0.10392690897231022,0.0,0.02463580240926983,0.027411890352438628,0.05197435032062103,0.0,0.026680526680526784,0.027411890352438517,1.226738684505561,14,"(1, 0, 0, 0)",27654
"count_enc,median_imp,max_abs_scale,k_best_sel,over_samp",0.1011060208131751,0.0,0.021366367683748506,0.026910496580434096,0.05107223476297973,0.0,0.026205298972057367,0.026910496580434207,1.2197873002586308,14,"(1, 0, 0, 0)",27654
"onehot_enc,median_imp,quant_scale,under_samp,k_best_sel",0.10648794953636287,0.0,0.017517966046527562,0.0275898896404414,0.0522941970310391,0.0,0.02684912523817773,0.02758988964044151,1.2329270896180442,14,"(1, 0, 0, 0)",27654
"target_enc,most_freq_imp,under_samp,no_sel,max_abs_scale",0.10505359851447771,0.0,0.019195659523771197,0.02687789248843009,0.051013513513513464,0.0,0.026174380308545686,0.026877892488429977,1.2297365891389271,14,"(1, 0, 0, 0)",27654
"onehot_enc,median_imp,max_abs_scale,under_samp,k_best_sel",0.09215210819229097,0.0,0.020698726282482635,0.027767888928444284,0.05261382799325465,0.0,0.02701766539660544,0.027767888928444284,1.197712028892929,14,"(1, 0, 0, 0)",27654
"onehot_enc,most_freq_imp,under_samp,no_sel,max_abs_scale",0.10995880252987916,0.0,0.017470686498977962,0.02598789604841578,0.049407783417935724,0.0,0.025329632199861174,0.02598789604841578,1.2424927686702756,14,"(1, 0, 0, 0)",27654
"onehot_enc,median_imp,max_abs_scale,k_best_sel,over_samp",0.09875890347674426,0.0,0.021366367683748506,0.026910496580434096,0.05107223476297973,0.0,0.026205298972057367,0.026910496580434207,1.2139151581000067,14,"(1, 0, 0, 0)",27654
"onehot_enc,most_freq_imp,over_samp,no_sel,max_abs_scale",0.10043459964249851,0.0,0.021366367683748506,0.026910496580434096,0.05107223476297973,0.0,0.026205298972057367,0.026910496580434207,1.2181029723409071,14,"(1, 0, 0, 0)",27654
"onehot_enc,most_freq_imp,max_abs_scale,under_samp,no_sel",0.1096939863321158,0.0,0.02738123977361122,0.02705589177643286,0.051334008780817286,0.0,0.026343154246100564,0.027055891776432972,1.2414031230533917,14,"(1, 0, 0, 0)",27654
"onehot_enc,most_freq_imp,max_abs_scale,under_samp,k_best_sel",0.10720438900842394,0.0,0.024942751699189712,0.027767888928444284,0.05261382799325465,0.0,0.02701766539660544,0.027767888928444284,1.2347342344300056,15,"(1, 0, 0, 0)",27654
"onehot_enc,median_imp,max_abs_scale,no_sel,over_samp",0.10278745179669879,0.0,0.021366367683748506,0.026910496580434096,0.05107223476297973,0.0,0.026205298972057367,0.026910496580434207,1.2240214040597917,15,"(1, 0, 0, 0)",27654
"onehot_enc,most_freq_imp,over_samp,no_sel,max_abs_scale",0.09875890347674426,0.0,0.021366367683748506,0.026910496580434096,0.05107223476297973,0.0,0.026205298972057367,0.026910496580434207,1.2139151581000067,15,"(1, 0, 0, 0)",27654
"onehot_enc,median_imp,under_samp,no_sel,max_abs_scale",0.10769663812387886,0.0,0.014690027962180004,0.02474190103239582,0.047150610583446384,0.0,0.02414451971512943,0.02474190103239593,1.237405175725733,15,"(1, 0, 0, 0)",27654
"count_enc,most_freq_imp,under_samp,k_best_sel,max_abs_scale",0.10297515739032692,0.0,0.021638085184307473,0.02598789604841578,0.049407783417935724,0.0,0.025329632199861174,0.02598789604841578,1.2250418850963576,15,"(1, 0, 0, 0)",27654
"onehot_enc,median_imp,max_abs_scale,k_best_sel,over_samp",0.10887517738477026,0.0,0.021366367683748506,0.026910496580434096,0.05107223476297973,0.0,0.026205298972057367,0.026910496580434207,1.2395466549295775,15,"(1, 0, 0, 0)",27654
"count_enc,median_imp,max_abs_scale,k_best_sel,over_samp",0.09875890347674426,0.0,0.021366367683748506,0.026910496580434096,0.05107223476297973,0.0,0.026205298972057367,0.026910496580434207,1.2139151581000067,15,"(1, 0, 0, 0)",27654
"target_enc,most_freq_imp,under_samp,no_sel,max_abs_scale",0.10291308338148814,0.0,0.013670773118364912,0.02652189391242432,0.05037187288708589,0.0,0.025836656840645067,0.02652189391242432,1.224516129032258,15,"(1, 0, 0, 0)",27654
"onehot_enc,median_imp,max_abs_scale,under_samp,k_best_sel",0.10207244271829752,0.0,0.022401257826367343,0.027233891064435745,0.05165428764348412,0.0,0.026511869693294,0.027233891064435745,1.2221993175012187,15,"(1, 0, 0, 0)",27654
"count_enc,most_freq_imp,under_samp,no_sel,max_abs_scale",0.0995710536422264,0.0,0.021878395692437443,0.02580989676041301,0.04908598510494244,0.0,0.025160506680548367,0.025809896760412898,1.2166998800844742,15,"(1, 0, 0, 0)",27654
"onehot_enc,most_freq_imp,max_abs_scale,under_samp,k_best_sel",0.10698870381998798,0.0,0.019107823021744602,0.02580989676041301,0.04908598510494244,0.0,0.025160506680548367,0.025809896760412898,1.2351277756783783,16,"(1, 0, 0, 0)",27654
"count_enc,most_freq_imp,under_samp,no_sel,max_abs_scale",0.11031363272287914,0.0,0.02395304755289214,0.027233891064435745,0.05165428764348412,0.0,0.026511869693294,0.027233891064435745,1.2428175222015745,16,"(1, 0, 0, 0)",27654
"count_enc,median_imp,max_abs_scale,k_best_sel,over_samp",0.10077022830255111,0.0,0.021366367683748506,0.026910496580434096,0.05107223476297973,0.0,0.026205298972057367,0.026910496580434207,1.218944475042852,16,"(1, 0, 0, 0)",27654
"onehot_enc,most_freq_imp,over_samp,no_sel,max_abs_scale",0.10481063996876538,0.0,0.021366367683748506,0.026910496580434096,0.05107223476297973,0.0,0.026205298972057367,0.026910496580434207,1.2291468142174262,16,"(1, 0, 0, 0)",27654
"onehot_enc,most_freq_imp,max_abs_scale,k_best_sel,under_samp",0.10741839174229806,0.0,0.022132151521846853,0.02634389462442155,0.05005072708826508,0.0,0.025667707249392935,0.026343894624421438,1.2359723466746315,16,"(1, 0, 0, 0)",27654
"count_enc,median_imp,max_abs_scale,over_samp,k_best_sel",0.10144197747882311,0.0,0.021366367683748506,0.026910496580434096,0.05107223476297973,0.0,0.026205298972057367,0.026910496580434207,1.2206314519735397,16,"(1, 0, 0, 0)",27654
"target_enc,most_freq_imp,under_samp,no_sel,max_abs_scale",0.10942272868031339,0.0,0.025667912536105557,0.027411890352438628,0.05197435032062103,0.0,0.026680526680526784,0.027411890352438517,1.2405020390786055,16,"(1, 0, 0, 0)",27654
"onehot_enc,median_imp,max_abs_scale,no_sel,over_samp",0.1031242338202612,0.0,0.021366367683748506,0.026910496580434096,0.05107223476297973,0.0,0.026205298972057367,0.026910496580434207,1.2248722485802046,16,"(1, 0, 0, 0)",27654
"onehot_enc,median_imp,max_abs_scale,under_samp,k_best_sel",0.10223101148679054,0.0,0.02601168559525662,0.02705589177643286,0.051334008780817286,0.0,0.026343154246100564,0.027055891776432972,1.2227260319863023,16,"(1, 0, 0, 0)",27654
"count_enc,most_freq_imp,under_samp,k_best_sel,max_abs_scale",0.10758539381761922,0.0,0.02366030954105308,0.027767888928444284,0.05261382799325465,0.0,0.02701766539660544,0.027767888928444284,1.235669159436517,16,"(1, 0, 0, 0)",27654
"count_enc,median_imp,max_abs_scale,under_samp,k_best_sel",0.10045015927368867,0.0,0.016440539260024985,0.026699893200427205,0.0506928016221696,0.0,0.026005547850207922,0.026699893200427205,1.218374943029321,17,"(1, 0, 0, 0)",27654
"target_enc,most_freq_imp,over_samp,no_sel,max_abs_scale",0.11193973755986514,0.0,0.021366367683748506,0.026910496580434096,0.05107223476297973,0.0,0.026205298972057367,0.026910496580434207,1.2474805626446674,17,"(1, 0, 0, 0)",27654
"count_enc,median_imp,max_abs_scale,over_samp,no_sel",0.10177809860440423,0.0,0.021366367683748506,0.026910496580434096,0.05107223476297973,0.0,0.026205298972057367,0.026910496580434207,1.2214769341879572,17,"(1, 0, 0, 0)",27654
"onehot_enc,median_imp,max_abs_scale,k_best_sel,over_samp",0.1105759831775433,0.0,0.021366367683748506,0.026910496580434096,0.05107223476297973,0.0,0.026205298972057367,0.026910496580434207,1.2439399511119895,17,"(1, 0, 0, 0)",27654
"count_enc,median_imp,max_abs_scale,over_samp,k_best_sel",0.10955498363235211,0.0,0.021366367683748506,0.026910496580434096,0.05107223476297973,0.0,0.026205298972057367,0.026910496580434207,1.2412996752998284,17,"(1, 0, 0, 0)",27654
"count_enc,median_imp,max_abs_scale,k_best_sel,over_samp",0.1000991345290192,0.0,0.021366367683748506,0.026910496580434096,0.05107223476297973,0.0,0.026205298972057367,0.026910496580434207,1.2172627881825093,17,"(1, 0, 0, 0)",27654
"onehot_enc,median_imp,max_abs_scale,no_sel,over_samp",0.1085355313471737,0.0,0.021366367683748506,0.026910496580434096,0.05107223476297973,0.0,0.026205298972057367,0.026910496580434207,1.2386722806405166,17,"(1, 0, 0, 0)",27654
"onehot_enc,median_imp,max_abs_scale,under_samp,no_sel",0.11004791853848456,0.0,0.021144434147900418,0.02812388750444994,0.05325244354566905,0.0,0.027354570637119102,0.02812388750445005,1.241624198586224,17,"(1, 0, 0, 0)",27654
"loo_enc,most_freq_imp,max_abs_scale,k_best_sel,under_samp",0.0995574490852999,0.0,0.01971706149011259,0.027411890352438628,0.05197435032062103,0.0,0.026680526680526784,0.027411890352438517,1.215880051073084,17,"(1, 0, 0, 0)",27654
"onehot_enc,median_imp,max_abs_scale,under_samp,k_best_sel",0.10678950072796306,0.0,0.022153375714170753,0.027767888928444284,0.05261382799325465,0.0,0.02701766539660544,0.027767888928444284,1.2336559202779076,17,"(1, 0, 0, 0)",27654
"count_enc,median_imp,max_abs_scale,under_samp,k_best_sel",0.10367647891951914,0.0,0.014503075012280743,0.024919900320398702,0.04747371990505256,0.0,0.02431399791594302,0.024919900320398702,1.2272262782785766,18,"(1, 0, 0, 0)",27654
"loo_enc,most_freq_imp,max_abs_scale,k_best_sel,over_samp",0.10346118183518072,0.0,0.021366367683748506,0.026910496580434096,0.05107223476297973,0.0,0.026205298972057367,0.026910496580434207,1.2257244438307933,18,"(1, 0, 0, 0)",27654
"onehot_enc,median_imp,max_abs_scale,over_samp,k_best_sel",0.1105759831775433,0.0,0.021366367683748506,0.026910496580434096,0.05107223476297973,0.0,0.026205298972057367,0.026910496580434207,1.2439399511119895,18,"(1, 0, 0, 0)",27654
"count_enc,median_imp,max_abs_scale,k_best_sel,under_samp",0.09837051199039626,0.0,0.018710877256645192,0.029013883944464247,0.05484522207267828,0.0,0.02819581387303227,0.029013883944464247,1.2122137681170546,18,"(1, 0, 0, 0)",27654
"onehot_enc,median_imp,max_abs_scale,under_samp,k_best_sel",0.10704746741927401,0.0,0.021376524903450475,0.027945888216447168,0.052933243425488885,0.0,0.02718614718614709,0.027945888216447057,1.2341971666235039,18,"(1, 0, 0, 0)",27654
"loo_enc,most_freq_imp,max_abs_scale,k_best_sel,under_samp",0.10627483097388118,0.0,0.02371712014303228,0.027411890352438628,0.05197435032062103,0.0,0.026680526680526784,0.027411890352438517,1.2325760173798348,18,"(1, 0, 0, 0)",27654
"count_enc,median_imp,max_abs_scale,k_best_sel,over_samp",0.1031242338202612,0.0,0.021366367683748506,0.026910496580434096,0.05107223476297973,0.0,0.026205298972057367,0.026910496580434207,1.2248722485802046,18,"(1, 0, 0, 0)",27654
"onehot_enc,median_imp,max_abs_scale,no_sel,over_samp",0.102450835457288,0.0,0.021366367683748506,0.026910496580434096,0.05107223476297973,0.0,0.026205298972057367,0.026910496580434207,1.2231719061926734,18,"(1, 0, 0, 0)",27654
"onehot_enc,median_imp,max_abs_scale,k_best_sel,over_samp",0.1031242338202612,0.0,0.021366367683748506,0.026910496580434096,0.05107223476297973,0.0,0.026205298972057367,0.026910496580434207,1.2248722485802046,18,"(1, 0, 0, 0)",27654
"count_enc,median_imp,max_abs_scale,over_samp,no_sel",0.10346118183518072,0.0,0.021366367683748506,0.026910496580434096,0.05107223476297973,0.0,0.026205298972057367,0.026910496580434207,1.2257244438307933,18,"(1, 0, 0, 0)",27654
"onehot_enc,median_imp,max_abs_scale,under_samp,k_best_sel",0.10608344963490929,0.0,0.017210226420752733,0.02705589177643286,0.051334008780817286,0.0,0.026343154246100564,0.027055891776432972,1.2321872510996519,19,"(1, 0, 0, 0)",27654
"count_enc,median_imp,max_abs_scale,over_samp,no_sel",0.10717865375511565,0.0,0.021366367683748506,0.026910496580434096,0.05107223476297973,0.0,0.026205298972057367,0.026910496580434207,1.235188921456804,19,"(1, 0, 0, 0)",27654
"loo_enc,median_imp,max_abs_scale,k_best_sel,under_samp",0.10243956468396415,0.0,0.019538889947353068,0.026699893200427205,0.0506928016221696,0.0,0.026005547850207922,0.026699893200427205,1.2233324458698895,19,"(1, 0, 0, 0)",27654
"onehot_enc,most_freq_imp,max_abs_scale,k_best_sel,over_samp",0.10548637300516472,0.0,0.021366367683748506,0.026910496580434096,0.05107223476297973,0.0,0.026205298972057367,0.026910496580434207,1.2308662109387696,19,"(1, 0, 0, 0)",27654
"loo_enc,most_freq_imp,max_abs_scale,k_best_sel,over_samp",0.10616277866129653,0.0,0.021366367683748506,0.026910496580434096,0.05107223476297973,0.0,0.026205298972057367,0.026910496580434207,1.2325911265050304,19,"(1, 0, 0, 0)",27654
"onehot_enc,median_imp,max_abs_scale,k_best_sel,over_samp",0.1075176177979093,0.0,0.021366367683748506,0.026910496580434096,0.05107223476297973,0.0,0.026205298972057367,0.026910496580434207,1.2360576491924915,19,"(1, 0, 0, 0)",27654
"count_enc,median_imp,max_abs_scale,under_samp,k_best_sel",0.10899549842869688,0.0,0.02378058518192215,0.02634389462442155,0.05005072708826508,0.0,0.025667707249392935,0.026343894624421438,1.239966914269437,19,"(1, 0, 0, 0)",27654
"count_enc,median_imp,max_abs_scale,k_best_sel,over_samp",0.10582449160035368,0.0,0.021366367683748506,0.026910496580434096,0.05107223476297973,0.0,0.026205298972057367,0.026910496580434207,1.2317279767666989,19,"(1, 0, 0, 0)",27654
"count_enc,median_imp,max_abs_scale,k_best_sel,under_samp",0.10707865319836679,0.0,0.02430574941698413,0.028479886080455707,0.05389019872010781,0.0,0.027691242644513614,0.028479886080455707,1.2340415776365687,19,"(1, 0, 0, 0)",27654
"onehot_enc,median_imp,max_abs_scale,no_sel,over_samp",0.09976383265856953,0.0,0.021366367683748506,0.026910496580434096,0.05107223476297973,0.0,0.026205298972057367,0.026910496580434207,1.2164239186123107,19,"(1, 0, 0, 0)",27654
"loo_enc,median_imp,max_abs_scale,k_best_sel,under_samp",0.10514155287200694,0.0,0.015749436161721135,0.026165895336418665,0.049729364005412724,0.0,0.025498699045967133,0.026165895336418665,1.2302696912553976,20,"(1, 0, 0, 0)",27654
"loo_enc,most_freq_imp,max_abs_scale,k_best_sel,over_samp",0.10955498363235211,0.0,0.021366367683748506,0.026910496580434096,0.05107223476297973,0.0,0.026205298972057367,0.026910496580434207,1.2412996752998284,20,"(1, 0, 0, 0)",27654
"onehot_enc,median_imp,max_abs_scale,over_samp,k_best_sel",0.10043459964249851,0.0,0.021366367683748506,0.026910496580434096,0.05107223476297973,0.0,0.026205298972057367,0.026910496580434207,1.2181029723409071,20,"(1, 0, 0, 0)",27654
"count_enc,median_imp,max_abs_scale,k_best_sel,under_samp",0.10950713033360154,0.0,0.02334415097572992,0.026165895336418665,0.049729364005412724,0.0,0.025498699045967133,0.026165895336418665,1.2413471169113675,20,"(1, 0, 0, 0)",27654
"onehot_enc,median_imp,max_abs_scale,no_sel,over_samp",0.10346118183518072,0.0,0.021366367683748506,0.026910496580434096,0.05107223476297973,0.0,0.026205298972057367,0.026910496580434207,1.2257244438307933,20,"(1, 0, 0, 0)",27654
"onehot_enc,most_freq_imp,max_abs_scale,k_best_sel,over_samp",0.10548637300516472,0.0,0.021366367683748506,0.026910496580434096,0.05107223476297973,0.0,0.026205298972057367,0.026910496580434207,1.2308662109387696,20,"(1, 0, 0, 0)",27654
"count_enc,median_imp,max_abs_scale,over_samp,no_sel",0.10616277866129653,0.0,0.021366367683748506,0.026910496580434096,0.05107223476297973,0.0,0.026205298972057367,0.026910496580434207,1.2325911265050304,20,"(1, 0, 0, 0)",27654
"count_enc,median_imp,max_abs_scale,k_best_sel,over_samp",0.09942869372805824,0.0,0.021366367683748506,0.026910496580434096,0.05107223476297973,0.0,0.026205298972057367,0.026910496580434207,1.2155863596898298,20,"(1, 0, 0, 0)",27654
"onehot_enc,median_imp,max_abs_scale,k_best_sel,over_samp",0.10582449160035368,0.0,0.021366367683748506,0.026910496580434096,0.05107223476297973,0.0,0.026205298972057367,0.026910496580434207,1.2317279767666989,20,"(1, 0, 0, 0)",27654
"onehot_enc,median_imp,max_abs_scale,under_samp,k_best_sel",0.10485082727242767,0.0,0.025649546502359045,0.027233891064435745,0.05165428764348412,0.0,0.026511869693294,0.027233891064435745,1.2291409736220147,20,"(1, 0, 0, 0)",27654
"ordinal_enc,median_imp,norm_scale,no_samp,k_best_sel",0.4657163922339641,0.3105183694011072,0.5626797526864098,0.280946208684381,0.28763334650335837,0.3581345674617301,0.3247191011235955,0.2873039771593515,-1.0,0,"(0, 1, 0, 0)",27654
"target_enc,mean_imp,k_best_sel,norm_scale,under_samp",0.6952432141897339,0.1731253145445395,0.7175313122377345,0.3469206123175508,0.3825136612021858,0.19544321822712707,0.30128304220126756,0.3469206123175508,-1.0,0,"(0, 1, 0, 0)",27654
"count_enc,most_freq_imp,no_samp,k_best_sel,max_abs_scale",0.10443272475148435,0.0,0.021366367683748506,0.029325988334413466,0.060535117056856214,0.0,0.031212277978961867,0.026910496580434207,1.2512837759180453,0,"(0, 1, 0, 0)",27654
"ordinal_enc,most_freq_imp,k_best_sel,no_samp,quant_scale",0.10443272475148435,0.0,0.021366367683748506,0.029325988334413466,0.060535117056856214,0.0,0.031212277978961867,0.026910496580434207,1.2512837759180453,0,"(0, 1, 0, 0)",27654
"onehot_enc,most_freq_imp,no_sel,under_samp,quant_scale",0.09983142835990044,0.0,0.021459424536292765,0.02705589177643286,0.051334008780817286,0.0,0.026343154246100564,0.027055891776432972,1.216743840994096,0,"(0, 1, 0, 0)",27654
"onehot_enc,mean_imp,under_samp,no_sel,quant_scale",0.10206803492959265,0.0,0.022199600135444954,0.026699893200427205,0.0506928016221696,0.0,0.026005547850207922,0.026699893200427205,1.2224468863106748,0,"(0, 1, 0, 0)",27654
"loo_enc,most_freq_imp,k_best_sel,norm_scale,no_samp",0.48365691816171047,0.3069954705586311,0.5908571420283717,0.2943940375891121,0.31423220973782773,0.34816660733357063,0.33162985946340573,0.2988231193075822,-1.0,0,"(0, 1, 0, 0)",27654
"woe_enc,median_imp,max_abs_scale,no_sel,over_samp",0.10582449160035368,0.0,0.021366367683748506,0.026910496580434096,0.05107223476297973,0.0,0.026205298972057367,0.026910496580434207,1.2317279767666989,0,"(0, 1, 0, 0)",27654
"ordinal_enc,median_imp,k_best_sel,over_samp,max_abs_scale",0.10413557707022958,0.0,0.021366367683748506,0.026910496580434096,0.05107223476297973,0.0,0.026205298972057367,0.026910496580434207,1.2274329029077171,0,"(0, 1, 0, 0)",27654
"loo_enc,most_freq_imp,over_samp,max_abs_scale,k_best_sel",0.10989514447423293,0.0,0.021366367683748506,0.026910496580434096,0.05107223476297973,0.0,0.026205298972057367,0.026910496580434207,1.2421783301342058,0,"(0, 1, 0, 0)",27654
"ordinal_enc,median_imp,no_sel,over_samp,max_abs_scale",0.10177809860440423,0.0,0.021366367683748506,0.026910496580434096,0.05107223476297973,0.0,0.026205298972057367,0.026910496580434207,1.2214769341879572,1,"(0, 1, 0, 0)",27654
"onehot_enc,mean_imp,no_samp,no_sel,quant_scale",0.10443272475148435,0.0,0.021366367683748506,0.029325988334413466,0.060535117056856214,0.0,0.031212277978961867,0.026910496580434207,1.2512837759180453,1,"(0, 1, 0, 0)",27654
"onehot_enc,most_freq_imp,no_sel,no_samp,quant_scale",0.10443272475148435,0.0,0.021366367683748506,0.029325988334413466,0.060535117056856214,0.0,0.031212277978961867,0.026910496580434207,1.2512837759180453,1,"(0, 1, 0, 0)",27654
"ordinal_enc,most_freq_imp,k_best_sel,no_samp,quant_scale",0.10443272475148435,0.0,0.021366367683748506,0.029325988334413466,0.060535117056856214,0.0,0.031212277978961867,0.026910496580434207,1.2512837759180453,1,"(0, 1, 0, 0)",27654
"loo_enc,most_freq_imp,k_best_sel,norm_scale,no_samp",0.48365691816171047,0.3069954705586311,0.5908571420283717,0.2943940375891121,0.31423220973782773,0.34816660733357063,0.33162985946340573,0.2988231193075822,-1.0,1,"(0, 1, 0, 0)",27654
"onehot_enc,most_freq_imp,no_sel,under_samp,quant_scale",0.09952556242800137,0.0,0.01638213262013869,0.02580989676041301,0.04908598510494244,0.0,0.025160506680548367,0.025809896760412898,1.216519814797176,1,"(0, 1, 0, 0)",27654
"onehot_enc,most_freq_imp,k_best_sel,under_samp,no_scale",0.10876206451992637,0.0,0.022763104342051706,0.028301886792452824,0.0535714285714286,0.0,0.02752293577981657,0.028301886792452824,1.2383242473697005,1,"(0, 1, 0, 0)",27654
"ordinal_enc,most_freq_imp,k_best_sel,under_samp,no_scale",0.10785596488206728,0.0,0.025373538165529265,0.027411890352438628,0.05197435032062103,0.0,0.026680526680526784,0.027411890352438517,1.2365590896429601,1,"(0, 1, 0, 0)",27654
"count_enc,most_freq_imp,no_samp,k_best_sel,max_abs_scale",0.10443272475148435,0.0,0.021366367683748506,0.029325988334413466,0.060535117056856214,0.0,0.031212277978961867,0.026910496580434207,1.2512837759180453,1,"(0, 1, 0, 0)",27654
"ordinal_enc,median_imp,k_best_sel,over_samp,max_abs_scale",0.10413557707022958,0.0,0.021366367683748506,0.026910496580434096,0.05107223476297973,0.0,0.026205298972057367,0.026910496580434207,1.2274329029077171,1,"(0, 1, 0, 0)",27654
"onehot_enc,most_freq_imp,no_samp,no_sel,quant_scale",0.10443272475148435,0.0,0.021366367683748506,0.029325988334413466,0.060535117056856214,0.0,0.031212277978961867,0.026910496580434207,1.2512837759180453,2,"(0, 1, 0, 0)",27654
"onehot_enc,mean_imp,no_sel,under_samp,quant_scale",0.0963509365407505,0.0,0.01365570277792183,0.02367390530437874,0.045207341944255575,0.0,0.023126412797774276,0.02367390530437885,1.2096721423215868,2,"(0, 1, 0, 0)",27654
"ordinal_enc,most_freq_imp,no_sel,over_samp,max_abs_scale",0.1075176177979093,0.0,0.021366367683748506,0.026910496580434096,0.05107223476297973,0.0,0.026205298972057367,0.026910496580434207,1.2360576491924915,2,"(0, 1, 0, 0)",27654
"ordinal_enc,median_imp,k_best_sel,no_samp,quant_scale",0.10443272475148435,0.0,0.021366367683748506,0.029325988334413466,0.060535117056856214,0.0,0.031212277978961867,0.026910496580434207,1.2512837759180453,2,"(0, 1, 0, 0)",27654
"ordinal_enc,most_freq_imp,k_best_sel,no_samp,no_scale",0.10443272475148435,0.0,0.021366367683748506,0.029325988334413466,0.060535117056856214,0.0,0.031212277978961867,0.026910496580434207,1.2512837759180453,2,"(0, 1, 0, 0)",27654
"onehot_enc,most_freq_imp,no_sel,under_samp,quant_scale",0.10299741743114565,0.0,0.023417060400557528,0.02705589177643286,0.051334008780817286,0.0,0.026343154246100564,0.027055891776432972,1.2245915907873592,2,"(0, 1, 0, 0)",27654
"onehot_enc,most_freq_imp,no_sel,no_samp,quant_scale",0.10443272475148435,0.0,0.021366367683748506,0.029325988334413466,0.060535117056856214,0.0,0.031212277978961867,0.026910496580434207,1.2512837759180453,2,"(0, 1, 0, 0)",27654
"ordinal_enc,most_freq_imp,k_best_sel,under_samp,no_scale",0.11366147169066876,0.0,0.021076482544390047,0.027411890352438628,0.05197435032062103,0.0,0.026680526680526784,0.027411890352438517,1.25115518744551,2,"(0, 1, 0, 0)",27654
"count_enc,most_freq_imp,no_samp,k_best_sel,max_abs_scale",0.10443272475148435,0.0,0.021366367683748506,0.029325988334413466,0.060535117056856214,0.0,0.031212277978961867,0.026910496580434207,1.2512837759180453,2,"(0, 1, 0, 0)",27654
"ordinal_enc,median_imp,no_sel,over_samp,max_abs_scale",0.10144197747882311,0.0,0.021366367683748506,0.026910496580434096,0.05107223476297973,0.0,0.026205298972057367,0.026910496580434207,1.2206314519735397,2,"(0, 1, 0, 0)",27654
"onehot_enc,most_freq_imp,no_sel,under_samp,quant_scale",0.1011222194565019,0.0,0.018451752590645673,0.02687789248843009,0.051013513513513464,0.0,0.026174380308545686,0.026877892488429977,1.219972901839634,3,"(0, 1, 0, 0)",27654
"ordinal_enc,most_freq_imp,no_sel,over_samp,max_abs_scale",0.10548637300516472,0.0,0.021366367683748506,0.026910496580434096,0.05107223476297973,0.0,0.026205298972057367,0.026910496580434207,1.2308662109387696,3,"(0, 1, 0, 0)",27654
"ordinal_enc,median_imp,k_best_sel,no_samp,quant_scale",0.10443272475148435,0.0,0.021366367683748506,0.029325988334413466,0.060535117056856214,0.0,0.031212277978961867,0.026910496580434207,1.2512837759180453,3,"(0, 1, 0, 0)",27654
"onehot_enc,most_freq_imp,no_sel,no_samp,quant_scale",0.10443272475148435,0.0,0.021366367683748506,0.029325988334413466,0.060535117056856214,0.0,0.031212277978961867,0.026910496580434207,1.2512837759180453,3,"(0, 1, 0, 0)",27654
"onehot_enc,most_freq_imp,no_samp,no_sel,quant_scale",0.10443272475148435,0.0,0.021366367683748506,0.029325988334413466,0.060535117056856214,0.0,0.031212277978961867,0.026910496580434207,1.2512837759180453,3,"(0, 1, 0, 0)",27654
"onehot_enc,mean_imp,no_sel,under_samp,quant_scale",0.09626651287498672,0.0,0.0209717619228822,0.0275898896404414,0.0522941970310391,0.0,0.02684912523817773,0.02758988964044151,1.2077622546920903,3,"(0, 1, 0, 0)",27654
"ordinal_enc,most_freq_imp,k_best_sel,no_samp,no_scale",0.10443272475148435,0.0,0.021366367683748506,0.029325988334413466,0.060535117056856214,0.0,0.031212277978961867,0.026910496580434207,1.2512837759180453,3,"(0, 1, 0, 0)",27654
"ordinal_enc,most_freq_imp,k_best_sel,under_samp,no_scale",0.09914277345230965,0.0,0.01768137056522326,0.02580989676041301,0.04908598510494244,0.0,0.025160506680548367,0.025809896760412898,1.2155925512876236,3,"(0, 1, 0, 0)",27654
"count_enc,most_freq_imp,no_samp,k_best_sel,max_abs_scale",0.10443272475148435,0.0,0.021366367683748506,0.029325988334413466,0.060535117056856214,0.0,0.031212277978961867,0.026910496580434207,1.2512837759180453,3,"(0, 1, 0, 0)",27654
"ordinal_enc,median_imp,no_sel,max_abs_scale,over_samp",0.10650123449940357,0.0,0.021366367683748506,0.026910496580434096,0.05107223476297973,0.0,0.026205298972057367,0.026910496580434207,1.2334556643730865,3,"(0, 1, 0, 0)",27654
"onehot_enc,most_freq_imp,under_samp,no_sel,quant_scale",0.10244493469679561,0.0,0.020698235560247323,0.026165895336418665,0.049729364005412724,0.0,0.025498699045967133,0.026165895336418665,1.2236240125441626,4,"(0, 1, 0, 0)",27654
"onehot_enc,most_freq_imp,no_sel,no_samp,quant_scale",0.10443272475148435,0.0,0.021366367683748506,0.029325988334413466,0.060535117056856214,0.0,0.031212277978961867,0.026910496580434207,1.2512837759180453,4,"(0, 1, 0, 0)",27654
"onehot_enc,most_freq_imp,no_sel,under_samp,quant_scale",0.1033372383181776,0.0,0.016681447854973996,0.02705589177643286,0.051334008780817286,0.0,0.026343154246100564,0.027055891776432972,1.2253441503025853,4,"(0, 1, 0, 0)",27654
"onehot_enc,mean_imp,no_sel,no_samp,quant_scale",0.10443272475148435,0.0,0.021366367683748506,0.029325988334413466,0.060535117056856214,0.0,0.031212277978961867,0.026910496580434207,1.2512837759180453,4,"(0, 1, 0, 0)",27654
"ordinal_enc,most_freq_imp,no_sel,over_samp,quant_scale",0.10278745179669879,0.0,0.021366367683748506,0.026910496580434096,0.05107223476297973,0.0,0.026205298972057367,0.026910496580434207,1.2240214040597917,4,"(0, 1, 0, 0)",27654
"onehot_enc,most_freq_imp,no_sel,no_samp,max_abs_scale",0.10443272475148435,0.0,0.021366367683748506,0.029325988334413466,0.060535117056856214,0.0,0.031212277978961867,0.026910496580434207,1.2512837759180453,4,"(0, 1, 0, 0)",27654
"ordinal_enc,most_freq_imp,no_sel,over_samp,max_abs_scale",0.10650123449940357,0.0,0.021366367683748506,0.026910496580434096,0.05107223476297973,0.0,0.026205298972057367,0.026910496580434207,1.2334556643730865,4,"(0, 1, 0, 0)",27654
"onehot_enc,most_freq_imp,no_samp,no_sel,quant_scale",0.10443272475148435,0.0,0.021366367683748506,0.029325988334413466,0.060535117056856214,0.0,0.031212277978961867,0.026910496580434207,1.2512837759180453,4,"(0, 1, 0, 0)",27654
"onehot_enc,mean_imp,no_sel,under_samp,quant_scale",0.10625752950644723,0.0,0.023283037802769746,0.02634389462442155,0.05005072708826508,0.0,0.025667707249392935,0.026343894624421438,1.2330770606670969,4,"(0, 1, 0, 0)",27654
"ordinal_enc,most_freq_imp,k_best_sel,under_samp,no_scale",0.10813322553312293,0.0,0.025036882057884707,0.02865788536845848,0.05420875420875426,0.0,0.02785949126146403,0.02865788536845859,1.2365959963510198,4,"(0, 1, 0, 0)",27654
"onehot_enc,most_freq_imp,no_sel,no_samp,quant_scale",0.10443272475148435,0.0,0.021366367683748506,0.029325988334413466,0.060535117056856214,0.0,0.031212277978961867,0.026910496580434207,1.2512837759180453,5,"(0, 1, 0, 0)",27654
"onehot_enc,mean_imp,no_sel,under_samp,quant_scale",0.10790420224698771,0.0,0.017854430718220224,0.026699893200427205,0.0506928016221696,0.0,0.026005547850207922,0.026699893200427205,1.2369417159939615,5,"(0, 1, 0, 0)",27654
"ordinal_enc,most_freq_imp,no_sel,over_samp,quant_scale",0.10043459964249851,0.0,0.021366367683748506,0.026910496580434096,0.05107223476297973,0.0,0.026205298972057367,0.026910496580434207,1.2181029723409071,5,"(0, 1, 0, 0)",27654
"onehot_enc,most_freq_imp,no_sel,under_samp,quant_scale",0.10154756585189101,0.0,0.02262565762849049,0.02687789248843009,0.051013513513513464,0.0,0.026174380308545686,0.026877892488429977,1.221077513156721,5,"(0, 1, 0, 0)",27654
"onehot_enc,mean_imp,no_sel,no_samp,quant_scale",0.10443272475148435,0.0,0.021366367683748506,0.029325988334413466,0.060535117056856214,0.0,0.031212277978961867,0.026910496580434207,1.2512837759180453,5,"(0, 1, 0, 0)",27654
"onehot_enc,most_freq_imp,under_samp,no_sel,quant_scale",0.11044840299619002,0.0,0.024804493438859772,0.02705589177643286,0.051334008780817286,0.0,0.026343154246100564,0.027055891776432972,1.2432677209510992,5,"(0, 1, 0, 0)",27654
"ordinal_enc,most_freq_imp,k_best_sel,under_samp,no_scale",0.10196135381250959,0.0,0.02524730332417155,0.02634389462442155,0.05005072708826508,0.0,0.025667707249392935,0.026343894624421438,1.222396541765265,5,"(0, 1, 0, 0)",27654
"ordinal_enc,most_freq_imp,no_sel,over_samp,max_abs_scale",0.10616277866129653,0.0,0.021366367683748506,0.026910496580434096,0.05107223476297973,0.0,0.026205298972057367,0.026910496580434207,1.2325911265050304,5,"(0, 1, 0, 0)",27654
"onehot_enc,most_freq_imp,no_sel,no_samp,max_abs_scale",0.10443272475148435,0.0,0.021366367683748506,0.029325988334413466,0.060535117056856214,0.0,0.031212277978961867,0.026910496580434207,1.2512837759180453,5,"(0, 1, 0, 0)",27654
"onehot_enc,most_freq_imp,under_samp,quant_scale,no_sel",0.10168510865976799,0.0,0.023497779826596517,0.026699893200427205,0.0506928016221696,0.0,0.026005547850207922,0.026699893200427205,1.2215156480653115,5,"(0, 1, 0, 0)",27654
"onehot_enc,most_freq_imp,no_sel,over_samp,max_abs_scale",0.09909371743484596,0.0,0.021366367683748506,0.026910496580434096,0.05107223476297973,0.0,0.026205298972057367,0.026910496580434207,1.2147501074893812,6,"(0, 1, 0, 0)",27654
"ordinal_enc,most_freq_imp,no_sel,under_samp,quant_scale",0.10440825357627959,0.0,0.02105577239443889,0.026165895336418665,0.049729364005412724,0.0,0.025498699045967133,0.026165895336418665,1.2285138975841952,6,"(0, 1, 0, 0)",27654
"onehot_enc,most_freq_imp,no_sel,no_samp,quant_scale",0.10443272475148435,0.0,0.021366367683748506,0.029325988334413466,0.060535117056856214,0.0,0.031212277978961867,0.026910496580434207,1.2512837759180453,6,"(0, 1, 0, 0)",27654
"onehot_enc,most_freq_imp,no_sel,no_samp,max_abs_scale",0.10443272475148435,0.0,0.021366367683748506,0.029325988334413466,0.060535117056856214,0.0,0.031212277978961867,0.026910496580434207,1.2512837759180453,6,"(0, 1, 0, 0)",27654
"ordinal_enc,most_freq_imp,no_sel,over_samp,quant_scale",0.10177809860440423,0.0,0.021366367683748506,0.026910496580434096,0.05107223476297973,0.0,0.026205298972057367,0.026910496580434207,1.2214769341879572,6,"(0, 1, 0, 0)",27654
"ordinal_enc,most_freq_imp,k_best_sel,under_samp,no_scale",0.1027076611987095,0.0,0.020112613412642803,0.02687789248843009,0.051013513513513464,0.0,0.026174380308545686,0.026877892488429977,1.2239169334216669,6,"(0, 1, 0, 0)",27654
"onehot_enc,most_freq_imp,under_samp,no_sel,quant_scale",0.10794526213218214,0.0,0.023061519551586633,0.026165895336418665,0.049729364005412724,0.0,0.025498699045967133,0.026165895336418665,1.2374045278411143,6,"(0, 1, 0, 0)",27654
"onehot_enc,median_imp,no_sel,under_samp,quant_scale",0.0986008366131591,0.0,0.014409498286097285,0.02705589177643286,0.051334008780817286,0.0,0.026343154246100564,0.027055891776432972,1.213635145995178,6,"(0, 1, 0, 0)",27654
"onehot_enc,mean_imp,no_sel,no_samp,quant_scale",0.10443272475148435,0.0,0.021366367683748506,0.029325988334413466,0.060535117056856214,0.0,0.031212277978961867,0.026910496580434207,1.2512837759180453,6,"(0, 1, 0, 0)",27654
"onehot_enc,mean_imp,no_sel,under_samp,quant_scale",0.09981636010713468,0.0,0.01892510005717553,0.0275898896404414,0.0522941970310391,0.0,0.02684912523817773,0.02758988964044151,1.2164221079742252,6,"(0, 1, 0, 0)",27654
"onehot_enc,most_freq_imp,under_samp,no_sel,quant_scale",0.10196135381250959,0.0,0.02524730332417155,0.02634389462442155,0.05005072708826508,0.0,0.025667707249392935,0.026343894624421438,1.222396541765265,7,"(0, 1, 0, 0)",27654
"ordinal_enc,most_freq_imp,no_sel,over_samp,quant_scale",0.102450835457288,0.0,0.021366367683748506,0.026910496580434096,0.05107223476297973,0.0,0.026205298972057367,0.026910496580434207,1.2231719061926734,7,"(0, 1, 0, 0)",27654
"ordinal_enc,most_freq_imp,no_sel,no_samp,quant_scale",0.10443272475148435,0.0,0.021366367683748506,0.029325988334413466,0.060535117056856214,0.0,0.031212277978961867,0.026910496580434207,1.2512837759180453,7,"(0, 1, 0, 0)",27654
"onehot_enc,most_freq_imp,no_sel,under_samp,max_abs_scale",0.10689152135241398,0.0,0.02120278349210708,0.02652189391242432,0.05037187288708589,0.0,0.025836656840645067,0.02652189391242432,1.23454347690969,7,"(0, 1, 0, 0)",27654
"onehot_enc,mean_imp,no_sel,no_samp,quant_scale",0.10443272475148435,0.0,0.021366367683748506,0.029325988334413466,0.060535117056856214,0.0,0.031212277978961867,0.026910496580434207,1.2512837759180453,7,"(0, 1, 0, 0)",27654
"onehot_enc,most_freq_imp,no_sel,over_samp,max_abs_scale",0.1031242338202612,0.0,0.021366367683748506,0.026910496580434096,0.05107223476297973,0.0,0.026205298972057367,0.026910496580434207,1.2248722485802046,7,"(0, 1, 0, 0)",27654
"ordinal_enc,most_freq_imp,k_best_sel,under_samp,no_scale",0.10862696763961932,0.0,0.02303460172392549,0.027945888216447168,0.052933243425488885,0.0,0.02718614718614709,0.027945888216447057,1.238177468838427,7,"(0, 1, 0, 0)",27654
"onehot_enc,most_freq_imp,no_sel,no_samp,max_abs_scale",0.10443272475148435,0.0,0.021366367683748506,0.029325988334413466,0.060535117056856214,0.0,0.031212277978961867,0.026910496580434207,1.2512837759180453,7,"(0, 1, 0, 0)",27654
"ordinal_enc,most_freq_imp,no_sel,under_samp,quant_scale",0.1057618445898052,0.0,0.025294370193585457,0.02705589177643286,0.051334008780817286,0.0,0.026343154246100564,0.027055891776432972,1.231499564808971,7,"(0, 1, 0, 0)",27654
"onehot_enc,mean_imp,no_sel,under_samp,quant_scale",0.10219882254874862,0.0,0.02190303096942081,0.02705589177643286,0.051334008780817286,0.0,0.026343154246100564,0.027055891776432972,1.2225925799790085,7,"(0, 1, 0, 0)",27654
"onehot_enc,most_freq_imp,no_sel,under_samp,max_abs_scale",0.10397121445224539,0.0,0.030115592254940635,0.027411890352438628,0.05197435032062103,0.0,0.026680526680526784,0.027411890352438517,1.226923220380075,8,"(0, 1, 0, 0)",27654
"onehot_enc,most_freq_imp,over_samp,no_sel,quant_scale",0.10921499470792762,0.0,0.021366367683748506,0.026910496580434096,0.05107223476297973,0.0,0.026205298972057367,0.026910496580434207,1.240422451693307,8,"(0, 1, 0, 0)",27654
"ordinal_enc,mean_imp,k_best_sel,under_samp,no_scale",0.09874861969650395,0.0,0.017609705067263753,0.02580989676041301,0.04908598510494244,0.0,0.025160506680548367,0.025809896760412898,1.2146212774906675,8,"(0, 1, 0, 0)",27654
"onehot_enc,most_freq_imp,no_sel,no_samp,quant_scale",0.10443272475148435,0.0,0.021366367683748506,0.029325988334413466,0.060535117056856214,0.0,0.031212277978961867,0.026910496580434207,1.2512837759180453,8,"(0, 1, 0, 0)",27654
"ordinal_enc,most_freq_imp,no_sel,no_samp,quant_scale",0.10443272475148435,0.0,0.021366367683748506,0.029325988334413466,0.060535117056856214,0.0,0.031212277978961867,0.026910496580434207,1.2512837759180453,8,"(0, 1, 0, 0)",27654
"ordinal_enc,most_freq_imp,no_sel,under_samp,quant_scale",0.10888494970747115,0.0,0.02451317812502011,0.02705589177643286,0.051334008780817286,0.0,0.026343154246100564,0.027055891776432972,1.2393200457112126,8,"(0, 1, 0, 0)",27654
"onehot_enc,mean_imp,no_sel,no_samp,quant_scale",0.10443272475148435,0.0,0.021366367683748506,0.029325988334413466,0.060535117056856214,0.0,0.031212277978961867,0.026910496580434207,1.2512837759180453,8,"(0, 1, 0, 0)",27654
"ordinal_enc,most_freq_imp,no_sel,over_samp,quant_scale",0.1031242338202612,0.0,0.021366367683748506,0.026910496580434096,0.05107223476297973,0.0,0.026205298972057367,0.026910496580434207,1.2248722485802046,8,"(0, 1, 0, 0)",27654
"onehot_enc,most_freq_imp,under_samp,no_sel,quant_scale",0.09797333102373912,0.0,0.01922293041837634,0.02687789248843009,0.051013513513513464,0.0,0.026174380308545686,0.026877892488429977,1.2122378394925342,8,"(0, 1, 0, 0)",27654
"onehot_enc,most_freq_imp,no_samp,no_sel,quant_scale",0.10443272475148435,0.0,0.021366367683748506,0.029325988334413466,0.060535117056856214,0.0,0.031212277978961867,0.026910496580434207,1.2512837759180453,8,"(0, 1, 0, 0)",27654
"onehot_enc,most_freq_imp,no_sel,no_samp,quant_scale",0.10443272475148435,0.0,0.021366367683748506,0.029325988334413466,0.060535117056856214,0.0,0.031212277978961867,0.026910496580434207,1.2512837759180453,9,"(0, 1, 0, 0)",27654
"onehot_enc,most_freq_imp,under_samp,no_sel,quant_scale",0.10370060497487682,0.0,0.028758051347183157,0.028835884656461364,0.05452709525412314,0.0,0.02802768166089964,0.028835884656461364,1.225524811050687,9,"(0, 1, 0, 0)",27654
"onehot_enc,most_freq_imp,no_sel,over_samp,max_abs_scale",0.10582449160035368,0.0,0.021366367683748506,0.026910496580434096,0.05107223476297973,0.0,0.026205298972057367,0.026910496580434207,1.2317279767666989,9,"(0, 1, 0, 0)",27654
"onehot_enc,most_freq_imp,over_samp,no_sel,quant_scale",0.10819605627991374,0.0,0.021366367683748506,0.026910496580434096,0.05107223476297973,0.0,0.026205298972057367,0.026910496580434207,1.237799324474859,9,"(0, 1, 0, 0)",27654
"ordinal_enc,most_freq_imp,no_sel,no_samp,quant_scale",0.10443272475148435,0.0,0.021366367683748506,0.029325988334413466,0.060535117056856214,0.0,0.031212277978961867,0.026910496580434207,1.2512837759180453,9,"(0, 1, 0, 0)",27654
"onehot_enc,mean_imp,no_sel,no_samp,quant_scale",0.10443272475148435,0.0,0.021366367683748506,0.029325988334413466,0.060535117056856214,0.0,0.031212277978961867,0.026910496580434207,1.2512837759180453,9,"(0, 1, 0, 0)",27654
"onehot_enc,most_freq_imp,no_sel,under_samp,max_abs_scale",0.10833358676425764,0.0,0.020871877890841814,0.027233891064435745,0.05165428764348412,0.0,0.026511869693294,0.027233891064435745,1.237784101052344,9,"(0, 1, 0, 0)",27654
"ordinal_enc,most_freq_imp,no_sel,over_samp,quant_scale",0.10582449160035368,0.0,0.021366367683748506,0.026910496580434096,0.05107223476297973,0.0,0.026205298972057367,0.026910496580434207,1.2317279767666989,9,"(0, 1, 0, 0)",27654
"ordinal_enc,mean_imp,k_best_sel,under_samp,no_scale",0.10834717073462902,0.0,0.023358443713934654,0.026699893200427205,0.0506928016221696,0.0,0.026005547850207922,0.026699893200427205,1.2381380523438201,9,"(0, 1, 0, 0)",27654
"ordinal_enc,most_freq_imp,no_sel,under_samp,quant_scale",0.09889730116270806,0.0,0.019265993615081883,0.027767888928444284,0.05261382799325465,0.0,0.02701766539660544,0.027767888928444284,1.2140875908810236,9,"(0, 1, 0, 0)",27654
"onehot_enc,most_freq_imp,over_samp,no_sel,quant_scale",0.10582449160035368,0.0,0.021366367683748506,0.026910496580434096,0.05107223476297973,0.0,0.026205298972057367,0.026910496580434207,1.2317279767666989,10,"(0, 1, 0, 0)",27654
"onehot_enc,most_freq_imp,under_samp,no_sel,quant_scale",0.10194972317480838,0.0,0.023098913664951405,0.027945888216447168,0.052933243425488885,0.0,0.02718614718614709,0.027945888216447057,1.2215581743822048,10,"(0, 1, 0, 0)",27654
"onehot_enc,most_freq_imp,no_sel,over_samp,max_abs_scale",0.10379829614912617,0.0,0.021366367683748506,0.026910496580434096,0.05107223476297973,0.0,0.026205298972057367,0.026910496580434207,1.2265779939039636,10,"(0, 1, 0, 0)",27654
"ordinal_enc,most_freq_imp,no_sel,no_samp,quant_scale",0.10443272475148435,0.0,0.021366367683748506,0.029325988334413466,0.060535117056856214,0.0,0.031212277978961867,0.026910496580434207,1.2512837759180453,10,"(0, 1, 0, 0)",27654
"ordinal_enc,mean_imp,k_best_sel,over_samp,no_scale",0.10514842256479134,0.0,0.021366367683748506,0.026910496580434096,0.05107223476297973,0.0,0.026205298972057367,0.026910496580434207,1.2300058248180556,10,"(0, 1, 0, 0)",27654
"onehot_enc,mean_imp,no_sel,no_samp,quant_scale",0.10443272475148435,0.0,0.021366367683748506,0.029325988334413466,0.060535117056856214,0.0,0.031212277978961867,0.026910496580434207,1.2512837759180453,10,"(0, 1, 0, 0)",27654
"ordinal_enc,most_freq_imp,no_sel,under_samp,quant_scale",0.10569766345834242,0.0,0.02054513595114263,0.025453898184407242,0.04844173441734423,0.0,0.024822079500086858,0.025453898184407242,1.2320939423563835,10,"(0, 1, 0, 0)",27654
"onehot_enc,most_freq_imp,no_sel,no_samp,quant_scale",0.10443272475148435,0.0,0.021366367683748506,0.029325988334413466,0.060535117056856214,0.0,0.031212277978961867,0.026910496580434207,1.2512837759180453,10,"(0, 1, 0, 0)",27654
"onehot_enc,most_freq_imp,no_sel,under_samp,max_abs_scale",0.09981244948373802,0.0,0.019500064235505717,0.025453898184407242,0.04844173441734423,0.0,0.024822079500086858,0.025453898184407242,1.2174361587826505,10,"(0, 1, 0, 0)",27654
"onehot_enc,most_freq_imp,no_samp,no_sel,quant_scale",0.10443272475148435,0.0,0.021366367683748506,0.029325988334413466,0.060535117056856214,0.0,0.031212277978961867,0.026910496580434207,1.2512837759180453,10,"(0, 1, 0, 0)",27654
"onehot_enc,most_freq_imp,under_samp,no_sel,quant_scale",0.10520794575827225,0.0,0.020493598635979063,0.027767888928444284,0.05261382799325465,0.0,0.02701766539660544,0.027767888928444284,1.2296878539307903,11,"(0, 1, 0, 0)",27654
"onehot_enc,most_freq_imp,no_sel,over_samp,max_abs_scale",0.102450835457288,0.0,0.021366367683748506,0.026910496580434096,0.05107223476297973,0.0,0.026205298972057367,0.026910496580434207,1.2231719061926734,11,"(0, 1, 0, 0)",27654
"ordinal_enc,mean_imp,no_sel,no_samp,quant_scale",0.10443272475148435,0.0,0.021366367683748506,0.029325988334413466,0.060535117056856214,0.0,0.031212277978961867,0.026910496580434207,1.2512837759180453,11,"(0, 1, 0, 0)",27654
"ordinal_enc,most_freq_imp,k_best_sel,over_samp,no_scale",0.10346118183518072,0.0,0.021366367683748506,0.026910496580434096,0.05107223476297973,0.0,0.026205298972057367,0.026910496580434207,1.2257244438307933,11,"(0, 1, 0, 0)",27654
"ordinal_enc,most_freq_imp,no_sel,no_samp,quant_scale",0.10443272475148435,0.0,0.021366367683748506,0.029325988334413466,0.060535117056856214,0.0,0.031212277978961867,0.026910496580434207,1.2512837759180453,11,"(0, 1, 0, 0)",27654
"onehot_enc,mean_imp,k_best_sel,no_samp,quant_scale",0.10443272475148435,0.0,0.021366367683748506,0.029325988334413466,0.060535117056856214,0.0,0.031212277978961867,0.026910496580434207,1.2512837759180453,11,"(0, 1, 0, 0)",27654
"onehot_enc,most_freq_imp,over_samp,no_sel,quant_scale",0.10887517738477026,0.0,0.021366367683748506,0.026910496580434096,0.05107223476297973,0.0,0.026205298972057367,0.026910496580434207,1.2395466549295775,11,"(0, 1, 0, 0)",27654
"ordinal_enc,mean_imp,k_best_sel,over_samp,no_scale",0.1075176177979093,0.0,0.021366367683748506,0.026910496580434096,0.05107223476297973,0.0,0.026205298972057367,0.026910496580434207,1.2360576491924915,11,"(0, 1, 0, 0)",27654
"ordinal_enc,most_freq_imp,no_sel,under_samp,quant_scale",0.10008402606002542,0.0,0.019496855345911952,0.027767888928444284,0.05261382799325465,0.0,0.02701766539660544,0.027767888928444284,1.217002462033373,11,"(0, 1, 0, 0)",27654
"onehot_enc,most_freq_imp,no_sel,no_samp,quant_scale",0.10443272475148435,0.0,0.021366367683748506,0.029325988334413466,0.060535117056856214,0.0,0.031212277978961867,0.026910496580434207,1.2512837759180453,11,"(0, 1, 0, 0)",27654
"onehot_enc,most_freq_imp,over_samp,no_sel,quant_scale",0.10278745179669879,0.0,0.021366367683748506,0.026910496580434096,0.05107223476297973,0.0,0.026205298972057367,0.026910496580434207,1.2240214040597917,12,"(0, 1, 0, 0)",27654
"onehot_enc,most_freq_imp,no_sel,over_samp,max_abs_scale",0.10177809860440423,0.0,0.021366367683748506,0.026910496580434096,0.05107223476297973,0.0,0.026205298972057367,0.026910496580434207,1.2214769341879572,12,"(0, 1, 0, 0)",27654
"ordinal_enc,mean_imp,k_best_sel,over_samp,quant_scale",0.10379829614912617,0.0,0.021366367683748506,0.026910496580434096,0.05107223476297973,0.0,0.026205298972057367,0.026910496580434207,1.2265779939039636,12,"(0, 1, 0, 0)",27654
"onehot_enc,most_freq_imp,under_samp,no_sel,no_scale",0.10587989433532535,0.0,0.02250137481848099,0.027945888216447168,0.052933243425488885,0.0,0.02718614718614709,0.027945888216447057,1.231299330877862,12,"(0, 1, 0, 0)",27654
"ordinal_enc,most_freq_imp,no_sel,over_samp,quant_scale",0.10650123449940357,0.0,0.021366367683748506,0.026910496580434096,0.05107223476297973,0.0,0.026205298972057367,0.026910496580434207,1.2334556643730865,12,"(0, 1, 0, 0)",27654
"ordinal_enc,mean_imp,k_best_sel,no_samp,no_scale",0.10443272475148435,0.0,0.021366367683748506,0.029325988334413466,0.060535117056856214,0.0,0.031212277978961867,0.026910496580434207,1.2512837759180453,12,"(0, 1, 0, 0)",27654
"ordinal_enc,most_freq_imp,k_best_sel,over_samp,no_scale",0.10548637300516472,0.0,0.021366367683748506,0.026910496580434096,0.05107223476297973,0.0,0.026205298972057367,0.026910496580434207,1.2308662109387696,12,"(0, 1, 0, 0)",27654
"ordinal_enc,mean_imp,no_sel,no_samp,quant_scale",0.10443272475148435,0.0,0.021366367683748506,0.029325988334413466,0.060535117056856214,0.0,0.031212277978961867,0.026910496580434207,1.2512837759180453,12,"(0, 1, 0, 0)",27654
"onehot_enc,most_freq_imp,under_samp,no_sel,quant_scale",0.1060576524543918,0.0,0.029570889687851154,0.026165895336418665,0.049729364005412724,0.0,0.025498699045967133,0.026165895336418665,1.2327582279389508,12,"(0, 1, 0, 0)",27654
"onehot_enc,most_freq_imp,no_sel,no_samp,quant_scale",0.10443272475148435,0.0,0.021366367683748506,0.029325988334413466,0.060535117056856214,0.0,0.031212277978961867,0.026910496580434207,1.2512837759180453,12,"(0, 1, 0, 0)",27654
"ordinal_enc,mean_imp,k_best_sel,over_samp,no_scale",0.10819605627991374,0.0,0.021366367683748506,0.026910496580434096,0.05107223476297973,0.0,0.026205298972057367,0.026910496580434207,1.237799324474859,13,"(0, 1, 0, 0)",27654
"ordinal_enc,mean_imp,k_best_sel,no_samp,quant_scale",0.10443272475148435,0.0,0.021366367683748506,0.029325988334413466,0.060535117056856214,0.0,0.031212277978961867,0.026910496580434207,1.2512837759180453,13,"(0, 1, 0, 0)",27654
"ordinal_enc,most_freq_imp,no_sel,over_samp,quant_scale",0.10447302490708815,0.0,0.021366367683748506,0.026910496580434096,0.05107223476297973,0.0,0.026205298972057367,0.026910496580434207,1.2282891749657296,13,"(0, 1, 0, 0)",27654
"onehot_enc,most_freq_imp,under_samp,no_sel,quant_scale",0.10640796375774914,0.0,0.02551646025466444,0.026165895336418665,0.049729364005412724,0.0,0.025498699045967133,0.026165895336418665,1.2335784570292054,13,"(0, 1, 0, 0)",27654
"ordinal_enc,mean_imp,no_sel,no_samp,quant_scale",0.10443272475148435,0.0,0.021366367683748506,0.029325988334413466,0.060535117056856214,0.0,0.031212277978961867,0.026910496580434207,1.2512837759180453,13,"(0, 1, 0, 0)",27654
"ordinal_enc,mean_imp,k_best_sel,no_samp,no_scale",0.10443272475148435,0.0,0.021366367683748506,0.029325988334413466,0.060535117056856214,0.0,0.031212277978961867,0.026910496580434207,1.2512837759180453,13,"(0, 1, 0, 0)",27654
"onehot_enc,most_freq_imp,no_sel,over_samp,max_abs_scale",0.10413557707022958,0.0,0.021366367683748506,0.026910496580434096,0.05107223476297973,0.0,0.026205298972057367,0.026910496580434207,1.2274329029077171,13,"(0, 1, 0, 0)",27654
"onehot_enc,most_freq_imp,over_samp,no_sel,quant_scale",0.09875890347674426,0.0,0.021366367683748506,0.026910496580434096,0.05107223476297973,0.0,0.026205298972057367,0.026910496580434207,1.2139151581000067,13,"(0, 1, 0, 0)",27654
"onehot_enc,most_freq_imp,under_samp,no_sel,no_scale",0.10480578047925665,0.0,0.020198553862810296,0.027233891064435745,0.05165428764348412,0.0,0.026511869693294,0.027233891064435745,1.2289528814621824,13,"(0, 1, 0, 0)",27654
"ordinal_enc,most_freq_imp,k_best_sel,over_samp,norm_scale",0.6984019806437092,0.16476069462092333,0.7079883603269752,0.3425512934879572,0.37941243452516515,0.18971156705322634,0.2971369615682228,0.3425512934879572,-1.0,13,"(0, 1, 0, 0)",27654
"onehot_enc,mean_imp,under_samp,no_sel,quant_scale",0.10139017229680192,0.0,0.019024818493224467,0.02705589177643286,0.051334008780817286,0.0,0.026343154246100564,0.027055891776432972,1.220555784258095,14,"(0, 1, 0, 0)",27654
"ordinal_enc,most_freq_imp,k_best_sel,over_samp,no_scale",0.1031242338202612,0.0,0.021366367683748506,0.026910496580434096,0.05107223476297973,0.0,0.026205298972057367,0.026910496580434207,1.2248722485802046,14,"(0, 1, 0, 0)",27654
"ordinal_enc,mean_imp,k_best_sel,over_samp,quant_scale",0.1000991345290192,0.0,0.021366367683748506,0.026910496580434096,0.05107223476297973,0.0,0.026205298972057367,0.026910496580434207,1.2172627881825093,14,"(0, 1, 0, 0)",27654
"ordinal_enc,mean_imp,no_sel,no_samp,no_scale",0.10443272475148435,0.0,0.021366367683748506,0.029325988334413466,0.060535117056856214,0.0,0.031212277978961867,0.026910496580434207,1.2512837759180453,14,"(0, 1, 0, 0)",27654
"ordinal_enc,mean_imp,k_best_sel,over_samp,no_scale",0.11023547755024365,0.0,0.021366367683748506,0.026910496580434096,0.05107223476297973,0.0,0.026205298972057367,0.026910496580434207,1.2430584205985273,14,"(0, 1, 0, 0)",27654
"ordinal_enc,mean_imp,k_best_sel,no_samp,quant_scale",0.10443272475148435,0.0,0.021366367683748506,0.029325988334413466,0.060535117056856214,0.0,0.031212277978961867,0.026910496580434207,1.2512837759180453,14,"(0, 1, 0, 0)",27654
"ordinal_enc,mean_imp,k_best_sel,no_samp,no_scale",0.10443272475148435,0.0,0.021366367683748506,0.029325988334413466,0.060535117056856214,0.0,0.031212277978961867,0.026910496580434207,1.2512837759180453,14,"(0, 1, 0, 0)",27654
"onehot_enc,most_freq_imp,under_samp,no_sel,quant_scale",0.11057597270935349,0.0,0.02096079570701028,0.028479886080455707,0.05389019872010781,0.0,0.027691242644513614,0.028479886080455707,1.2427587446837531,14,"(0, 1, 0, 0)",27654
"onehot_enc,most_freq_imp,no_sel,over_samp,max_abs_scale",0.1031242338202612,0.0,0.021366367683748506,0.026910496580434096,0.05107223476297973,0.0,0.026205298972057367,0.026910496580434207,1.2248722485802046,14,"(0, 1, 0, 0)",27654
"ordinal_enc,most_freq_imp,no_sel,over_samp,quant_scale",0.10785675186824689,0.0,0.021366367683748506,0.026910496580434096,0.05107223476297973,0.0,0.026205298972057367,0.026910496580434207,1.236927782098116,14,"(0, 1, 0, 0)",27654
"ordinal_enc,most_freq_imp,k_best_sel,over_samp,quant_scale",0.1011060208131751,0.0,0.021366367683748506,0.026910496580434096,0.05107223476297973,0.0,0.026205298972057367,0.026910496580434207,1.2197873002586308,15,"(0, 1, 0, 0)",27654
"onehot_enc,most_freq_imp,under_samp,no_sel,no_scale",0.10650007218005147,0.0,0.021130334486735868,0.02652189391242432,0.05037187288708589,0.0,0.025836656840645067,0.02652189391242432,1.233561429971743,15,"(0, 1, 0, 0)",27654
"ordinal_enc,mean_imp,k_best_sel,over_samp,quant_scale",0.102450835457288,0.0,0.021366367683748506,0.026910496580434096,0.05107223476297973,0.0,0.026205298972057367,0.026910496580434207,1.2231719061926734,15,"(0, 1, 0, 0)",27654
"ordinal_enc,mean_imp,k_best_sel,no_samp,quant_scale",0.10443272475148435,0.0,0.021366367683748506,0.029325988334413466,0.060535117056856214,0.0,0.031212277978961867,0.026910496580434207,1.2512837759180453,15,"(0, 1, 0, 0)",27654
"ordinal_enc,most_freq_imp,no_sel,over_samp,quant_scale",0.1085355313471737,0.0,0.021366367683748506,0.026910496580434096,0.05107223476297973,0.0,0.026205298972057367,0.026910496580434207,1.2386722806405166,15,"(0, 1, 0, 0)",27654
"ordinal_enc,mean_imp,k_best_sel,over_samp,no_scale",0.1068398594265576,0.0,0.021366367683748506,0.026910496580434096,0.05107223476297973,0.0,0.026205298972057367,0.026910496580434207,1.2343215946064017,15,"(0, 1, 0, 0)",27654
"onehot_enc,mean_imp,under_samp,no_sel,quant_scale",0.10359558657589873,0.0,0.015902470427295402,0.027233891064435745,0.05165428764348412,0.0,0.026511869693294,0.027233891064435745,1.2258860088902068,15,"(0, 1, 0, 0)",27654
"ordinal_enc,mean_imp,k_best_sel,no_samp,no_scale",0.10443272475148435,0.0,0.021366367683748506,0.029325988334413466,0.060535117056856214,0.0,0.031212277978961867,0.026910496580434207,1.2512837759180453,15,"(0, 1, 0, 0)",27654
"ordinal_enc,most_freq_imp,k_best_sel,over_samp,no_scale",0.1031242338202612,0.0,0.021366367683748506,0.026910496580434096,0.05107223476297973,0.0,0.026205298972057367,0.026910496580434207,1.2248722485802046,15,"(0, 1, 0, 0)",27654
"ordinal_enc,mean_imp,no_sel,no_samp,no_scale",0.10443272475148435,0.0,0.021366367683748506,0.029325988334413466,0.060535117056856214,0.0,0.031212277978961867,0.026910496580434207,1.2512837759180453,15,"(0, 1, 0, 0)",27654
"ordinal_enc,mean_imp,k_best_sel,no_samp,quant_scale",0.10443272475148435,0.0,0.021366367683748506,0.029325988334413466,0.060535117056856214,0.0,0.031212277978961867,0.026910496580434207,1.2512837759180453,16,"(0, 1, 0, 0)",27654
"ordinal_enc,most_freq_imp,no_sel,over_samp,quant_scale",0.10413557707022958,0.0,0.021366367683748506,0.026910496580434096,0.05107223476297973,0.0,0.026205298972057367,0.026910496580434207,1.2274329029077171,16,"(0, 1, 0, 0)",27654
"ordinal_enc,mean_imp,under_samp,no_sel,quant_scale",0.1005509571496696,0.0,0.014154657338866339,0.025453898184407242,0.04844173441734423,0.0,0.024822079500086858,0.025453898184407242,1.2191941280425325,16,"(0, 1, 0, 0)",27654
"onehot_enc,mean_imp,k_best_sel,no_samp,no_scale",0.10443272475148435,0.0,0.021366367683748506,0.029325988334413466,0.060535117056856214,0.0,0.031212277978961867,0.026910496580434207,1.2512837759180453,16,"(0, 1, 0, 0)",27654
"onehot_enc,mean_imp,under_samp,no_sel,no_scale",0.10126387279273463,0.0,0.019522650347683565,0.027233891064435745,0.05165428764348412,0.0,0.026511869693294,0.027233891064435745,1.2201642447685177,16,"(0, 1, 0, 0)",27654
"ordinal_enc,most_freq_imp,no_sel,no_samp,no_scale",0.10443272475148435,0.0,0.021366367683748506,0.029325988334413466,0.060535117056856214,0.0,0.031212277978961867,0.026910496580434207,1.2512837759180453,16,"(0, 1, 0, 0)",27654
"ordinal_enc,most_freq_imp,k_best_sel,over_samp,no_scale",0.1011060208131751,0.0,0.021366367683748506,0.026910496580434096,0.05107223476297973,0.0,0.026205298972057367,0.026910496580434207,1.2197873002586308,16,"(0, 1, 0, 0)",27654
"ordinal_enc,mean_imp,no_sel,no_samp,no_scale",0.10443272475148435,0.0,0.021366367683748506,0.029325988334413466,0.060535117056856214,0.0,0.031212277978961867,0.026910496580434207,1.2512837759180453,16,"(0, 1, 0, 0)",27654
"ordinal_enc,most_freq_imp,k_best_sel,over_samp,quant_scale",0.1109166616737774,0.0,0.021366367683748506,0.026910496580434096,0.05107223476297973,0.0,0.026205298972057367,0.026910496580434207,1.2448229261109802,16,"(0, 1, 0, 0)",27654
"onehot_enc,most_freq_imp,under_samp,no_sel,no_scale",0.10654694819926397,0.0,0.025439501951549953,0.02705589177643286,0.051334008780817286,0.0,0.026343154246100564,0.027055891776432972,1.2334649815119445,16,"(0, 1, 0, 0)",27654
"ordinal_enc,most_freq_imp,no_sel,no_samp,no_scale",0.10443272475148435,0.0,0.021366367683748506,0.029325988334413466,0.060535117056856214,0.0,0.031212277978961867,0.026910496580434207,1.2512837759180453,17,"(0, 1, 0, 0)",27654
"ordinal_enc,most_freq_imp,k_best_sel,over_samp,no_scale",0.10413557707022958,0.0,0.021366367683748506,0.026910496580434096,0.05107223476297973,0.0,0.026205298972057367,0.026910496580434207,1.2274329029077171,17,"(0, 1, 0, 0)",27654
"ordinal_enc,mean_imp,k_best_sel,no_samp,no_scale",0.10443272475148435,0.0,0.021366367683748506,0.029325988334413466,0.060535117056856214,0.0,0.031212277978961867,0.026910496580434207,1.2512837759180453,17,"(0, 1, 0, 0)",27654
"onehot_enc,mean_imp,no_sel,no_samp,no_scale",0.10443272475148435,0.0,0.021366367683748506,0.029325988334413466,0.060535117056856214,0.0,0.031212277978961867,0.026910496580434207,1.2512837759180453,17,"(0, 1, 0, 0)",27654
"onehot_enc,mean_imp,no_samp,no_sel,no_scale",0.10443272475148435,0.0,0.021366367683748506,0.029325988334413466,0.060535117056856214,0.0,0.031212277978961867,0.026910496580434207,1.2512837759180453,17,"(0, 1, 0, 0)",27654
"ordinal_enc,most_freq_imp,no_sel,under_samp,no_scale",0.10314780097554316,0.0,0.024891245036740513,0.028479886080455707,0.05389019872010781,0.0,0.027691242644513614,0.028479886080455707,1.2242809575484386,17,"(0, 1, 0, 0)",27654
"ordinal_enc,most_freq_imp,no_sel,over_samp,quant_scale",0.10346118183518072,0.0,0.021366367683748506,0.026910496580434096,0.05107223476297973,0.0,0.026205298972057367,0.026910496580434207,1.2257244438307933,17,"(0, 1, 0, 0)",27654
"ordinal_enc,mean_imp,k_best_sel,no_samp,quant_scale",0.10443272475148435,0.0,0.021366367683748506,0.029325988334413466,0.060535117056856214,0.0,0.031212277978961867,0.026910496580434207,1.2512837759180453,17,"(0, 1, 0, 0)",27654
"ordinal_enc,mean_imp,no_sel,no_samp,no_scale",0.10443272475148435,0.0,0.021366367683748506,0.029325988334413466,0.060535117056856214,0.0,0.031212277978961867,0.026910496580434207,1.2512837759180453,17,"(0, 1, 0, 0)",27654
"onehot_enc,most_freq_imp,under_samp,no_sel,no_scale",0.10838128690727528,0.0,0.025167243367935403,0.027767888928444284,0.05261382799325465,0.0,0.02701766539660544,0.027767888928444284,1.237687053483354,17,"(0, 1, 0, 0)",27654
"ordinal_enc,mean_imp,k_best_sel,over_samp,no_scale",0.10819605627991374,0.0,0.021366367683748506,0.026910496580434096,0.05107223476297973,0.0,0.026205298972057367,0.026910496580434207,1.237799324474859,18,"(0, 1, 0, 0)",27654
"onehot_enc,most_freq_imp,no_sel,no_samp,no_scale",0.10443272475148435,0.0,0.021366367683748506,0.029325988334413466,0.060535117056856214,0.0,0.031212277978961867,0.026910496580434207,1.2512837759180453,18,"(0, 1, 0, 0)",27654
"ordinal_enc,mean_imp,no_sel,no_samp,no_scale",0.10443272475148435,0.0,0.021366367683748506,0.029325988334413466,0.060535117056856214,0.0,0.031212277978961867,0.026910496580434207,1.2512837759180453,18,"(0, 1, 0, 0)",27654
"ordinal_enc,most_freq_imp,no_sel,no_samp,no_scale",0.10443272475148435,0.0,0.021366367683748506,0.029325988334413466,0.060535117056856214,0.0,0.031212277978961867,0.026910496580434207,1.2512837759180453,18,"(0, 1, 0, 0)",27654
"onehot_enc,mean_imp,k_best_sel,no_samp,no_scale",0.10443272475148435,0.0,0.021366367683748506,0.029325988334413466,0.060535117056856214,0.0,0.031212277978961867,0.026910496580434207,1.2512837759180453,18,"(0, 1, 0, 0)",27654
"ordinal_enc,mean_imp,no_samp,no_sel,no_scale",0.10443272475148435,0.0,0.021366367683748506,0.029325988334413466,0.060535117056856214,0.0,0.031212277978961867,0.026910496580434207,1.2512837759180453,18,"(0, 1, 0, 0)",27654
"ordinal_enc,mean_imp,k_best_sel,no_samp,no_scale",0.10443272475148435,0.0,0.021366367683748506,0.029325988334413466,0.060535117056856214,0.0,0.031212277978961867,0.026910496580434207,1.2512837759180453,18,"(0, 1, 0, 0)",27654
"ordinal_enc,most_freq_imp,no_sel,under_samp,no_scale",0.1060850697395107,0.0,0.019471681357081112,0.02598789604841578,0.049407783417935724,0.0,0.025329632199861174,0.02598789604841578,1.2327739449313195,18,"(0, 1, 0, 0)",27654
"ordinal_enc,most_freq_imp,k_best_sel,over_samp,no_scale",0.09742126496738135,0.0,0.021366367683748506,0.026910496580434096,0.05107223476297973,0.0,0.026205298972057367,0.026910496580434207,1.2105883109455589,18,"(0, 1, 0, 0)",27654
"ordinal_enc,mean_imp,k_best_sel,no_samp,quant_scale",0.10443272475148435,0.0,0.021366367683748506,0.029325988334413466,0.060535117056856214,0.0,0.031212277978961867,0.026910496580434207,1.2512837759180453,18,"(0, 1, 0, 0)",27654
"ordinal_enc,mean_imp,k_best_sel,no_samp,no_scale",0.10443272475148435,0.0,0.021366367683748506,0.029325988334413466,0.060535117056856214,0.0,0.031212277978961867,0.026910496580434207,1.2512837759180453,19,"(0, 1, 0, 0)",27654
"ordinal_enc,most_freq_imp,no_sel,no_samp,no_scale",0.10443272475148435,0.0,0.021366367683748506,0.029325988334413466,0.060535117056856214,0.0,0.031212277978961867,0.026910496580434207,1.2512837759180453,19,"(0, 1, 0, 0)",27654
"onehot_enc,most_freq_imp,no_sel,under_samp,no_scale",0.10190902901619536,0.0,0.019552103755089735,0.02580989676041301,0.04908598510494244,0.0,0.025160506680548367,0.025809896760412898,1.2224541999126672,19,"(0, 1, 0, 0)",27654
"ordinal_enc,mean_imp,no_sel,no_samp,no_scale",0.10443272475148435,0.0,0.021366367683748506,0.029325988334413466,0.060535117056856214,0.0,0.031212277978961867,0.026910496580434207,1.2512837759180453,19,"(0, 1, 0, 0)",27654
"onehot_enc,most_freq_imp,no_sel,no_samp,no_scale",0.10443272475148435,0.0,0.021366367683748506,0.029325988334413466,0.060535117056856214,0.0,0.031212277978961867,0.026910496580434207,1.2512837759180453,19,"(0, 1, 0, 0)",27654
"onehot_enc,mean_imp,k_best_sel,no_samp,no_scale",0.10443272475148435,0.0,0.021366367683748506,0.029325988334413466,0.060535117056856214,0.0,0.031212277978961867,0.026910496580434207,1.2512837759180453,19,"(0, 1, 0, 0)",27654
"ordinal_enc,mean_imp,no_samp,no_sel,no_scale",0.10443272475148435,0.0,0.021366367683748506,0.029325988334413466,0.060535117056856214,0.0,0.031212277978961867,0.026910496580434207,1.2512837759180453,19,"(0, 1, 0, 0)",27654
"onehot_enc,mean_imp,k_best_sel,over_samp,norm_scale",0.694732102656461,0.17033898305084746,0.7121257265666976,0.34359203092476953,0.37963386727688786,0.19387451680047574,0.29884908832277246,0.34359203092476953,-1.0,19,"(0, 1, 0, 0)",27654
"ordinal_enc,mean_imp,k_best_sel,over_samp,no_scale",0.10717865375511565,0.0,0.021366367683748506,0.026910496580434096,0.05107223476297973,0.0,0.026205298972057367,0.026910496580434207,1.235188921456804,19,"(0, 1, 0, 0)",27654
"ordinal_enc,most_freq_imp,no_sel,under_samp,no_scale",0.10796460528300683,0.0,0.025576994131243612,0.025631897472410126,0.048763968845242145,0.0,0.024991322457480036,0.025631897472410126,1.2377732121000173,19,"(0, 1, 0, 0)",27654
"ordinal_enc,mean_imp,no_sel,no_samp,no_scale",0.10443272475148435,0.0,0.021366367683748506,0.029325988334413466,0.060535117056856214,0.0,0.031212277978961867,0.026910496580434207,1.2512837759180453,20,"(0, 1, 0, 0)",27654
"ordinal_enc,most_freq_imp,no_sel,no_samp,no_scale",0.10443272475148435,0.0,0.021366367683748506,0.029325988334413466,0.060535117056856214,0.0,0.031212277978961867,0.026910496580434207,1.2512837759180453,20,"(0, 1, 0, 0)",27654
"onehot_enc,most_freq_imp,no_sel,under_samp,no_scale",0.1003241573103984,0.0,0.01789616205127542,0.02580989676041301,0.04908598510494244,0.0,0.025160506680548367,0.025809896760412898,1.2185094940725902,20,"(0, 1, 0, 0)",27654
"onehot_enc,most_freq_imp,k_best_sel,no_samp,no_scale",0.10443272475148435,0.0,0.021366367683748506,0.029325988334413466,0.060535117056856214,0.0,0.031212277978961867,0.026910496580434207,1.2512837759180453,20,"(0, 1, 0, 0)",27654
"onehot_enc,mean_imp,no_sel,no_samp,no_scale",0.10443272475148435,0.0,0.021366367683748506,0.029325988334413466,0.060535117056856214,0.0,0.031212277978961867,0.026910496580434207,1.2512837759180453,20,"(0, 1, 0, 0)",27654
"onehot_enc,mean_imp,k_best_sel,no_samp,no_scale",0.10443272475148435,0.0,0.021366367683748506,0.029325988334413466,0.060535117056856214,0.0,0.031212277978961867,0.026910496580434207,1.2512837759180453,20,"(0, 1, 0, 0)",27654
"onehot_enc,most_freq_imp,no_sel,no_samp,no_scale",0.10443272475148435,0.0,0.021366367683748506,0.029325988334413466,0.060535117056856214,0.0,0.031212277978961867,0.026910496580434207,1.2512837759180453,20,"(0, 1, 0, 0)",27654
"ordinal_enc,mean_imp,k_best_sel,no_samp,no_scale",0.10443272475148435,0.0,0.021366367683748506,0.029325988334413466,0.060535117056856214,0.0,0.031212277978961867,0.026910496580434207,1.2512837759180453,20,"(0, 1, 0, 0)",27654
"onehot_enc,mean_imp,k_best_sel,over_samp,norm_scale",0.6923942394239424,0.17231160033869602,0.7112164994741428,0.3418079096045198,0.3780934922089826,0.19298245614035092,0.2975281480522842,0.3418079096045198,-1.0,20,"(0, 1, 0, 0)",27654
"count_enc,most_freq_imp,no_sel,no_samp,no_scale",0.10466247529684969,0.0007132737489545795,0.022079641432703086,0.029650032404407,0.06057563587684067,0.0007119971520114232,0.03156805244091776,0.027266495156439863,1.2521250693577033,20,"(0, 1, 0, 0)",27654
"ordinal_enc,median_imp,norm_scale,no_samp,k_best_sel",0.4657163922339641,0.3105183694011072,0.5626797526864098,0.280946208684381,0.28763334650335837,0.3581345674617301,0.3247191011235955,0.2873039771593515,-1.0,0,"(0, 0, 1, 0)",27654
"target_enc,mean_imp,k_best_sel,norm_scale,under_samp",0.6952432141897339,0.1731253145445395,0.7175313122377345,0.3469206123175508,0.3825136612021858,0.19544321822712707,0.30128304220126756,0.3469206123175508,-1.0,0,"(0, 0, 1, 0)",27654
"count_enc,most_freq_imp,no_samp,k_best_sel,max_abs_scale",0.10443272475148435,0.0,0.021366367683748506,0.029325988334413466,0.060535117056856214,0.0,0.031212277978961867,0.026910496580434207,1.2512837759180453,0,"(0, 0, 1, 0)",27654
"ordinal_enc,most_freq_imp,k_best_sel,no_samp,quant_scale",0.10443272475148435,0.0,0.021366367683748506,0.029325988334413466,0.060535117056856214,0.0,0.031212277978961867,0.026910496580434207,1.2512837759180453,0,"(0, 0, 1, 0)",27654
"onehot_enc,most_freq_imp,no_sel,under_samp,quant_scale",0.09983142835990044,0.0,0.021459424536292765,0.02705589177643286,0.051334008780817286,0.0,0.026343154246100564,0.027055891776432972,1.216743840994096,0,"(0, 0, 1, 0)",27654
"onehot_enc,mean_imp,under_samp,no_sel,quant_scale",0.10206803492959265,0.0,0.022199600135444954,0.026699893200427205,0.0506928016221696,0.0,0.026005547850207922,0.026699893200427205,1.2224468863106748,0,"(0, 0, 1, 0)",27654
"loo_enc,most_freq_imp,k_best_sel,norm_scale,no_samp",0.48365691816171047,0.3069954705586311,0.5908571420283717,0.2943940375891121,0.31423220973782773,0.34816660733357063,0.33162985946340573,0.2988231193075822,-1.0,0,"(0, 0, 1, 0)",27654
"woe_enc,median_imp,max_abs_scale,no_sel,over_samp",0.10582449160035368,0.0,0.021366367683748506,0.026910496580434096,0.05107223476297973,0.0,0.026205298972057367,0.026910496580434207,1.2317279767666989,0,"(0, 0, 1, 0)",27654
"ordinal_enc,median_imp,k_best_sel,over_samp,max_abs_scale",0.10413557707022958,0.0,0.021366367683748506,0.026910496580434096,0.05107223476297973,0.0,0.026205298972057367,0.026910496580434207,1.2274329029077171,0,"(0, 0, 1, 0)",27654
"loo_enc,most_freq_imp,over_samp,max_abs_scale,k_best_sel",0.10989514447423293,0.0,0.021366367683748506,0.026910496580434096,0.05107223476297973,0.0,0.026205298972057367,0.026910496580434207,1.2421783301342058,0,"(0, 0, 1, 0)",27654
"onehot_enc,most_freq_imp,no_sel,under_samp,quant_scale",0.10336621991933032,0.0,0.019612808188983144,0.0275898896404414,0.0522941970310391,0.0,0.02684912523817773,0.02758988964044151,1.225190693395684,1,"(0, 0, 1, 0)",27654
"ordinal_enc,median_imp,k_best_sel,no_samp,max_abs_scale",0.10443272475148435,0.0,0.021366367683748506,0.029325988334413466,0.060535117056856214,0.0,0.031212277978961867,0.026910496580434207,1.2512837759180453,1,"(0, 0, 1, 0)",27654
"woe_enc,median_imp,max_abs_scale,no_sel,no_samp",0.10443272475148435,0.0,0.021366367683748506,0.029325988334413466,0.060535117056856214,0.0,0.031212277978961867,0.026910496580434207,1.2512837759180453,1,"(0, 0, 1, 0)",27654
"ordinal_enc,most_freq_imp,k_best_sel,no_samp,quant_scale",0.10443272475148435,0.0,0.021366367683748506,0.029325988334413466,0.060535117056856214,0.0,0.031212277978961867,0.026910496580434207,1.2512837759180453,1,"(0, 0, 1, 0)",27654
"loo_enc,most_freq_imp,k_best_sel,norm_scale,no_samp",0.48365691816171047,0.3069954705586311,0.5908571420283717,0.2943940375891121,0.31423220973782773,0.34816660733357063,0.33162985946340573,0.2988231193075822,-1.0,1,"(0, 0, 1, 0)",27654
"woe_enc,median_imp,no_scale,no_sel,over_samp",0.09808976135936426,0.0,0.021366367683748506,0.026910496580434096,0.05107223476297973,0.0,0.026205298972057367,0.026910496580434207,1.2122491521838517,1,"(0, 0, 1, 0)",27654
"ordinal_enc,most_freq_imp,k_best_sel,over_samp,no_scale",0.10346118183518072,0.0,0.021366367683748506,0.026910496580434096,0.05107223476297973,0.0,0.026205298972057367,0.026910496580434207,1.2257244438307933,1,"(0, 0, 1, 0)",27654
"count_enc,most_freq_imp,no_samp,k_best_sel,max_abs_scale",0.10443272475148435,0.0,0.021366367683748506,0.029325988334413466,0.060535117056856214,0.0,0.031212277978961867,0.026910496580434207,1.2512837759180453,1,"(0, 0, 1, 0)",27654
"woe_enc,median_imp,max_abs_scale,no_sel,over_samp",0.1011060208131751,0.0,0.021366367683748506,0.026910496580434096,0.05107223476297973,0.0,0.026205298972057367,0.026910496580434207,1.2197873002586308,1,"(0, 0, 1, 0)",27654
"ordinal_enc,median_imp,k_best_sel,over_samp,max_abs_scale",0.10717865375511565,0.0,0.021366367683748506,0.026910496580434096,0.05107223476297973,0.0,0.026205298972057367,0.026910496580434207,1.235188921456804,1,"(0, 0, 1, 0)",27654
"ordinal_enc,median_imp,k_best_sel,no_samp,quant_scale",0.10443272475148435,0.0,0.021366367683748506,0.029325988334413466,0.060535117056856214,0.0,0.031212277978961867,0.026910496580434207,1.2512837759180453,2,"(0, 0, 1, 0)",27654
"woe_enc,most_freq_imp,max_abs_scale,no_sel,no_samp",0.10443272475148435,0.0,0.021366367683748506,0.029325988334413466,0.060535117056856214,0.0,0.031212277978961867,0.026910496580434207,1.2512837759180453,2,"(0, 0, 1, 0)",27654
"ordinal_enc,most_freq_imp,k_best_sel,no_samp,max_abs_scale",0.10443272475148435,0.0,0.021366367683748506,0.029325988334413466,0.060535117056856214,0.0,0.031212277978961867,0.026910496580434207,1.2512837759180453,2,"(0, 0, 1, 0)",27654
"onehot_enc,median_imp,no_sel,under_samp,quant_scale",0.1034666970797743,0.0,0.018467483192080525,0.02580989676041301,0.04908598510494244,0.0,0.025160506680548367,0.025809896760412898,1.2263109721097492,2,"(0, 0, 1, 0)",27654
"woe_enc,median_imp,k_best_sel,over_samp,max_abs_scale",0.10481063996876538,0.0,0.021366367683748506,0.026910496580434096,0.05107223476297973,0.0,0.026205298972057367,0.026910496580434207,1.2291468142174262,2,"(0, 0, 1, 0)",27654
"ordinal_enc,median_imp,max_abs_scale,no_sel,over_samp",0.10413557707022958,0.0,0.021366367683748506,0.026910496580434096,0.05107223476297973,0.0,0.026205298972057367,0.026910496580434207,1.2274329029077171,2,"(0, 0, 1, 0)",27654
"ordinal_enc,median_imp,k_best_sel,over_samp,max_abs_scale",0.11159853854607105,0.0,0.021366367683748506,0.026910496580434096,0.05107223476297973,0.0,0.026205298972057367,0.026910496580434207,1.2465932273975684,2,"(0, 0, 1, 0)",27654
"ordinal_enc,median_imp,k_best_sel,no_samp,max_abs_scale",0.10443272475148435,0.0,0.021366367683748506,0.029325988334413466,0.060535117056856214,0.0,0.031212277978961867,0.026910496580434207,1.2512837759180453,2,"(0, 0, 1, 0)",27654
"count_enc,most_freq_imp,no_samp,k_best_sel,max_abs_scale",0.10443272475148435,0.0,0.021366367683748506,0.029325988334413466,0.060535117056856214,0.0,0.031212277978961867,0.026910496580434207,1.2512837759180453,2,"(0, 0, 1, 0)",27654
"onehot_enc,most_freq_imp,no_sel,under_samp,quant_scale",0.09892157330970563,0.0,0.023177990732051054,0.027233891064435745,0.05165428764348412,0.0,0.026511869693294,0.027233891064435745,1.2144445680660632,2,"(0, 0, 1, 0)",27654
"woe_enc,median_imp,k_best_sel,no_samp,max_abs_scale",0.10443272475148435,0.0,0.021366367683748506,0.029325988334413466,0.060535117056856214,0.0,0.031212277978961867,0.026910496580434207,1.2512837759180453,3,"(0, 0, 1, 0)",27654
"ordinal_enc,median_imp,k_best_sel,no_samp,quant_scale",0.10443272475148435,0.0,0.021366367683748506,0.029325988334413466,0.060535117056856214,0.0,0.031212277978961867,0.026910496580434207,1.2512837759180453,3,"(0, 0, 1, 0)",27654
"woe_enc,median_imp,k_best_sel,over_samp,max_abs_scale",0.10144197747882311,0.0,0.021366367683748506,0.026910496580434096,0.05107223476297973,0.0,0.026205298972057367,0.026910496580434207,1.2206314519735397,3,"(0, 0, 1, 0)",27654
"ordinal_enc,most_freq_imp,k_best_sel,no_samp,quant_scale",0.10443272475148435,0.0,0.021366367683748506,0.029325988334413466,0.060535117056856214,0.0,0.031212277978961867,0.026910496580434207,1.2512837759180453,3,"(0, 0, 1, 0)",27654
"ordinal_enc,median_imp,k_best_sel,no_samp,max_abs_scale",0.10443272475148435,0.0,0.021366367683748506,0.029325988334413466,0.060535117056856214,0.0,0.031212277978961867,0.026910496580434207,1.2512837759180453,3,"(0, 0, 1, 0)",27654
"ordinal_enc,most_freq_imp,k_best_sel,no_samp,max_abs_scale",0.10443272475148435,0.0,0.021366367683748506,0.029325988334413466,0.060535117056856214,0.0,0.031212277978961867,0.026910496580434207,1.2512837759180453,3,"(0, 0, 1, 0)",27654
"onehot_enc,median_imp,no_sel,under_samp,quant_scale",0.10481684613804593,0.0,0.021558205650470515,0.027233891064435745,0.05165428764348412,0.0,0.026511869693294,0.027233891064435745,1.22899939133162,3,"(0, 0, 1, 0)",27654
"ordinal_enc,median_imp,no_sel,no_samp,quant_scale",0.10443272475148435,0.0,0.021366367683748506,0.029325988334413466,0.060535117056856214,0.0,0.031212277978961867,0.026910496580434207,1.2512837759180453,3,"(0, 0, 1, 0)",27654
"count_enc,most_freq_imp,no_samp,k_best_sel,max_abs_scale",0.10443272475148435,0.0,0.021366367683748506,0.029325988334413466,0.060535117056856214,0.0,0.031212277978961867,0.026910496580434207,1.2512837759180453,3,"(0, 0, 1, 0)",27654
"woe_enc,most_freq_imp,max_abs_scale,no_sel,no_samp",0.10443272475148435,0.0,0.021366367683748506,0.029325988334413466,0.060535117056856214,0.0,0.031212277978961867,0.026910496580434207,1.2512837759180453,3,"(0, 0, 1, 0)",27654
"woe_enc,median_imp,k_best_sel,no_samp,max_abs_scale",0.10443272475148435,0.0,0.021366367683748506,0.029325988334413466,0.060535117056856214,0.0,0.031212277978961867,0.026910496580434207,1.2512837759180453,4,"(0, 0, 1, 0)",27654
"ordinal_enc,median_imp,k_best_sel,no_samp,quant_scale",0.10443272475148435,0.0,0.021366367683748506,0.029325988334413466,0.060535117056856214,0.0,0.031212277978961867,0.026910496580434207,1.2512837759180453,4,"(0, 0, 1, 0)",27654
"woe_enc,most_freq_imp,k_best_sel,no_samp,quant_scale",0.10443272475148435,0.0,0.021366367683748506,0.029325988334413466,0.060535117056856214,0.0,0.031212277978961867,0.026910496580434207,1.2512837759180453,4,"(0, 0, 1, 0)",27654
"ordinal_enc,median_imp,k_best_sel,no_samp,max_abs_scale",0.10443272475148435,0.0,0.021366367683748506,0.029325988334413466,0.060535117056856214,0.0,0.031212277978961867,0.026910496580434207,1.2512837759180453,4,"(0, 0, 1, 0)",27654
"count_enc,most_freq_imp,no_samp,k_best_sel,max_abs_scale",0.10443272475148435,0.0,0.021366367683748506,0.029325988334413466,0.060535117056856214,0.0,0.031212277978961867,0.026910496580434207,1.2512837759180453,4,"(0, 0, 1, 0)",27654
"ordinal_enc,median_imp,no_sel,no_samp,quant_scale",0.10443272475148435,0.0,0.021366367683748506,0.029325988334413466,0.060535117056856214,0.0,0.031212277978961867,0.026910496580434207,1.2512837759180453,4,"(0, 0, 1, 0)",27654
"woe_enc,median_imp,k_best_sel,over_samp,max_abs_scale",0.10785675186824689,0.0,0.021366367683748506,0.026910496580434096,0.05107223476297973,0.0,0.026205298972057367,0.026910496580434207,1.236927782098116,4,"(0, 0, 1, 0)",27654
"ordinal_enc,most_freq_imp,k_best_sel,no_samp,quant_scale",0.10443272475148435,0.0,0.021366367683748506,0.029325988334413466,0.060535117056856214,0.0,0.031212277978961867,0.026910496580434207,1.2512837759180453,4,"(0, 0, 1, 0)",27654
"woe_enc,most_freq_imp,max_abs_scale,no_sel,no_samp",0.10443272475148435,0.0,0.021366367683748506,0.029325988334413466,0.060535117056856214,0.0,0.031212277978961867,0.026910496580434207,1.2512837759180453,4,"(0, 0, 1, 0)",27654
"ordinal_enc,most_freq_imp,k_best_sel,no_samp,max_abs_scale",0.10443272475148435,0.0,0.021366367683748506,0.029325988334413466,0.060535117056856214,0.0,0.031212277978961867,0.026910496580434207,1.2512837759180453,4,"(0, 0, 1, 0)",27654
"woe_enc,median_imp,k_best_sel,no_samp,max_abs_scale",0.10443272475148435,0.0,0.021366367683748506,0.029325988334413466,0.060535117056856214,0.0,0.031212277978961867,0.026910496580434207,1.2512837759180453,5,"(0, 0, 1, 0)",27654
"count_enc,most_freq_imp,no_samp,k_best_sel,max_abs_scale",0.10443272475148435,0.0,0.021366367683748506,0.029325988334413466,0.060535117056856214,0.0,0.031212277978961867,0.026910496580434207,1.2512837759180453,5,"(0, 0, 1, 0)",27654
"ordinal_enc,median_imp,no_sel,over_samp,quant_scale",0.10379829614912617,0.0,0.021366367683748506,0.026910496580434096,0.05107223476297973,0.0,0.026205298972057367,0.026910496580434207,1.2265779939039636,5,"(0, 0, 1, 0)",27654
"count_enc,most_freq_imp,k_best_sel,no_samp,max_abs_scale",0.10443272475148435,0.0,0.021366367683748506,0.029325988334413466,0.060535117056856214,0.0,0.031212277978961867,0.026910496580434207,1.2512837759180453,5,"(0, 0, 1, 0)",27654
"woe_enc,median_imp,no_samp,k_best_sel,max_abs_scale",0.10443272475148435,0.0,0.021366367683748506,0.029325988334413466,0.060535117056856214,0.0,0.031212277978961867,0.026910496580434207,1.2512837759180453,5,"(0, 0, 1, 0)",27654
"woe_enc,most_freq_imp,max_abs_scale,no_sel,no_samp",0.10443272475148435,0.0,0.021366367683748506,0.029325988334413466,0.060535117056856214,0.0,0.031212277978961867,0.026910496580434207,1.2512837759180453,5,"(0, 0, 1, 0)",27654
"ordinal_enc,most_freq_imp,k_best_sel,no_samp,quant_scale",0.10443272475148435,0.0,0.021366367683748506,0.029325988334413466,0.060535117056856214,0.0,0.031212277978961867,0.026910496580434207,1.2512837759180453,5,"(0, 0, 1, 0)",27654
"ordinal_enc,median_imp,k_best_sel,no_samp,max_abs_scale",0.10443272475148435,0.0,0.021366367683748506,0.029325988334413466,0.060535117056856214,0.0,0.031212277978961867,0.026910496580434207,1.2512837759180453,5,"(0, 0, 1, 0)",27654
"woe_enc,most_freq_imp,k_best_sel,no_samp,quant_scale",0.10443272475148435,0.0,0.021366367683748506,0.029325988334413466,0.060535117056856214,0.0,0.031212277978961867,0.026910496580434207,1.2512837759180453,5,"(0, 0, 1, 0)",27654
"ordinal_enc,median_imp,no_sel,no_samp,quant_scale",0.10443272475148435,0.0,0.021366367683748506,0.029325988334413466,0.060535117056856214,0.0,0.031212277978961867,0.026910496580434207,1.2512837759180453,5,"(0, 0, 1, 0)",27654
"ordinal_enc,median_imp,no_sel,over_samp,quant_scale",0.10582449160035368,0.0,0.021366367683748506,0.026910496580434096,0.05107223476297973,0.0,0.026205298972057367,0.026910496580434207,1.2317279767666989,6,"(0, 0, 1, 0)",27654
"woe_enc,median_imp,k_best_sel,no_samp,max_abs_scale",0.10443272475148435,0.0,0.021366367683748506,0.029325988334413466,0.060535117056856214,0.0,0.031212277978961867,0.026910496580434207,1.2512837759180453,6,"(0, 0, 1, 0)",27654
"woe_enc,most_freq_imp,k_best_sel,no_samp,max_abs_scale",0.10443272475148435,0.0,0.021366367683748506,0.029325988334413466,0.060535117056856214,0.0,0.031212277978961867,0.026910496580434207,1.2512837759180453,6,"(0, 0, 1, 0)",27654
"count_enc,median_imp,k_best_sel,no_samp,max_abs_scale",0.10443272475148435,0.0,0.021366367683748506,0.029325988334413466,0.060535117056856214,0.0,0.031212277978961867,0.026910496580434207,1.2512837759180453,6,"(0, 0, 1, 0)",27654
"ordinal_enc,most_freq_imp,k_best_sel,no_samp,quant_scale",0.10443272475148435,0.0,0.021366367683748506,0.029325988334413466,0.060535117056856214,0.0,0.031212277978961867,0.026910496580434207,1.2512837759180453,6,"(0, 0, 1, 0)",27654
"count_enc,most_freq_imp,k_best_sel,no_samp,max_abs_scale",0.10443272475148435,0.0,0.021366367683748506,0.029325988334413466,0.060535117056856214,0.0,0.031212277978961867,0.026910496580434207,1.2512837759180453,6,"(0, 0, 1, 0)",27654
"woe_enc,median_imp,no_samp,k_best_sel,max_abs_scale",0.10443272475148435,0.0,0.021366367683748506,0.029325988334413466,0.060535117056856214,0.0,0.031212277978961867,0.026910496580434207,1.2512837759180453,6,"(0, 0, 1, 0)",27654
"count_enc,most_freq_imp,no_samp,k_best_sel,max_abs_scale",0.10443272475148435,0.0,0.021366367683748506,0.029325988334413466,0.060535117056856214,0.0,0.031212277978961867,0.026910496580434207,1.2512837759180453,6,"(0, 0, 1, 0)",27654
"ordinal_enc,median_imp,no_sel,no_samp,quant_scale",0.10443272475148435,0.0,0.021366367683748506,0.029325988334413466,0.060535117056856214,0.0,0.031212277978961867,0.026910496580434207,1.2512837759180453,6,"(0, 0, 1, 0)",27654
"ordinal_enc,median_imp,k_best_sel,no_samp,max_abs_scale",0.10443272475148435,0.0,0.021366367683748506,0.029325988334413466,0.060535117056856214,0.0,0.031212277978961867,0.026910496580434207,1.2512837759180453,6,"(0, 0, 1, 0)",27654
"count_enc,most_freq_imp,no_samp,k_best_sel,max_abs_scale",0.10443272475148435,0.0,0.021366367683748506,0.029325988334413466,0.060535117056856214,0.0,0.031212277978961867,0.026910496580434207,1.2512837759180453,7,"(0, 0, 1, 0)",27654
"count_enc,most_freq_imp,k_best_sel,no_samp,max_abs_scale",0.10443272475148435,0.0,0.021366367683748506,0.029325988334413466,0.060535117056856214,0.0,0.031212277978961867,0.026910496580434207,1.2512837759180453,7,"(0, 0, 1, 0)",27654
"ordinal_enc,most_freq_imp,k_best_sel,no_samp,max_abs_scale",0.10443272475148435,0.0,0.021366367683748506,0.029325988334413466,0.060535117056856214,0.0,0.031212277978961867,0.026910496580434207,1.2512837759180453,7,"(0, 0, 1, 0)",27654
"woe_enc,most_freq_imp,k_best_sel,no_samp,quant_scale",0.10443272475148435,0.0,0.021366367683748506,0.029325988334413466,0.060535117056856214,0.0,0.031212277978961867,0.026910496580434207,1.2512837759180453,7,"(0, 0, 1, 0)",27654
"woe_enc,median_imp,no_samp,k_best_sel,max_abs_scale",0.10443272475148435,0.0,0.021366367683748506,0.029325988334413466,0.060535117056856214,0.0,0.031212277978961867,0.026910496580434207,1.2512837759180453,7,"(0, 0, 1, 0)",27654
"ordinal_enc,most_freq_imp,k_best_sel,no_samp,quant_scale",0.10443272475148435,0.0,0.021366367683748506,0.029325988334413466,0.060535117056856214,0.0,0.031212277978961867,0.026910496580434207,1.2512837759180453,7,"(0, 0, 1, 0)",27654
"count_enc,median_imp,k_best_sel,no_samp,max_abs_scale",0.10443272475148435,0.0,0.021366367683748506,0.029325988334413466,0.060535117056856214,0.0,0.031212277978961867,0.026910496580434207,1.2512837759180453,7,"(0, 0, 1, 0)",27654
"ordinal_enc,median_imp,no_sel,over_samp,quant_scale",0.10447302490708815,0.0,0.021366367683748506,0.026910496580434096,0.05107223476297973,0.0,0.026205298972057367,0.026910496580434207,1.2282891749657296,7,"(0, 0, 1, 0)",27654
"ordinal_enc,median_imp,no_sel,no_samp,quant_scale",0.10443272475148435,0.0,0.021366367683748506,0.029325988334413466,0.060535117056856214,0.0,0.031212277978961867,0.026910496580434207,1.2512837759180453,7,"(0, 0, 1, 0)",27654
"woe_enc,most_freq_imp,k_best_sel,no_samp,max_abs_scale",0.10443272475148435,0.0,0.021366367683748506,0.029325988334413466,0.060535117056856214,0.0,0.031212277978961867,0.026910496580434207,1.2512837759180453,7,"(0, 0, 1, 0)",27654
"ordinal_enc,median_imp,over_samp,no_sel,quant_scale",0.1068398594265576,0.0,0.021366367683748506,0.026910496580434096,0.05107223476297973,0.0,0.026205298972057367,0.026910496580434207,1.2343215946064017,8,"(0, 0, 1, 0)",27654
"woe_enc,median_imp,k_best_sel,no_samp,max_abs_scale",0.10443272475148435,0.0,0.021366367683748506,0.029325988334413466,0.060535117056856214,0.0,0.031212277978961867,0.026910496580434207,1.2512837759180453,8,"(0, 0, 1, 0)",27654
"ordinal_enc,most_freq_imp,no_sel,no_samp,quant_scale",0.10443272475148435,0.0,0.021366367683748506,0.029325988334413466,0.060535117056856214,0.0,0.031212277978961867,0.026910496580434207,1.2512837759180453,8,"(0, 0, 1, 0)",27654
"count_enc,median_imp,no_samp,k_best_sel,max_abs_scale",0.10443272475148435,0.0,0.021366367683748506,0.029325988334413466,0.060535117056856214,0.0,0.031212277978961867,0.026910496580434207,1.2512837759180453,8,"(0, 0, 1, 0)",27654
"count_enc,most_freq_imp,k_best_sel,no_samp,max_abs_scale",0.10443272475148435,0.0,0.021366367683748506,0.029325988334413466,0.060535117056856214,0.0,0.031212277978961867,0.026910496580434207,1.2512837759180453,8,"(0, 0, 1, 0)",27654
"count_enc,most_freq_imp,no_samp,k_best_sel,max_abs_scale",0.10443272475148435,0.0,0.021366367683748506,0.029325988334413466,0.060535117056856214,0.0,0.031212277978961867,0.026910496580434207,1.2512837759180453,8,"(0, 0, 1, 0)",27654
"ordinal_enc,most_freq_imp,k_best_sel,no_samp,max_abs_scale",0.10443272475148435,0.0,0.021366367683748506,0.029325988334413466,0.060535117056856214,0.0,0.031212277978961867,0.026910496580434207,1.2512837759180453,8,"(0, 0, 1, 0)",27654
"woe_enc,most_freq_imp,k_best_sel,no_samp,max_abs_scale",0.10443272475148435,0.0,0.021366367683748506,0.029325988334413466,0.060535117056856214,0.0,0.031212277978961867,0.026910496580434207,1.2512837759180453,8,"(0, 0, 1, 0)",27654
"ordinal_enc,most_freq_imp,k_best_sel,no_samp,quant_scale",0.10443272475148435,0.0,0.021366367683748506,0.029325988334413466,0.060535117056856214,0.0,0.031212277978961867,0.026910496580434207,1.2512837759180453,8,"(0, 0, 1, 0)",27654
"woe_enc,most_freq_imp,k_best_sel,no_samp,quant_scale",0.10443272475148435,0.0,0.021366367683748506,0.029325988334413466,0.060535117056856214,0.0,0.031212277978961867,0.026910496580434207,1.2512837759180453,8,"(0, 0, 1, 0)",27654
"ordinal_enc,most_freq_imp,no_samp,k_best_sel,max_abs_scale",0.10443272475148435,0.0,0.021366367683748506,0.029325988334413466,0.060535117056856214,0.0,0.031212277978961867,0.026910496580434207,1.2512837759180453,9,"(0, 0, 1, 0)",27654
"count_enc,most_freq_imp,k_best_sel,no_samp,max_abs_scale",0.10443272475148435,0.0,0.021366367683748506,0.029325988334413466,0.060535117056856214,0.0,0.031212277978961867,0.026910496580434207,1.2512837759180453,9,"(0, 0, 1, 0)",27654
"count_enc,median_imp,no_samp,k_best_sel,max_abs_scale",0.10443272475148435,0.0,0.021366367683748506,0.029325988334413466,0.060535117056856214,0.0,0.031212277978961867,0.026910496580434207,1.2512837759180453,9,"(0, 0, 1, 0)",27654
"ordinal_enc,most_freq_imp,k_best_sel,no_samp,max_abs_scale",0.10443272475148435,0.0,0.021366367683748506,0.029325988334413466,0.060535117056856214,0.0,0.031212277978961867,0.026910496580434207,1.2512837759180453,9,"(0, 0, 1, 0)",27654
"ordinal_enc,most_freq_imp,no_sel,no_samp,quant_scale",0.10443272475148435,0.0,0.021366367683748506,0.029325988334413466,0.060535117056856214,0.0,0.031212277978961867,0.026910496580434207,1.2512837759180453,9,"(0, 0, 1, 0)",27654
"count_enc,most_freq_imp,no_samp,k_best_sel,max_abs_scale",0.10443272475148435,0.0,0.021366367683748506,0.029325988334413466,0.060535117056856214,0.0,0.031212277978961867,0.026910496580434207,1.2512837759180453,9,"(0, 0, 1, 0)",27654
"woe_enc,most_freq_imp,k_best_sel,no_samp,max_abs_scale",0.10443272475148435,0.0,0.021366367683748506,0.029325988334413466,0.060535117056856214,0.0,0.031212277978961867,0.026910496580434207,1.2512837759180453,9,"(0, 0, 1, 0)",27654
"ordinal_enc,median_imp,over_samp,no_sel,quant_scale",0.10481063996876538,0.0,0.021366367683748506,0.026910496580434096,0.05107223476297973,0.0,0.026205298972057367,0.026910496580434207,1.2291468142174262,9,"(0, 0, 1, 0)",27654
"woe_enc,median_imp,k_best_sel,no_samp,max_abs_scale",0.10443272475148435,0.0,0.021366367683748506,0.029325988334413466,0.060535117056856214,0.0,0.031212277978961867,0.026910496580434207,1.2512837759180453,9,"(0, 0, 1, 0)",27654
"woe_enc,most_freq_imp,k_best_sel,no_samp,quant_scale",0.10443272475148435,0.0,0.021366367683748506,0.029325988334413466,0.060535117056856214,0.0,0.031212277978961867,0.026910496580434207,1.2512837759180453,9,"(0, 0, 1, 0)",27654
"count_enc,most_freq_imp,no_samp,k_best_sel,max_abs_scale",0.10443272475148435,0.0,0.021366367683748506,0.029325988334413466,0.060535117056856214,0.0,0.031212277978961867,0.026910496580434207,1.2512837759180453,10,"(0, 0, 1, 0)",27654
"ordinal_enc,median_imp,no_samp,k_best_sel,max_abs_scale",0.10443272475148435,0.0,0.021366367683748506,0.029325988334413466,0.060535117056856214,0.0,0.031212277978961867,0.026910496580434207,1.2512837759180453,10,"(0, 0, 1, 0)",27654
"count_enc,median_imp,no_samp,k_best_sel,quant_scale",0.10443272475148435,0.0,0.021366367683748506,0.029325988334413466,0.060535117056856214,0.0,0.031212277978961867,0.026910496580434207,1.2512837759180453,10,"(0, 0, 1, 0)",27654
"ordinal_enc,median_imp,over_samp,no_sel,max_abs_scale",0.10278745179669879,0.0,0.021366367683748506,0.026910496580434096,0.05107223476297973,0.0,0.026205298972057367,0.026910496580434207,1.2240214040597917,10,"(0, 0, 1, 0)",27654
"count_enc,most_freq_imp,k_best_sel,no_samp,max_abs_scale",0.10443272475148435,0.0,0.021366367683748506,0.029325988334413466,0.060535117056856214,0.0,0.031212277978961867,0.026910496580434207,1.2512837759180453,10,"(0, 0, 1, 0)",27654
"ordinal_enc,most_freq_imp,k_best_sel,no_samp,max_abs_scale",0.10443272475148435,0.0,0.021366367683748506,0.029325988334413466,0.060535117056856214,0.0,0.031212277978961867,0.026910496580434207,1.2512837759180453,10,"(0, 0, 1, 0)",27654
"woe_enc,most_freq_imp,k_best_sel,no_samp,no_scale",0.10443272475148435,0.0,0.021366367683748506,0.029325988334413466,0.060535117056856214,0.0,0.031212277978961867,0.026910496580434207,1.2512837759180453,10,"(0, 0, 1, 0)",27654
"ordinal_enc,most_freq_imp,no_samp,k_best_sel,max_abs_scale",0.10443272475148435,0.0,0.021366367683748506,0.029325988334413466,0.060535117056856214,0.0,0.031212277978961867,0.026910496580434207,1.2512837759180453,10,"(0, 0, 1, 0)",27654
"woe_enc,median_imp,k_best_sel,no_samp,max_abs_scale",0.10443272475148435,0.0,0.021366367683748506,0.029325988334413466,0.060535117056856214,0.0,0.031212277978961867,0.026910496580434207,1.2512837759180453,10,"(0, 0, 1, 0)",27654
"woe_enc,most_freq_imp,k_best_sel,no_samp,max_abs_scale",0.10443272475148435,0.0,0.021366367683748506,0.029325988334413466,0.060535117056856214,0.0,0.031212277978961867,0.026910496580434207,1.2512837759180453,10,"(0, 0, 1, 0)",27654
"count_enc,median_imp,no_samp,k_best_sel,max_abs_scale",0.10443272475148435,0.0,0.021366367683748506,0.029325988334413466,0.060535117056856214,0.0,0.031212277978961867,0.026910496580434207,1.2512837759180453,11,"(0, 0, 1, 0)",27654
"count_enc,most_freq_imp,no_samp,k_best_sel,quant_scale",0.10443272475148435,0.0,0.021366367683748506,0.029325988334413466,0.060535117056856214,0.0,0.031212277978961867,0.026910496580434207,1.2512837759180453,11,"(0, 0, 1, 0)",27654
"count_enc,median_imp,no_samp,k_best_sel,quant_scale",0.10443272475148435,0.0,0.021366367683748506,0.029325988334413466,0.060535117056856214,0.0,0.031212277978961867,0.026910496580434207,1.2512837759180453,11,"(0, 0, 1, 0)",27654
"ordinal_enc,most_freq_imp,no_samp,k_best_sel,max_abs_scale",0.10443272475148435,0.0,0.021366367683748506,0.029325988334413466,0.060535117056856214,0.0,0.031212277978961867,0.026910496580434207,1.2512837759180453,11,"(0, 0, 1, 0)",27654
"woe_enc,most_freq_imp,no_samp,k_best_sel,no_scale",0.10443272475148435,0.0,0.021366367683748506,0.029325988334413466,0.060535117056856214,0.0,0.031212277978961867,0.026910496580434207,1.2512837759180453,11,"(0, 0, 1, 0)",27654
"count_enc,most_freq_imp,k_best_sel,no_samp,max_abs_scale",0.10443272475148435,0.0,0.021366367683748506,0.029325988334413466,0.060535117056856214,0.0,0.031212277978961867,0.026910496580434207,1.2512837759180453,11,"(0, 0, 1, 0)",27654
"ordinal_enc,median_imp,over_samp,no_sel,max_abs_scale",0.10582449160035368,0.0,0.021366367683748506,0.026910496580434096,0.05107223476297973,0.0,0.026205298972057367,0.026910496580434207,1.2317279767666989,11,"(0, 0, 1, 0)",27654
"ordinal_enc,median_imp,no_samp,k_best_sel,max_abs_scale",0.10443272475148435,0.0,0.021366367683748506,0.029325988334413466,0.060535117056856214,0.0,0.031212277978961867,0.026910496580434207,1.2512837759180453,11,"(0, 0, 1, 0)",27654
"count_enc,most_freq_imp,no_samp,k_best_sel,max_abs_scale",0.10443272475148435,0.0,0.021366367683748506,0.029325988334413466,0.060535117056856214,0.0,0.031212277978961867,0.026910496580434207,1.2512837759180453,11,"(0, 0, 1, 0)",27654
"count_enc,most_freq_imp,no_samp,max_abs_scale,k_best_sel",0.10443272475148435,0.0,0.021366367683748506,0.029325988334413466,0.060535117056856214,0.0,0.031212277978961867,0.026910496580434207,1.2512837759180453,11,"(0, 0, 1, 0)",27654
"count_enc,median_imp,no_samp,no_sel,quant_scale",0.10443272475148435,0.0,0.021366367683748506,0.029325988334413466,0.060535117056856214,0.0,0.031212277978961867,0.026910496580434207,1.2512837759180453,12,"(0, 0, 1, 0)",27654
"ordinal_enc,median_imp,over_samp,k_best_sel,max_abs_scale",0.1075176177979093,0.0,0.021366367683748506,0.026910496580434096,0.05107223476297973,0.0,0.026205298972057367,0.026910496580434207,1.2360576491924915,12,"(0, 0, 1, 0)",27654
"count_enc,most_freq_imp,no_samp,no_sel,quant_scale",0.10443272475148435,0.0,0.021366367683748506,0.029325988334413466,0.060535117056856214,0.0,0.031212277978961867,0.026910496580434207,1.2512837759180453,12,"(0, 0, 1, 0)",27654
"count_enc,most_freq_imp,no_samp,k_best_sel,quant_scale",0.10443272475148435,0.0,0.021366367683748506,0.029325988334413466,0.060535117056856214,0.0,0.031212277978961867,0.026910496580434207,1.2512837759180453,12,"(0, 0, 1, 0)",27654
"count_enc,median_imp,no_samp,k_best_sel,max_abs_scale",0.10443272475148435,0.0,0.021366367683748506,0.029325988334413466,0.060535117056856214,0.0,0.031212277978961867,0.026910496580434207,1.2512837759180453,12,"(0, 0, 1, 0)",27654
"count_enc,median_imp,no_samp,k_best_sel,quant_scale",0.10443272475148435,0.0,0.021366367683748506,0.029325988334413466,0.060535117056856214,0.0,0.031212277978961867,0.026910496580434207,1.2512837759180453,12,"(0, 0, 1, 0)",27654
"ordinal_enc,median_imp,over_samp,no_sel,max_abs_scale",0.09775543259795227,0.0,0.021366367683748506,0.026910496580434096,0.05107223476297973,0.0,0.026205298972057367,0.026910496580434207,1.2114180879081542,12,"(0, 0, 1, 0)",27654
"ordinal_enc,median_imp,no_samp,k_best_sel,max_abs_scale",0.10443272475148435,0.0,0.021366367683748506,0.029325988334413466,0.060535117056856214,0.0,0.031212277978961867,0.026910496580434207,1.2512837759180453,12,"(0, 0, 1, 0)",27654
"ordinal_enc,most_freq_imp,no_samp,k_best_sel,max_abs_scale",0.10443272475148435,0.0,0.021366367683748506,0.029325988334413466,0.060535117056856214,0.0,0.031212277978961867,0.026910496580434207,1.2512837759180453,12,"(0, 0, 1, 0)",27654
"count_enc,most_freq_imp,no_samp,k_best_sel,max_abs_scale",0.10443272475148435,0.0,0.021366367683748506,0.029325988334413466,0.060535117056856214,0.0,0.031212277978961867,0.026910496580434207,1.2512837759180453,12,"(0, 0, 1, 0)",27654
"ordinal_enc,median_imp,no_samp,k_best_sel,max_abs_scale",0.10443272475148435,0.0,0.021366367683748506,0.029325988334413466,0.060535117056856214,0.0,0.031212277978961867,0.026910496580434207,1.2512837759180453,13,"(0, 0, 1, 0)",27654
"ordinal_enc,median_imp,over_samp,no_sel,max_abs_scale",0.10177809860440423,0.0,0.021366367683748506,0.026910496580434096,0.05107223476297973,0.0,0.026205298972057367,0.026910496580434207,1.2214769341879572,13,"(0, 0, 1, 0)",27654
"ordinal_enc,median_imp,over_samp,k_best_sel,max_abs_scale",0.10481063996876538,0.0,0.021366367683748506,0.026910496580434096,0.05107223476297973,0.0,0.026205298972057367,0.026910496580434207,1.2291468142174262,13,"(0, 0, 1, 0)",27654
"count_enc,most_freq_imp,no_samp,no_sel,quant_scale",0.10443272475148435,0.0,0.021366367683748506,0.029325988334413466,0.060535117056856214,0.0,0.031212277978961867,0.026910496580434207,1.2512837759180453,13,"(0, 0, 1, 0)",27654
"count_enc,median_imp,no_samp,k_best_sel,quant_scale",0.10443272475148435,0.0,0.021366367683748506,0.029325988334413466,0.060535117056856214,0.0,0.031212277978961867,0.026910496580434207,1.2512837759180453,13,"(0, 0, 1, 0)",27654
"count_enc,median_imp,no_samp,quant_scale,no_sel",0.10443272475148435,0.0,0.021366367683748506,0.029325988334413466,0.060535117056856214,0.0,0.031212277978961867,0.026910496580434207,1.2512837759180453,13,"(0, 0, 1, 0)",27654
"count_enc,median_imp,no_samp,no_sel,quant_scale",0.10443272475148435,0.0,0.021366367683748506,0.029325988334413466,0.060535117056856214,0.0,0.031212277978961867,0.026910496580434207,1.2512837759180453,13,"(0, 0, 1, 0)",27654
"count_enc,most_freq_imp,no_samp,k_best_sel,quant_scale",0.10443272475148435,0.0,0.021366367683748506,0.029325988334413466,0.060535117056856214,0.0,0.031212277978961867,0.026910496580434207,1.2512837759180453,13,"(0, 0, 1, 0)",27654
"count_enc,median_imp,no_samp,k_best_sel,max_abs_scale",0.10443272475148435,0.0,0.021366367683748506,0.029325988334413466,0.060535117056856214,0.0,0.031212277978961867,0.026910496580434207,1.2512837759180453,13,"(0, 0, 1, 0)",27654
"ordinal_enc,most_freq_imp,no_samp,k_best_sel,max_abs_scale",0.10443272475148435,0.0,0.021366367683748506,0.029325988334413466,0.060535117056856214,0.0,0.031212277978961867,0.026910496580434207,1.2512837759180453,13,"(0, 0, 1, 0)",27654
"ordinal_enc,median_imp,over_samp,k_best_sel,max_abs_scale",0.11125751335707929,0.0,0.021366367683748506,0.026910496580434096,0.05107223476297973,0.0,0.026205298972057367,0.026910496580434207,1.2457073500491642,14,"(0, 0, 1, 0)",27654
"ordinal_enc,median_imp,no_samp,k_best_sel,max_abs_scale",0.10443272475148435,0.0,0.021366367683748506,0.029325988334413466,0.060535117056856214,0.0,0.031212277978961867,0.026910496580434207,1.2512837759180453,14,"(0, 0, 1, 0)",27654
"count_enc,median_imp,over_samp,no_sel,max_abs_scale",0.1031242338202612,0.0,0.021366367683748506,0.026910496580434096,0.05107223476297973,0.0,0.026205298972057367,0.026910496580434207,1.2248722485802046,14,"(0, 0, 1, 0)",27654
"ordinal_enc,most_freq_imp,no_samp,no_sel,quant_scale",0.10443272475148435,0.0,0.021366367683748506,0.029325988334413466,0.060535117056856214,0.0,0.031212277978961867,0.026910496580434207,1.2512837759180453,14,"(0, 0, 1, 0)",27654
"count_enc,most_freq_imp,no_samp,k_best_sel,quant_scale",0.10443272475148435,0.0,0.021366367683748506,0.029325988334413466,0.060535117056856214,0.0,0.031212277978961867,0.026910496580434207,1.2512837759180453,14,"(0, 0, 1, 0)",27654
"count_enc,median_imp,no_samp,quant_scale,no_sel",0.10443272475148435,0.0,0.021366367683748506,0.029325988334413466,0.060535117056856214,0.0,0.031212277978961867,0.026910496580434207,1.2512837759180453,14,"(0, 0, 1, 0)",27654
"count_enc,most_freq_imp,no_samp,no_sel,quant_scale",0.10443272475148435,0.0,0.021366367683748506,0.029325988334413466,0.060535117056856214,0.0,0.031212277978961867,0.026910496580434207,1.2512837759180453,14,"(0, 0, 1, 0)",27654
"count_enc,median_imp,no_samp,no_sel,quant_scale",0.10443272475148435,0.0,0.021366367683748506,0.029325988334413466,0.060535117056856214,0.0,0.031212277978961867,0.026910496580434207,1.2512837759180453,14,"(0, 0, 1, 0)",27654
"ordinal_enc,median_imp,no_samp,no_sel,max_abs_scale",0.10443272475148435,0.0,0.021366367683748506,0.029325988334413466,0.060535117056856214,0.0,0.031212277978961867,0.026910496580434207,1.2512837759180453,14,"(0, 0, 1, 0)",27654
"count_enc,median_imp,no_samp,k_best_sel,quant_scale",0.10443272475148435,0.0,0.021366367683748506,0.029325988334413466,0.060535117056856214,0.0,0.031212277978961867,0.026910496580434207,1.2512837759180453,14,"(0, 0, 1, 0)",27654
"ordinal_enc,median_imp,no_samp,k_best_sel,max_abs_scale",0.10443272475148435,0.0,0.021366367683748506,0.029325988334413466,0.060535117056856214,0.0,0.031212277978961867,0.026910496580434207,1.2512837759180453,15,"(0, 0, 1, 0)",27654
"ordinal_enc,most_freq_imp,no_samp,no_sel,quant_scale",0.10443272475148435,0.0,0.021366367683748506,0.029325988334413466,0.060535117056856214,0.0,0.031212277978961867,0.026910496580434207,1.2512837759180453,15,"(0, 0, 1, 0)",27654
"count_enc,median_imp,over_samp,no_sel,quant_scale",0.10177809860440423,0.0,0.021366367683748506,0.026910496580434096,0.05107223476297973,0.0,0.026205298972057367,0.026910496580434207,1.2214769341879572,15,"(0, 0, 1, 0)",27654
"count_enc,median_imp,no_samp,max_abs_scale,no_sel",0.10443272475148435,0.0,0.021366367683748506,0.029325988334413466,0.060535117056856214,0.0,0.031212277978961867,0.026910496580434207,1.2512837759180453,15,"(0, 0, 1, 0)",27654
"ordinal_enc,median_imp,over_samp,k_best_sel,max_abs_scale",0.10582449160035368,0.0,0.021366367683748506,0.026910496580434096,0.05107223476297973,0.0,0.026205298972057367,0.026910496580434207,1.2317279767666989,15,"(0, 0, 1, 0)",27654
"count_enc,median_imp,no_samp,k_best_sel,quant_scale",0.10443272475148435,0.0,0.021366367683748506,0.029325988334413466,0.060535117056856214,0.0,0.031212277978961867,0.026910496580434207,1.2512837759180453,15,"(0, 0, 1, 0)",27654
"count_enc,median_imp,over_samp,no_sel,max_abs_scale",0.10785675186824689,0.0,0.021366367683748506,0.026910496580434096,0.05107223476297973,0.0,0.026205298972057367,0.026910496580434207,1.236927782098116,15,"(0, 0, 1, 0)",27654
"count_enc,most_freq_imp,no_samp,no_sel,quant_scale",0.10443272475148435,0.0,0.021366367683748506,0.029325988334413466,0.060535117056856214,0.0,0.031212277978961867,0.026910496580434207,1.2512837759180453,15,"(0, 0, 1, 0)",27654
"count_enc,median_imp,no_samp,no_sel,quant_scale",0.10443272475148435,0.0,0.021366367683748506,0.029325988334413466,0.060535117056856214,0.0,0.031212277978961867,0.026910496580434207,1.2512837759180453,15,"(0, 0, 1, 0)",27654
"count_enc,most_freq_imp,no_samp,k_best_sel,quant_scale",0.10443272475148435,0.0,0.021366367683748506,0.029325988334413466,0.060535117056856214,0.0,0.031212277978961867,0.026910496580434207,1.2512837759180453,15,"(0, 0, 1, 0)",27654
"ordinal_enc,most_freq_imp,no_samp,no_sel,quant_scale",0.10443272475148435,0.0,0.021366367683748506,0.029325988334413466,0.060535117056856214,0.0,0.031212277978961867,0.026910496580434207,1.2512837759180453,16,"(0, 0, 1, 0)",27654
"count_enc,most_freq_imp,no_samp,no_sel,quant_scale",0.10443272475148435,0.0,0.021366367683748506,0.029325988334413466,0.060535117056856214,0.0,0.031212277978961867,0.026910496580434207,1.2512837759180453,16,"(0, 0, 1, 0)",27654
"count_enc,median_imp,over_samp,no_sel,quant_scale",0.10346118183518072,0.0,0.021366367683748506,0.026910496580434096,0.05107223476297973,0.0,0.026205298972057367,0.026910496580434207,1.2257244438307933,16,"(0, 0, 1, 0)",27654
"ordinal_enc,median_imp,no_samp,no_sel,quant_scale",0.10443272475148435,0.0,0.021366367683748506,0.029325988334413466,0.060535117056856214,0.0,0.031212277978961867,0.026910496580434207,1.2512837759180453,16,"(0, 0, 1, 0)",27654
"count_enc,most_freq_imp,over_samp,no_sel,max_abs_scale",0.1000991345290192,0.0,0.021366367683748506,0.026910496580434096,0.05107223476297973,0.0,0.026205298972057367,0.026910496580434207,1.2172627881825093,16,"(0, 0, 1, 0)",27654
"count_enc,median_imp,no_samp,k_best_sel,quant_scale",0.10443272475148435,0.0,0.021366367683748506,0.029325988334413466,0.060535117056856214,0.0,0.031212277978961867,0.026910496580434207,1.2512837759180453,16,"(0, 0, 1, 0)",27654
"count_enc,median_imp,no_samp,max_abs_scale,no_sel",0.10443272475148435,0.0,0.021366367683748506,0.029325988334413466,0.060535117056856214,0.0,0.031212277978961867,0.026910496580434207,1.2512837759180453,16,"(0, 0, 1, 0)",27654
"ordinal_enc,median_imp,no_samp,k_best_sel,max_abs_scale",0.10443272475148435,0.0,0.021366367683748506,0.029325988334413466,0.060535117056856214,0.0,0.031212277978961867,0.026910496580434207,1.2512837759180453,16,"(0, 0, 1, 0)",27654
"target_enc,median_imp,no_samp,k_best_sel,quant_scale",0.10443272475148435,0.0,0.021366367683748506,0.029325988334413466,0.060535117056856214,0.0,0.031212277978961867,0.026910496580434207,1.2512837759180453,16,"(0, 0, 1, 0)",27654
"count_enc,most_freq_imp,no_samp,k_best_sel,quant_scale",0.10443272475148435,0.0,0.021366367683748506,0.029325988334413466,0.060535117056856214,0.0,0.031212277978961867,0.026910496580434207,1.2512837759180453,16,"(0, 0, 1, 0)",27654
"count_enc,most_freq_imp,no_samp,k_best_sel,quant_scale",0.10443272475148435,0.0,0.021366367683748506,0.029325988334413466,0.060535117056856214,0.0,0.031212277978961867,0.026910496580434207,1.2512837759180453,17,"(0, 0, 1, 0)",27654
"count_enc,median_imp,over_samp,no_sel,max_abs_scale",0.10785675186824689,0.0,0.021366367683748506,0.026910496580434096,0.05107223476297973,0.0,0.026205298972057367,0.026910496580434207,1.236927782098116,17,"(0, 0, 1, 0)",27654
"ordinal_enc,median_imp,no_samp,k_best_sel,max_abs_scale",0.10443272475148435,0.0,0.021366367683748506,0.029325988334413466,0.060535117056856214,0.0,0.031212277978961867,0.026910496580434207,1.2512837759180453,17,"(0, 0, 1, 0)",27654
"count_enc,median_imp,over_samp,no_sel,quant_scale",0.10346118183518072,0.0,0.021366367683748506,0.026910496580434096,0.05107223476297973,0.0,0.026205298972057367,0.026910496580434207,1.2257244438307933,17,"(0, 0, 1, 0)",27654
"count_enc,median_imp,no_samp,max_abs_scale,no_sel",0.10443272475148435,0.0,0.021366367683748506,0.029325988334413466,0.060535117056856214,0.0,0.031212277978961867,0.026910496580434207,1.2512837759180453,17,"(0, 0, 1, 0)",27654
"count_enc,most_freq_imp,no_samp,no_sel,quant_scale",0.10443272475148435,0.0,0.021366367683748506,0.029325988334413466,0.060535117056856214,0.0,0.031212277978961867,0.026910496580434207,1.2512837759180453,17,"(0, 0, 1, 0)",27654
"ordinal_enc,most_freq_imp,no_samp,no_sel,quant_scale",0.10443272475148435,0.0,0.021366367683748506,0.029325988334413466,0.060535117056856214,0.0,0.031212277978961867,0.026910496580434207,1.2512837759180453,17,"(0, 0, 1, 0)",27654
"count_enc,median_imp,no_samp,k_best_sel,quant_scale",0.10443272475148435,0.0,0.021366367683748506,0.029325988334413466,0.060535117056856214,0.0,0.031212277978961867,0.026910496580434207,1.2512837759180453,17,"(0, 0, 1, 0)",27654
"target_enc,median_imp,no_samp,k_best_sel,quant_scale",0.10443272475148435,0.0,0.021366367683748506,0.029325988334413466,0.060535117056856214,0.0,0.031212277978961867,0.026910496580434207,1.2512837759180453,17,"(0, 0, 1, 0)",27654
"count_enc,most_freq_imp,over_samp,no_sel,max_abs_scale",0.1109166616737774,0.0,0.021366367683748506,0.026910496580434096,0.05107223476297973,0.0,0.026205298972057367,0.026910496580434207,1.2448229261109802,17,"(0, 0, 1, 0)",27654
"count_enc,median_imp,no_samp,quant_scale,no_sel",0.10443272475148435,0.0,0.021366367683748506,0.029325988334413466,0.060535117056856214,0.0,0.031212277978961867,0.026910496580434207,1.2512837759180453,18,"(0, 0, 1, 0)",27654
"count_enc,median_imp,no_samp,k_best_sel,max_abs_scale",0.10443272475148435,0.0,0.021366367683748506,0.029325988334413466,0.060535117056856214,0.0,0.031212277978961867,0.026910496580434207,1.2512837759180453,18,"(0, 0, 1, 0)",27654
"count_enc,most_freq_imp,no_samp,no_sel,quant_scale",0.10443272475148435,0.0,0.021366367683748506,0.029325988334413466,0.060535117056856214,0.0,0.031212277978961867,0.026910496580434207,1.2512837759180453,18,"(0, 0, 1, 0)",27654
"ordinal_enc,median_imp,no_samp,no_sel,max_abs_scale",0.10443272475148435,0.0,0.021366367683748506,0.029325988334413466,0.060535117056856214,0.0,0.031212277978961867,0.026910496580434207,1.2512837759180453,18,"(0, 0, 1, 0)",27654
"count_enc,most_freq_imp,no_samp,k_best_sel,quant_scale",0.10443272475148435,0.0,0.021366367683748506,0.029325988334413466,0.060535117056856214,0.0,0.031212277978961867,0.026910496580434207,1.2512837759180453,18,"(0, 0, 1, 0)",27654
"count_enc,median_imp,over_samp,no_sel,max_abs_scale",0.10650123449940357,0.0,0.021366367683748506,0.026910496580434096,0.05107223476297973,0.0,0.026205298972057367,0.026910496580434207,1.2334556643730865,18,"(0, 0, 1, 0)",27654
"count_enc,median_imp,no_samp,max_abs_scale,no_sel",0.10443272475148435,0.0,0.021366367683748506,0.029325988334413466,0.060535117056856214,0.0,0.031212277978961867,0.026910496580434207,1.2512837759180453,18,"(0, 0, 1, 0)",27654
"count_enc,median_imp,over_samp,no_sel,norm_scale",0.5393939393939394,0.27602191319005476,0.6050324799527829,0.2954207552780256,0.2867327960322381,0.3157894736842105,0.30156321141296094,0.2954207552780256,-1.0,18,"(0, 0, 1, 0)",27654
"count_enc,median_imp,over_samp,no_sel,quant_scale",0.10616277866129653,0.0,0.021366367683748506,0.026910496580434096,0.05107223476297973,0.0,0.026205298972057367,0.026910496580434207,1.2325911265050304,18,"(0, 0, 1, 0)",27654
"target_enc,median_imp,no_samp,k_best_sel,quant_scale",0.10443272475148435,0.0,0.021366367683748506,0.029325988334413466,0.060535117056856214,0.0,0.031212277978961867,0.026910496580434207,1.2512837759180453,18,"(0, 0, 1, 0)",27654
"ordinal_enc,median_imp,no_samp,no_sel,max_abs_scale",0.10443272475148435,0.0,0.021366367683748506,0.029325988334413466,0.060535117056856214,0.0,0.031212277978961867,0.026910496580434207,1.2512837759180453,19,"(0, 0, 1, 0)",27654
"count_enc,median_imp,no_samp,max_abs_scale,no_sel",0.10443272475148435,0.0,0.021366367683748506,0.029325988334413466,0.060535117056856214,0.0,0.031212277978961867,0.026910496580434207,1.2512837759180453,19,"(0, 0, 1, 0)",27654
"count_enc,most_freq_imp,no_samp,quant_scale,k_best_sel",0.10443272475148435,0.0,0.021366367683748506,0.029325988334413466,0.060535117056856214,0.0,0.031212277978961867,0.026910496580434207,1.2512837759180453,19,"(0, 0, 1, 0)",27654
"count_enc,median_imp,no_samp,no_sel,quant_scale",0.10443272475148435,0.0,0.021366367683748506,0.029325988334413466,0.060535117056856214,0.0,0.031212277978961867,0.026910496580434207,1.2512837759180453,19,"(0, 0, 1, 0)",27654
"count_enc,median_imp,no_samp,max_abs_scale,k_best_sel",0.10443272475148435,0.0,0.021366367683748506,0.029325988334413466,0.060535117056856214,0.0,0.031212277978961867,0.026910496580434207,1.2512837759180453,19,"(0, 0, 1, 0)",27654
"count_enc,most_freq_imp,no_samp,no_sel,quant_scale",0.10443272475148435,0.0,0.021366367683748506,0.029325988334413466,0.060535117056856214,0.0,0.031212277978961867,0.026910496580434207,1.2512837759180453,19,"(0, 0, 1, 0)",27654
"count_enc,median_imp,over_samp,no_sel,max_abs_scale",0.09976383265856953,0.0,0.021366367683748506,0.026910496580434096,0.05107223476297973,0.0,0.026205298972057367,0.026910496580434207,1.2164239186123107,19,"(0, 0, 1, 0)",27654
"count_enc,median_imp,no_samp,quant_scale,no_sel",0.10443272475148435,0.0,0.021366367683748506,0.029325988334413466,0.060535117056856214,0.0,0.031212277978961867,0.026910496580434207,1.2512837759180453,19,"(0, 0, 1, 0)",27654
"count_enc,median_imp,over_samp,no_sel,norm_scale",0.5379775280898876,0.2749155405405405,0.6000836481293974,0.2964614927148379,0.2862940992819232,0.3202497769848349,0.303685653365824,0.2964614927148378,-1.0,19,"(0, 0, 1, 0)",27654
"count_enc,median_imp,no_samp,k_best_sel,max_abs_scale",0.10443272475148435,0.0,0.021366367683748506,0.029325988334413466,0.060535117056856214,0.0,0.031212277978961867,0.026910496580434207,1.2512837759180453,19,"(0, 0, 1, 0)",27654
"count_enc,median_imp,over_samp,max_abs_scale,k_best_sel",0.10921499470792762,0.0,0.021366367683748506,0.026910496580434096,0.05107223476297973,0.0,0.026205298972057367,0.026910496580434207,1.240422451693307,20,"(0, 0, 1, 0)",27654
"count_enc,median_imp,no_samp,no_sel,max_abs_scale",0.10443272475148435,0.0,0.021366367683748506,0.029325988334413466,0.060535117056856214,0.0,0.031212277978961867,0.026910496580434207,1.2512837759180453,20,"(0, 0, 1, 0)",27654
"count_enc,median_imp,no_samp,no_sel,quant_scale",0.10443272475148435,0.0,0.021366367683748506,0.029325988334413466,0.060535117056856214,0.0,0.031212277978961867,0.026910496580434207,1.2512837759180453,20,"(0, 0, 1, 0)",27654
"count_enc,median_imp,over_samp,no_sel,max_abs_scale",0.1031242338202612,0.0,0.021366367683748506,0.026910496580434096,0.05107223476297973,0.0,0.026205298972057367,0.026910496580434207,1.2248722485802046,20,"(0, 0, 1, 0)",27654
"count_enc,median_imp,no_samp,max_abs_scale,k_best_sel",0.10443272475148435,0.0,0.021366367683748506,0.029325988334413466,0.060535117056856214,0.0,0.031212277978961867,0.026910496580434207,1.2512837759180453,20,"(0, 0, 1, 0)",27654
"count_enc,median_imp,no_samp,max_abs_scale,no_sel",0.10443272475148435,0.0,0.021366367683748506,0.029325988334413466,0.060535117056856214,0.0,0.031212277978961867,0.026910496580434207,1.2512837759180453,20,"(0, 0, 1, 0)",27654
"ordinal_enc,median_imp,no_samp,no_sel,max_abs_scale",0.10443272475148435,0.0,0.021366367683748506,0.029325988334413466,0.060535117056856214,0.0,0.031212277978961867,0.026910496580434207,1.2512837759180453,20,"(0, 0, 1, 0)",27654
"count_enc,median_imp,no_samp,k_best_sel,max_abs_scale",0.10443272475148435,0.0,0.021366367683748506,0.029325988334413466,0.060535117056856214,0.0,0.031212277978961867,0.026910496580434207,1.2512837759180453,20,"(0, 0, 1, 0)",27654
"count_enc,most_freq_imp,no_samp,no_scale,k_best_sel",0.10466247529684969,0.0007132737489545795,0.022079641432703086,0.029650032404407,0.06057563587684067,0.0007119971520114232,0.03156805244091776,0.027266495156439863,1.2521250693577033,20,"(0, 0, 1, 0)",27654
"ordinal_enc,median_imp,no_samp,k_best_sel,max_abs_scale",0.10443272475148435,0.0,0.021366367683748506,0.029325988334413466,0.060535117056856214,0.0,0.031212277978961867,0.026910496580434207,1.2512837759180453,20,"(0, 0, 1, 0)",27654
"ordinal_enc,median_imp,norm_scale,no_samp,k_best_sel",0.4657163922339641,0.3105183694011072,0.5626797526864098,0.280946208684381,0.28763334650335837,0.3581345674617301,0.3247191011235955,0.2873039771593515,-1.0,0,"(0, 0, 0, 1)",27654
"target_enc,mean_imp,k_best_sel,norm_scale,under_samp",0.6952432141897339,0.1731253145445395,0.7175313122377345,0.3469206123175508,0.3825136612021858,0.19544321822712707,0.30128304220126756,0.3469206123175508,-1.0,0,"(0, 0, 0, 1)",27654
"count_enc,most_freq_imp,no_samp,k_best_sel,max_abs_scale",0.10443272475148435,0.0,0.021366367683748506,0.029325988334413466,0.060535117056856214,0.0,0.031212277978961867,0.026910496580434207,1.2512837759180453,0,"(0, 0, 0, 1)",27654
"ordinal_enc,most_freq_imp,k_best_sel,no_samp,quant_scale",0.10443272475148435,0.0,0.021366367683748506,0.029325988334413466,0.060535117056856214,0.0,0.031212277978961867,0.026910496580434207,1.2512837759180453,0,"(0, 0, 0, 1)",27654
"onehot_enc,most_freq_imp,no_sel,under_samp,quant_scale",0.09983142835990044,0.0,0.021459424536292765,0.02705589177643286,0.051334008780817286,0.0,0.026343154246100564,0.027055891776432972,1.216743840994096,0,"(0, 0, 0, 1)",27654
"onehot_enc,mean_imp,under_samp,no_sel,quant_scale",0.10206803492959265,0.0,0.022199600135444954,0.026699893200427205,0.0506928016221696,0.0,0.026005547850207922,0.026699893200427205,1.2224468863106748,0,"(0, 0, 0, 1)",27654
"loo_enc,most_freq_imp,k_best_sel,norm_scale,no_samp",0.48365691816171047,0.3069954705586311,0.5908571420283717,0.2943940375891121,0.31423220973782773,0.34816660733357063,0.33162985946340573,0.2988231193075822,-1.0,0,"(0, 0, 0, 1)",27654
"woe_enc,median_imp,max_abs_scale,no_sel,over_samp",0.10582449160035368,0.0,0.021366367683748506,0.026910496580434096,0.05107223476297973,0.0,0.026205298972057367,0.026910496580434207,1.2317279767666989,0,"(0, 0, 0, 1)",27654
"ordinal_enc,median_imp,k_best_sel,over_samp,max_abs_scale",0.10413557707022958,0.0,0.021366367683748506,0.026910496580434096,0.05107223476297973,0.0,0.026205298972057367,0.026910496580434207,1.2274329029077171,0,"(0, 0, 0, 1)",27654
"loo_enc,most_freq_imp,over_samp,max_abs_scale,k_best_sel",0.10989514447423293,0.0,0.021366367683748506,0.026910496580434096,0.05107223476297973,0.0,0.026205298972057367,0.026910496580434207,1.2421783301342058,0,"(0, 0, 0, 1)",27654
"count_enc,most_freq_imp,no_samp,k_best_sel,max_abs_scale",0.10443272475148435,0.0,0.021366367683748506,0.029325988334413466,0.060535117056856214,0.0,0.031212277978961867,0.026910496580434207,1.2512837759180453,1,"(0, 0, 0, 1)",27654
"loo_enc,most_freq_imp,over_samp,max_abs_scale,k_best_sel",0.10278745179669879,0.0,0.021366367683748506,0.026910496580434096,0.05107223476297973,0.0,0.026205298972057367,0.026910496580434207,1.2240214040597917,1,"(0, 0, 0, 1)",27654
"loo_enc,most_freq_imp,k_best_sel,norm_scale,no_samp",0.48365691816171047,0.3069954705586311,0.5908571420283717,0.2943940375891121,0.31423220973782773,0.34816660733357063,0.33162985946340573,0.2988231193075822,-1.0,1,"(0, 0, 0, 1)",27654
"ordinal_enc,median_imp,k_best_sel,over_samp,no_scale",0.10379829614912617,0.0,0.021366367683748506,0.026910496580434096,0.05107223476297973,0.0,0.026205298972057367,0.026910496580434207,1.2265779939039636,1,"(0, 0, 0, 1)",27654
"woe_enc,median_imp,no_scale,no_sel,over_samp",0.10514842256479134,0.0,0.021366367683748506,0.026910496580434096,0.05107223476297973,0.0,0.026205298972057367,0.026910496580434207,1.2300058248180556,1,"(0, 0, 0, 1)",27654
"onehot_enc,mean_imp,under_samp,no_sel,quant_scale",0.11113422050778793,0.0,0.027045177045177046,0.027767888928444284,0.05261382799325465,0.0,0.02701766539660544,0.027767888928444284,1.244649638201172,1,"(0, 0, 0, 1)",27654
"ordinal_enc,median_imp,k_best_sel,over_samp,max_abs_scale",0.10717865375511565,0.0,0.021366367683748506,0.026910496580434096,0.05107223476297973,0.0,0.026205298972057367,0.026910496580434207,1.235188921456804,1,"(0, 0, 0, 1)",27654
"woe_enc,median_imp,max_abs_scale,no_sel,over_samp",0.10413557707022958,0.0,0.021366367683748506,0.026910496580434096,0.05107223476297973,0.0,0.026205298972057367,0.026910496580434207,1.2274329029077171,1,"(0, 0, 0, 1)",27654
"onehot_enc,most_freq_imp,no_sel,under_samp,quant_scale",0.10259276181110333,0.0,0.02197685557850817,0.02705589177643286,0.051334008780817286,0.0,0.026343154246100564,0.027055891776432972,1.223569197703965,1,"(0, 0, 0, 1)",27654
"ordinal_enc,most_freq_imp,k_best_sel,no_samp,quant_scale",0.10443272475148435,0.0,0.021366367683748506,0.029325988334413466,0.060535117056856214,0.0,0.031212277978961867,0.026910496580434207,1.2512837759180453,1,"(0, 0, 0, 1)",27654
"ordinal_enc,median_imp,k_best_sel,over_samp,no_scale",0.10177809860440423,0.0,0.021366367683748506,0.026910496580434096,0.05107223476297973,0.0,0.026205298972057367,0.026910496580434207,1.2214769341879572,2,"(0, 0, 0, 1)",27654
"ordinal_enc,most_freq_imp,k_best_sel,no_samp,quant_scale",0.10443272475148435,0.0,0.021366367683748506,0.029325988334413466,0.060535117056856214,0.0,0.031212277978961867,0.026910496580434207,1.2512837759180453,2,"(0, 0, 0, 1)",27654
"ordinal_enc,median_imp,over_samp,max_abs_scale,k_best_sel",0.11125751335707929,0.0,0.021366367683748506,0.026910496580434096,0.05107223476297973,0.0,0.026205298972057367,0.026910496580434207,1.2457073500491642,2,"(0, 0, 0, 1)",27654
"loo_enc,most_freq_imp,k_best_sel,over_samp,max_abs_scale",0.1031242338202612,0.0,0.021366367683748506,0.026910496580434096,0.05107223476297973,0.0,0.026205298972057367,0.026910496580434207,1.2248722485802046,2,"(0, 0, 0, 1)",27654
"woe_enc,median_imp,no_scale,k_best_sel,over_samp",0.1085355313471737,0.0,0.021366367683748506,0.026910496580434096,0.05107223476297973,0.0,0.026205298972057367,0.026910496580434207,1.2386722806405166,2,"(0, 0, 0, 1)",27654
"count_enc,most_freq_imp,no_samp,no_sel,max_abs_scale",0.10443272475148435,0.0,0.021366367683748506,0.029325988334413466,0.060535117056856214,0.0,0.031212277978961867,0.026910496580434207,1.2512837759180453,2,"(0, 0, 0, 1)",27654
"onehot_enc,mean_imp,under_samp,no_sel,quant_scale",0.10756287433374101,0.0,0.022078800705921206,0.027233891064435745,0.05165428764348412,0.0,0.026511869693294,0.027233891064435745,1.23586824290967,2,"(0, 0, 0, 1)",27654
"woe_enc,median_imp,max_abs_scale,no_sel,over_samp",0.0984242515520139,0.0,0.021366367683748506,0.026910496580434096,0.05107223476297973,0.0,0.026205298972057367,0.026910496580434207,1.2130815076254027,2,"(0, 0, 0, 1)",27654
"woe_enc,median_imp,no_scale,no_sel,over_samp",0.10177809860440423,0.0,0.021366367683748506,0.026910496580434096,0.05107223476297973,0.0,0.026205298972057367,0.026910496580434207,1.2214769341879572,2,"(0, 0, 0, 1)",27654
"loo_enc,most_freq_imp,over_samp,max_abs_scale,k_best_sel",0.10043459964249851,0.0,0.021366367683748506,0.026910496580434096,0.05107223476297973,0.0,0.026205298972057367,0.026910496580434207,1.2181029723409071,2,"(0, 0, 0, 1)",27654
"ordinal_enc,median_imp,k_best_sel,over_samp,no_scale",0.09408838508767897,0.0,0.021366367683748506,0.026910496580434096,0.05107223476297973,0.0,0.026205298972057367,0.026910496580434207,1.2023605061295868,3,"(0, 0, 0, 1)",27654
"ordinal_enc,median_imp,over_samp,max_abs_scale,k_best_sel",0.11193973755986514,0.0,0.021366367683748506,0.026910496580434096,0.05107223476297973,0.0,0.026205298972057367,0.026910496580434207,1.2474805626446674,3,"(0, 0, 0, 1)",27654
"loo_enc,most_freq_imp,over_samp,max_abs_scale,k_best_sel",0.1085355313471737,0.0,0.021366367683748506,0.026910496580434096,0.05107223476297973,0.0,0.026205298972057367,0.026910496580434207,1.2386722806405166,3,"(0, 0, 0, 1)",27654
"woe_enc,median_imp,max_abs_scale,no_sel,over_samp",0.1011060208131751,0.0,0.021366367683748506,0.026910496580434096,0.05107223476297973,0.0,0.026205298972057367,0.026910496580434207,1.2197873002586308,3,"(0, 0, 0, 1)",27654
"woe_enc,median_imp,no_scale,no_sel,over_samp",0.1068398594265576,0.0,0.021366367683748506,0.026910496580434096,0.05107223476297973,0.0,0.026205298972057367,0.026910496580434207,1.2343215946064017,3,"(0, 0, 0, 1)",27654
"woe_enc,median_imp,no_scale,k_best_sel,over_samp",0.10514842256479134,0.0,0.021366367683748506,0.026910496580434096,0.05107223476297973,0.0,0.026205298972057367,0.026910496580434207,1.2300058248180556,3,"(0, 0, 0, 1)",27654
"ordinal_enc,most_freq_imp,k_best_sel,no_samp,quant_scale",0.10443272475148435,0.0,0.021366367683748506,0.029325988334413466,0.060535117056856214,0.0,0.031212277978961867,0.026910496580434207,1.2512837759180453,3,"(0, 0, 0, 1)",27654
"loo_enc,most_freq_imp,k_best_sel,over_samp,max_abs_scale",0.10379829614912617,0.0,0.021366367683748506,0.026910496580434096,0.05107223476297973,0.0,0.026205298972057367,0.026910496580434207,1.2265779939039636,3,"(0, 0, 0, 1)",27654
"onehot_enc,mean_imp,under_samp,no_sel,quant_scale",0.10156099545361447,0.0,0.024191841301521057,0.027411890352438628,0.05197435032062103,0.0,0.026680526680526784,0.027411890352438517,1.2208716556219232,3,"(0, 0, 0, 1)",27654
"ordinal_enc,median_imp,over_samp,no_scale,k_best_sel",0.10514842256479134,0.0,0.021366367683748506,0.026910496580434096,0.05107223476297973,0.0,0.026205298972057367,0.026910496580434207,1.2300058248180556,3,"(0, 0, 0, 1)",27654
"ordinal_enc,median_imp,over_samp,no_scale,k_best_sel",0.10514842256479134,0.0,0.021366367683748506,0.026910496580434096,0.05107223476297973,0.0,0.026205298972057367,0.026910496580434207,1.2300058248180556,4,"(0, 0, 0, 1)",27654
"woe_enc,median_imp,max_abs_scale,no_sel,over_samp",0.10717865375511565,0.0,0.021366367683748506,0.026910496580434096,0.05107223476297973,0.0,0.026205298972057367,0.026910496580434207,1.235188921456804,4,"(0, 0, 0, 1)",27654
"loo_enc,median_imp,over_samp,max_abs_scale,k_best_sel",0.10447302490708815,0.0,0.021366367683748506,0.026910496580434096,0.05107223476297973,0.0,0.026205298972057367,0.026910496580434207,1.2282891749657296,4,"(0, 0, 0, 1)",27654
"ordinal_enc,most_freq_imp,k_best_sel,over_samp,no_scale",0.102450835457288,0.0,0.021366367683748506,0.026910496580434096,0.05107223476297973,0.0,0.026205298972057367,0.026910496580434207,1.2231719061926734,4,"(0, 0, 0, 1)",27654
"ordinal_enc,median_imp,no_scale,no_sel,over_samp",0.11023547755024365,0.0,0.021366367683748506,0.026910496580434096,0.05107223476297973,0.0,0.026205298972057367,0.026910496580434207,1.2430584205985273,4,"(0, 0, 0, 1)",27654
"woe_enc,median_imp,over_samp,max_abs_scale,k_best_sel",0.10413557707022958,0.0,0.021366367683748506,0.026910496580434096,0.05107223476297973,0.0,0.026205298972057367,0.026910496580434207,1.2274329029077171,4,"(0, 0, 0, 1)",27654
"woe_enc,median_imp,no_scale,no_sel,over_samp",0.10278745179669879,0.0,0.021366367683748506,0.026910496580434096,0.05107223476297973,0.0,0.026205298972057367,0.026910496580434207,1.2240214040597917,4,"(0, 0, 0, 1)",27654
"ordinal_enc,median_imp,k_best_sel,over_samp,no_scale",0.10177809860440423,0.0,0.021366367683748506,0.026910496580434096,0.05107223476297973,0.0,0.026205298972057367,0.026910496580434207,1.2214769341879572,4,"(0, 0, 0, 1)",27654
"ordinal_enc,median_imp,over_samp,max_abs_scale,k_best_sel",0.1075176177979093,0.0,0.021366367683748506,0.026910496580434096,0.05107223476297973,0.0,0.026205298972057367,0.026910496580434207,1.2360576491924915,4,"(0, 0, 0, 1)",27654
"loo_enc,most_freq_imp,over_samp,max_abs_scale,k_best_sel",0.10650123449940357,0.0,0.021366367683748506,0.026910496580434096,0.05107223476297973,0.0,0.026205298972057367,0.026910496580434207,1.2334556643730865,4,"(0, 0, 0, 1)",27654
"loo_enc,median_imp,k_best_sel,over_samp,max_abs_scale",0.11228111071806518,0.0,0.021366367683748506,0.026910496580434096,0.05107223476297973,0.0,0.026205298972057367,0.026910496580434207,1.2483693602964696,5,"(0, 0, 0, 1)",27654
"ordinal_enc,most_freq_imp,over_samp,no_scale,k_best_sel",0.10043459964249851,0.0,0.021366367683748506,0.026910496580434096,0.05107223476297973,0.0,0.026205298972057367,0.026910496580434207,1.2181029723409071,5,"(0, 0, 0, 1)",27654
"ordinal_enc,most_freq_imp,k_best_sel,over_samp,no_scale",0.10514842256479134,0.0,0.021366367683748506,0.026910496580434096,0.05107223476297973,0.0,0.026205298972057367,0.026910496580434207,1.2300058248180556,5,"(0, 0, 0, 1)",27654
"ordinal_enc,median_imp,k_best_sel,over_samp,no_scale",0.10582449160035368,0.0,0.021366367683748506,0.026910496580434096,0.05107223476297973,0.0,0.026205298972057367,0.026910496580434207,1.2317279767666989,5,"(0, 0, 0, 1)",27654
"ordinal_enc,median_imp,k_best_sel,over_samp,max_abs_scale",0.0984242515520139,0.0,0.021366367683748506,0.026910496580434096,0.05107223476297973,0.0,0.026205298972057367,0.026910496580434207,1.2130815076254027,5,"(0, 0, 0, 1)",27654
"loo_enc,median_imp,over_samp,no_scale,k_best_sel",0.10717865375511565,0.0,0.021366367683748506,0.026910496580434096,0.05107223476297973,0.0,0.026205298972057367,0.026910496580434207,1.235188921456804,5,"(0, 0, 0, 1)",27654
"woe_enc,median_imp,no_scale,no_sel,over_samp",0.10447302490708815,0.0,0.021366367683748506,0.026910496580434096,0.05107223476297973,0.0,0.026205298972057367,0.026910496580434207,1.2282891749657296,5,"(0, 0, 0, 1)",27654
"woe_enc,median_imp,max_abs_scale,no_sel,over_samp",0.10514842256479134,0.0,0.021366367683748506,0.026910496580434096,0.05107223476297973,0.0,0.026205298972057367,0.026910496580434207,1.2300058248180556,5,"(0, 0, 0, 1)",27654
"loo_enc,median_imp,over_samp,max_abs_scale,k_best_sel",0.10887517738477026,0.0,0.021366367683748506,0.026910496580434096,0.05107223476297973,0.0,0.026205298972057367,0.026910496580434207,1.2395466549295775,5,"(0, 0, 0, 1)",27654
"ordinal_enc,median_imp,over_samp,no_scale,k_best_sel",0.09942869372805824,0.0,0.021366367683748506,0.026910496580434096,0.05107223476297973,0.0,0.026205298972057367,0.026910496580434207,1.2155863596898298,5,"(0, 0, 0, 1)",27654
"ordinal_enc,most_freq_imp,k_best_sel,over_samp,no_scale",0.1085355313471737,0.0,0.021366367683748506,0.026910496580434096,0.05107223476297973,0.0,0.026205298972057367,0.026910496580434207,1.2386722806405166,6,"(0, 0, 0, 1)",27654
"ordinal_enc,median_imp,k_best_sel,over_samp,no_scale",0.1105759831775433,0.0,0.021366367683748506,0.026910496580434096,0.05107223476297973,0.0,0.026205298972057367,0.026910496580434207,1.2439399511119895,6,"(0, 0, 0, 1)",27654
"loo_enc,median_imp,k_best_sel,over_samp,max_abs_scale",0.102450835457288,0.0,0.021366367683748506,0.026910496580434096,0.05107223476297973,0.0,0.026205298972057367,0.026910496580434207,1.2231719061926734,6,"(0, 0, 0, 1)",27654
"ordinal_enc,median_imp,over_samp,no_scale,k_best_sel",0.10447302490708815,0.0,0.021366367683748506,0.026910496580434096,0.05107223476297973,0.0,0.026205298972057367,0.026910496580434207,1.2282891749657296,6,"(0, 0, 0, 1)",27654
"ordinal_enc,most_freq_imp,over_samp,no_scale,k_best_sel",0.1109166616737774,0.0,0.021366367683748506,0.026910496580434096,0.05107223476297973,0.0,0.026205298972057367,0.026910496580434207,1.2448229261109802,6,"(0, 0, 0, 1)",27654
"woe_enc,median_imp,no_scale,no_sel,over_samp",0.10447302490708815,0.0,0.021366367683748506,0.026910496580434096,0.05107223476297973,0.0,0.026205298972057367,0.026910496580434207,1.2282891749657296,6,"(0, 0, 0, 1)",27654
"woe_enc,median_imp,max_abs_scale,no_sel,over_samp",0.10413557707022958,0.0,0.021366367683748506,0.026910496580434096,0.05107223476297973,0.0,0.026205298972057367,0.026910496580434207,1.2274329029077171,6,"(0, 0, 0, 1)",27654
"loo_enc,median_imp,over_samp,no_scale,k_best_sel",0.10278745179669879,0.0,0.021366367683748506,0.026910496580434096,0.05107223476297973,0.0,0.026205298972057367,0.026910496580434207,1.2240214040597917,6,"(0, 0, 0, 1)",27654
"ordinal_enc,median_imp,k_best_sel,over_samp,max_abs_scale",0.102450835457288,0.0,0.021366367683748506,0.026910496580434096,0.05107223476297973,0.0,0.026205298972057367,0.026910496580434207,1.2231719061926734,6,"(0, 0, 0, 1)",27654
"loo_enc,median_imp,over_samp,max_abs_scale,k_best_sel",0.11125751335707929,0.0,0.021366367683748506,0.026910496580434096,0.05107223476297973,0.0,0.026205298972057367,0.026910496580434207,1.2457073500491642,6,"(0, 0, 0, 1)",27654
"ordinal_enc,most_freq_imp,k_best_sel,over_samp,no_scale",0.10278745179669879,0.0,0.021366367683748506,0.026910496580434096,0.05107223476297973,0.0,0.026205298972057367,0.026910496580434207,1.2240214040597917,7,"(0, 0, 0, 1)",27654
"ordinal_enc,most_freq_imp,over_samp,no_scale,k_best_sel",0.10955498363235211,0.0,0.021366367683748506,0.026910496580434096,0.05107223476297973,0.0,0.026205298972057367,0.026910496580434207,1.2412996752998284,7,"(0, 0, 0, 1)",27654
"woe_enc,median_imp,no_scale,no_sel,over_samp",0.10717865375511565,0.0,0.021366367683748506,0.026910496580434096,0.05107223476297973,0.0,0.026205298972057367,0.026910496580434207,1.235188921456804,7,"(0, 0, 0, 1)",27654
"woe_enc,median_imp,max_abs_scale,no_sel,over_samp",0.10177809860440423,0.0,0.021366367683748506,0.026910496580434096,0.05107223476297973,0.0,0.026205298972057367,0.026910496580434207,1.2214769341879572,7,"(0, 0, 0, 1)",27654
"woe_enc,median_imp,no_scale,k_best_sel,over_samp",0.09942869372805824,0.0,0.021366367683748506,0.026910496580434096,0.05107223476297973,0.0,0.026205298972057367,0.026910496580434207,1.2155863596898298,7,"(0, 0, 0, 1)",27654
"ordinal_enc,most_freq_imp,over_samp,no_scale,no_sel",0.10379829614912617,0.0,0.021366367683748506,0.026910496580434096,0.05107223476297973,0.0,0.026205298972057367,0.026910496580434207,1.2265779939039636,7,"(0, 0, 0, 1)",27654
"loo_enc,median_imp,k_best_sel,over_samp,max_abs_scale",0.102450835457288,0.0,0.021366367683748506,0.026910496580434096,0.05107223476297973,0.0,0.026205298972057367,0.026910496580434207,1.2231719061926734,7,"(0, 0, 0, 1)",27654
"ordinal_enc,median_imp,k_best_sel,over_samp,no_scale",0.10413557707022958,0.0,0.021366367683748506,0.026910496580434096,0.05107223476297973,0.0,0.026205298972057367,0.026910496580434207,1.2274329029077171,7,"(0, 0, 0, 1)",27654
"woe_enc,median_imp,over_samp,max_abs_scale,k_best_sel",0.10481063996876538,0.0,0.021366367683748506,0.026910496580434096,0.05107223476297973,0.0,0.026205298972057367,0.026910496580434207,1.2291468142174262,7,"(0, 0, 0, 1)",27654
"ordinal_enc,median_imp,over_samp,no_scale,k_best_sel",0.102450835457288,0.0,0.021366367683748506,0.026910496580434096,0.05107223476297973,0.0,0.026205298972057367,0.026910496580434207,1.2231719061926734,7,"(0, 0, 0, 1)",27654
"woe_enc,median_imp,k_best_sel,over_samp,no_scale",0.10514842256479134,0.0,0.021366367683748506,0.026910496580434096,0.05107223476297973,0.0,0.026205298972057367,0.026910496580434207,1.2300058248180556,8,"(0, 0, 0, 1)",27654
"loo_enc,median_imp,max_abs_scale,k_best_sel,over_samp",0.10447302490708815,0.0,0.021366367683748506,0.026910496580434096,0.05107223476297973,0.0,0.026205298972057367,0.026910496580434207,1.2282891749657296,8,"(0, 0, 0, 1)",27654
"ordinal_enc,median_imp,k_best_sel,over_samp,no_scale",0.10650123449940357,0.0,0.021366367683748506,0.026910496580434096,0.05107223476297973,0.0,0.026205298972057367,0.026910496580434207,1.2334556643730865,8,"(0, 0, 0, 1)",27654
"woe_enc,median_imp,max_abs_scale,no_sel,over_samp",0.10582449160035368,0.0,0.021366367683748506,0.026910496580434096,0.05107223476297973,0.0,0.026205298972057367,0.026910496580434207,1.2317279767666989,8,"(0, 0, 0, 1)",27654
"ordinal_enc,median_imp,no_scale,k_best_sel,over_samp",0.1085355313471737,0.0,0.021366367683748506,0.026910496580434096,0.05107223476297973,0.0,0.026205298972057367,0.026910496580434207,1.2386722806405166,8,"(0, 0, 0, 1)",27654
"loo_enc,median_imp,k_best_sel,over_samp,max_abs_scale",0.10447302490708815,0.0,0.021366367683748506,0.026910496580434096,0.05107223476297973,0.0,0.026205298972057367,0.026910496580434207,1.2282891749657296,8,"(0, 0, 0, 1)",27654
"woe_enc,most_freq_imp,over_samp,k_best_sel,no_scale",0.10717865375511565,0.0,0.021366367683748506,0.026910496580434096,0.05107223476297973,0.0,0.026205298972057367,0.026910496580434207,1.235188921456804,8,"(0, 0, 0, 1)",27654
"ordinal_enc,most_freq_imp,k_best_sel,over_samp,no_scale",0.10582449160035368,0.0,0.021366367683748506,0.026910496580434096,0.05107223476297973,0.0,0.026205298972057367,0.026910496580434207,1.2317279767666989,8,"(0, 0, 0, 1)",27654
"woe_enc,median_imp,no_scale,no_sel,over_samp",0.09942869372805824,0.0,0.021366367683748506,0.026910496580434096,0.05107223476297973,0.0,0.026205298972057367,0.026910496580434207,1.2155863596898298,8,"(0, 0, 0, 1)",27654
"ordinal_enc,most_freq_imp,over_samp,no_scale,no_sel",0.10379829614912617,0.0,0.021366367683748506,0.026910496580434096,0.05107223476297973,0.0,0.026205298972057367,0.026910496580434207,1.2265779939039636,8,"(0, 0, 0, 1)",27654
"ordinal_enc,median_imp,k_best_sel,over_samp,no_scale",0.10785675186824689,0.0,0.021366367683748506,0.026910496580434096,0.05107223476297973,0.0,0.026205298972057367,0.026910496580434207,1.236927782098116,9,"(0, 0, 0, 1)",27654
"ordinal_enc,most_freq_imp,over_samp,no_scale,no_sel",0.10785675186824689,0.0,0.021366367683748506,0.026910496580434096,0.05107223476297973,0.0,0.026205298972057367,0.026910496580434207,1.236927782098116,9,"(0, 0, 0, 1)",27654
"loo_enc,median_imp,k_best_sel,over_samp,max_abs_scale",0.10278745179669879,0.0,0.021366367683748506,0.026910496580434096,0.05107223476297973,0.0,0.026205298972057367,0.026910496580434207,1.2240214040597917,9,"(0, 0, 0, 1)",27654
"woe_enc,median_imp,k_best_sel,over_samp,no_scale",0.10211438449528432,0.0,0.021366367683748506,0.026910496580434096,0.05107223476297973,0.0,0.026205298972057367,0.026910496580434207,1.222323750917415,9,"(0, 0, 0, 1)",27654
"woe_enc,most_freq_imp,k_best_sel,over_samp,no_scale",0.10346118183518072,0.0,0.021366367683748506,0.026910496580434096,0.05107223476297973,0.0,0.026205298972057367,0.026910496580434207,1.2257244438307933,9,"(0, 0, 0, 1)",27654
"ordinal_enc,median_imp,no_scale,no_sel,over_samp",0.10177809860440423,0.0,0.021366367683748506,0.026910496580434096,0.05107223476297973,0.0,0.026205298972057367,0.026910496580434207,1.2214769341879572,9,"(0, 0, 0, 1)",27654
"woe_enc,median_imp,no_scale,no_sel,over_samp",0.10211438449528432,0.0,0.021366367683748506,0.026910496580434096,0.05107223476297973,0.0,0.026205298972057367,0.026910496580434207,1.222323750917415,9,"(0, 0, 0, 1)",27654
"loo_enc,median_imp,max_abs_scale,k_best_sel,over_samp",0.10278745179669879,0.0,0.021366367683748506,0.026910496580434096,0.05107223476297973,0.0,0.026205298972057367,0.026910496580434207,1.2240214040597917,9,"(0, 0, 0, 1)",27654
"woe_enc,median_imp,max_abs_scale,no_sel,over_samp",0.1075176177979093,0.0,0.021366367683748506,0.026910496580434096,0.05107223476297973,0.0,0.026205298972057367,0.026910496580434207,1.2360576491924915,9,"(0, 0, 0, 1)",27654
"ordinal_enc,median_imp,no_scale,k_best_sel,over_samp",0.09942869372805824,0.0,0.021366367683748506,0.026910496580434096,0.05107223476297973,0.0,0.026205298972057367,0.026910496580434207,1.2155863596898298,9,"(0, 0, 0, 1)",27654
"woe_enc,median_imp,no_scale,k_best_sel,over_samp",0.10548637300516472,0.0,0.021366367683748506,0.026910496580434096,0.05107223476297973,0.0,0.026205298972057367,0.026910496580434207,1.2308662109387696,10,"(0, 0, 0, 1)",27654
"ordinal_enc,median_imp,no_scale,no_sel,over_samp",0.11433302465979278,0.0,0.021366367683748506,0.026910496580434096,0.05107223476297973,0.0,0.026205298972057367,0.026910496580434207,1.2537331112737664,10,"(0, 0, 0, 1)",27654
"woe_enc,median_imp,k_best_sel,over_samp,no_scale",0.1085355313471737,0.0,0.021366367683748506,0.026910496580434096,0.05107223476297973,0.0,0.026205298972057367,0.026910496580434207,1.2386722806405166,10,"(0, 0, 0, 1)",27654
"ordinal_enc,median_imp,k_best_sel,over_samp,no_scale",0.102450835457288,0.0,0.021366367683748506,0.026910496580434096,0.05107223476297973,0.0,0.026205298972057367,0.026910496580434207,1.2231719061926734,10,"(0, 0, 0, 1)",27654
"ordinal_enc,most_freq_imp,over_samp,no_scale,no_sel",0.10548637300516472,0.0,0.021366367683748506,0.026910496580434096,0.05107223476297973,0.0,0.026205298972057367,0.026910496580434207,1.2308662109387696,10,"(0, 0, 0, 1)",27654
"woe_enc,median_imp,no_scale,no_sel,over_samp",0.10144197747882311,0.0,0.021366367683748506,0.026910496580434096,0.05107223476297973,0.0,0.026205298972057367,0.026910496580434207,1.2206314519735397,10,"(0, 0, 0, 1)",27654
"loo_enc,median_imp,max_abs_scale,k_best_sel,over_samp",0.10077022830255111,0.0,0.021366367683748506,0.026910496580434096,0.05107223476297973,0.0,0.026205298972057367,0.026910496580434207,1.218944475042852,10,"(0, 0, 0, 1)",27654
"loo_enc,median_imp,k_best_sel,under_samp,max_abs_scale",0.10715919707822541,0.0,0.020647710793786557,0.027233891064435745,0.05165428764348412,0.0,0.026511869693294,0.027233891064435745,1.2348356106673912,10,"(0, 0, 0, 1)",27654
"woe_enc,most_freq_imp,k_best_sel,over_samp,no_scale",0.10278745179669879,0.0,0.021366367683748506,0.026910496580434096,0.05107223476297973,0.0,0.026205298972057367,0.026910496580434207,1.2240214040597917,10,"(0, 0, 0, 1)",27654
"loo_enc,median_imp,k_best_sel,over_samp,max_abs_scale",0.10346118183518072,0.0,0.021366367683748506,0.026910496580434096,0.05107223476297973,0.0,0.026205298972057367,0.026910496580434207,1.2257244438307933,10,"(0, 0, 0, 1)",27654
"woe_enc,median_imp,no_scale,k_best_sel,over_samp",0.0984242515520139,0.0,0.021366367683748506,0.026910496580434096,0.05107223476297973,0.0,0.026205298972057367,0.026910496580434207,1.2130815076254027,11,"(0, 0, 0, 1)",27654
"ordinal_enc,median_imp,k_best_sel,over_samp,no_scale",0.09976383265856953,0.0,0.021366367683748506,0.026910496580434096,0.05107223476297973,0.0,0.026205298972057367,0.026910496580434207,1.2164239186123107,11,"(0, 0, 0, 1)",27654
"woe_enc,median_imp,k_best_sel,over_samp,no_scale",0.1068398594265576,0.0,0.021366367683748506,0.026910496580434096,0.05107223476297973,0.0,0.026205298972057367,0.026910496580434207,1.2343215946064017,11,"(0, 0, 0, 1)",27654
"woe_enc,median_imp,no_scale,no_sel,over_samp",0.10379829614912617,0.0,0.021366367683748506,0.026910496580434096,0.05107223476297973,0.0,0.026205298972057367,0.026910496580434207,1.2265779939039636,11,"(0, 0, 0, 1)",27654
"woe_enc,most_freq_imp,k_best_sel,over_samp,no_scale",0.10887517738477026,0.0,0.021366367683748506,0.026910496580434096,0.05107223476297973,0.0,0.026205298972057367,0.026910496580434207,1.2395466549295775,11,"(0, 0, 0, 1)",27654
"loo_enc,median_imp,max_abs_scale,k_best_sel,over_samp",0.10819605627991374,0.0,0.021366367683748506,0.026910496580434096,0.05107223476297973,0.0,0.026205298972057367,0.026910496580434207,1.237799324474859,11,"(0, 0, 0, 1)",27654
"ordinal_enc,median_imp,no_scale,no_sel,over_samp",0.09909371743484596,0.0,0.021366367683748506,0.026910496580434096,0.05107223476297973,0.0,0.026205298972057367,0.026910496580434207,1.2147501074893812,11,"(0, 0, 0, 1)",27654
"woe_enc,median_imp,min_max_scale,k_best_sel,over_samp",0.10785675186824689,0.0,0.021366367683748506,0.026910496580434096,0.05107223476297973,0.0,0.026205298972057367,0.026910496580434207,1.236927782098116,11,"(0, 0, 0, 1)",27654
"woe_enc,median_imp,k_best_sel,over_samp,norm_scale",0.6973154362416107,0.16624790619765495,0.7070740349200373,0.34091584894439486,0.3778538812785388,0.18971156705322634,0.29613844763011754,0.34091584894439486,-1.0,11,"(0, 0, 0, 1)",27654
"woe_enc,most_freq_imp,no_scale,k_best_sel,over_samp",0.09942869372805824,0.0,0.021366367683748506,0.026910496580434096,0.05107223476297973,0.0,0.026205298972057367,0.026910496580434207,1.2155863596898298,11,"(0, 0, 0, 1)",27654
"woe_enc,median_imp,no_scale,k_best_sel,over_samp",0.11296438074856097,0.0,0.021366367683748506,0.026910496580434096,0.05107223476297973,0.0,0.026205298972057367,0.026910496580434207,1.250151360926408,12,"(0, 0, 0, 1)",27654
"woe_enc,most_freq_imp,k_best_sel,over_samp,no_scale",0.10447302490708815,0.0,0.021366367683748506,0.026910496580434096,0.05107223476297973,0.0,0.026205298972057367,0.026910496580434207,1.2282891749657296,12,"(0, 0, 0, 1)",27654
"ordinal_enc,median_imp,no_scale,no_sel,over_samp",0.10144197747882311,0.0,0.021366367683748506,0.026910496580434096,0.05107223476297973,0.0,0.026205298972057367,0.026910496580434207,1.2206314519735397,12,"(0, 0, 0, 1)",27654
"woe_enc,median_imp,min_max_scale,k_best_sel,over_samp",0.09775543259795227,0.0,0.021366367683748506,0.026910496580434096,0.05107223476297973,0.0,0.026205298972057367,0.026910496580434207,1.2114180879081542,12,"(0, 0, 0, 1)",27654
"loo_enc,median_imp,max_abs_scale,k_best_sel,over_samp",0.11296438074856097,0.0,0.021366367683748506,0.026910496580434096,0.05107223476297973,0.0,0.026205298972057367,0.026910496580434207,1.250151360926408,12,"(0, 0, 0, 1)",27654
"ordinal_enc,median_imp,over_samp,no_scale,k_best_sel",0.11228111071806518,0.0,0.021366367683748506,0.026910496580434096,0.05107223476297973,0.0,0.026205298972057367,0.026910496580434207,1.2483693602964696,12,"(0, 0, 0, 1)",27654
"woe_enc,median_imp,k_best_sel,over_samp,no_scale",0.10514842256479134,0.0,0.021366367683748506,0.026910496580434096,0.05107223476297973,0.0,0.026205298972057367,0.026910496580434207,1.2300058248180556,12,"(0, 0, 0, 1)",27654
"woe_enc,most_freq_imp,no_scale,k_best_sel,over_samp",0.1085355313471737,0.0,0.021366367683748506,0.026910496580434096,0.05107223476297973,0.0,0.026205298972057367,0.026910496580434207,1.2386722806405166,12,"(0, 0, 0, 1)",27654
"woe_enc,median_imp,no_scale,no_sel,over_samp",0.10043459964249851,0.0,0.021366367683748506,0.026910496580434096,0.05107223476297973,0.0,0.026205298972057367,0.026910496580434207,1.2181029723409071,12,"(0, 0, 0, 1)",27654
"woe_enc,median_imp,k_best_sel,over_samp,norm_scale",0.6966241895819361,0.1685487243831033,0.7103354678989534,0.3431460005947071,0.37937342785273265,0.19298245614035092,0.29834539813857286,0.3431460005947071,-1.0,12,"(0, 0, 0, 1)",27654
"loo_enc,median_imp,no_scale,k_best_sel,over_samp",0.10616277866129653,0.0,0.021366367683748506,0.026910496580434096,0.05107223476297973,0.0,0.026205298972057367,0.026910496580434207,1.2325911265050304,13,"(0, 0, 0, 1)",27654
"woe_enc,median_imp,k_best_sel,over_samp,max_abs_scale",0.10514842256479134,0.0,0.021366367683748506,0.026910496580434096,0.05107223476297973,0.0,0.026205298972057367,0.026910496580434207,1.2300058248180556,13,"(0, 0, 0, 1)",27654
"woe_enc,median_imp,k_best_sel,over_samp,no_scale",0.1031242338202612,0.0,0.021366367683748506,0.026910496580434096,0.05107223476297973,0.0,0.026205298972057367,0.026910496580434207,1.2248722485802046,13,"(0, 0, 0, 1)",27654
"ordinal_enc,most_freq_imp,over_samp,no_scale,k_best_sel",0.102450835457288,0.0,0.021366367683748506,0.026910496580434096,0.05107223476297973,0.0,0.026205298972057367,0.026910496580434207,1.2231719061926734,13,"(0, 0, 0, 1)",27654
"woe_enc,median_imp,no_scale,no_sel,over_samp",0.10582449160035368,0.0,0.021366367683748506,0.026910496580434096,0.05107223476297973,0.0,0.026205298972057367,0.026910496580434207,1.2317279767666989,13,"(0, 0, 0, 1)",27654
"ordinal_enc,median_imp,k_best_sel,over_samp,no_scale",0.11193973755986514,0.0,0.021366367683748506,0.026910496580434096,0.05107223476297973,0.0,0.026205298972057367,0.026910496580434207,1.2474805626446674,13,"(0, 0, 0, 1)",27654
"woe_enc,median_imp,min_max_scale,k_best_sel,over_samp",0.10379829614912617,0.0,0.021366367683748506,0.026910496580434096,0.05107223476297973,0.0,0.026205298972057367,0.026910496580434207,1.2265779939039636,13,"(0, 0, 0, 1)",27654
"ordinal_enc,median_imp,no_scale,no_sel,over_samp",0.10144197747882311,0.0,0.021366367683748506,0.026910496580434096,0.05107223476297973,0.0,0.026205298972057367,0.026910496580434207,1.2206314519735397,13,"(0, 0, 0, 1)",27654
"ordinal_enc,median_imp,over_samp,no_scale,k_best_sel",0.10379829614912617,0.0,0.021366367683748506,0.026910496580434096,0.05107223476297973,0.0,0.026205298972057367,0.026910496580434207,1.2265779939039636,13,"(0, 0, 0, 1)",27654
"woe_enc,median_imp,no_scale,k_best_sel,over_samp",0.10278745179669879,0.0,0.021366367683748506,0.026910496580434096,0.05107223476297973,0.0,0.026205298972057367,0.026910496580434207,1.2240214040597917,13,"(0, 0, 0, 1)",27654
"woe_enc,median_imp,k_best_sel,over_samp,max_abs_scale",0.10211438449528432,0.0,0.021366367683748506,0.026910496580434096,0.05107223476297973,0.0,0.026205298972057367,0.026910496580434207,1.222323750917415,14,"(0, 0, 0, 1)",27654
"woe_enc,median_imp,k_best_sel,over_samp,no_scale",0.11159853854607105,0.0,0.021366367683748506,0.026910496580434096,0.05107223476297973,0.0,0.026205298972057367,0.026910496580434207,1.2465932273975684,14,"(0, 0, 0, 1)",27654
"woe_enc,median_imp,no_scale,k_best_sel,over_samp",0.09875890347674426,0.0,0.021366367683748506,0.026910496580434096,0.05107223476297973,0.0,0.026205298972057367,0.026910496580434207,1.2139151581000067,14,"(0, 0, 0, 1)",27654
"loo_enc,median_imp,k_best_sel,over_samp,max_abs_scale",0.10413557707022958,0.0,0.021366367683748506,0.026910496580434096,0.05107223476297973,0.0,0.026205298972057367,0.026910496580434207,1.2274329029077171,14,"(0, 0, 0, 1)",27654
"loo_enc,median_imp,no_scale,k_best_sel,over_samp",0.10144197747882311,0.0,0.021366367683748506,0.026910496580434096,0.05107223476297973,0.0,0.026205298972057367,0.026910496580434207,1.2206314519735397,14,"(0, 0, 0, 1)",27654
"ordinal_enc,most_freq_imp,over_samp,no_scale,k_best_sel",0.1068398594265576,0.0,0.021366367683748506,0.026910496580434096,0.05107223476297973,0.0,0.026205298972057367,0.026910496580434207,1.2343215946064017,14,"(0, 0, 0, 1)",27654
"ordinal_enc,median_imp,over_samp,no_scale,k_best_sel",0.10717865375511565,0.0,0.021366367683748506,0.026910496580434096,0.05107223476297973,0.0,0.026205298972057367,0.026910496580434207,1.235188921456804,14,"(0, 0, 0, 1)",27654
"woe_enc,median_imp,min_max_scale,k_best_sel,over_samp",0.10481063996876538,0.0,0.021366367683748506,0.026910496580434096,0.05107223476297973,0.0,0.026205298972057367,0.026910496580434207,1.2291468142174262,14,"(0, 0, 0, 1)",27654
"woe_enc,median_imp,k_best_sel,under_samp,max_abs_scale",0.10164180715226973,0.0,0.018027080178123378,0.026699893200427205,0.0506928016221696,0.0,0.026005547850207922,0.026699893200427205,1.221337637720283,14,"(0, 0, 0, 1)",27654
"ordinal_enc,median_imp,k_best_sel,over_samp,no_scale",0.10921499470792762,0.0,0.021366367683748506,0.026910496580434096,0.05107223476297973,0.0,0.026205298972057367,0.026910496580434207,1.240422451693307,14,"(0, 0, 0, 1)",27654
"woe_enc,median_imp,k_best_sel,over_samp,no_scale",0.10989514447423293,0.0,0.021366367683748506,0.026910496580434096,0.05107223476297973,0.0,0.026205298972057367,0.026910496580434207,1.2421783301342058,15,"(0, 0, 0, 1)",27654
"ordinal_enc,most_freq_imp,over_samp,no_scale,k_best_sel",0.10921499470792762,0.0,0.021366367683748506,0.026910496580434096,0.05107223476297973,0.0,0.026205298972057367,0.026910496580434207,1.240422451693307,15,"(0, 0, 0, 1)",27654
"woe_enc,median_imp,k_best_sel,under_samp,max_abs_scale",0.10050546458009618,0.0,0.023665879479267425,0.027767888928444284,0.05261382799325465,0.0,0.02701766539660544,0.027767888928444284,1.218091048574382,15,"(0, 0, 0, 1)",27654
"loo_enc,median_imp,k_best_sel,over_samp,max_abs_scale",0.10819605627991374,0.0,0.021366367683748506,0.026910496580434096,0.05107223476297973,0.0,0.026205298972057367,0.026910496580434207,1.237799324474859,15,"(0, 0, 0, 1)",27654
"woe_enc,median_imp,no_scale,k_best_sel,over_samp",0.10582449160035368,0.0,0.021366367683748506,0.026910496580434096,0.05107223476297973,0.0,0.026205298972057367,0.026910496580434207,1.2317279767666989,15,"(0, 0, 0, 1)",27654
"loo_enc,median_imp,no_scale,k_best_sel,over_samp",0.11330627826253103,0.0,0.021366367683748506,0.026910496580434096,0.05107223476297973,0.0,0.026205298972057367,0.026910496580434207,1.2510445730050144,15,"(0, 0, 0, 1)",27654
"woe_enc,median_imp,k_best_sel,over_samp,max_abs_scale",0.10144197747882311,0.0,0.021366367683748506,0.026910496580434096,0.05107223476297973,0.0,0.026205298972057367,0.026910496580434207,1.2206314519735397,15,"(0, 0, 0, 1)",27654
"woe_enc,median_imp,min_max_scale,k_best_sel,over_samp",0.10278745179669879,0.0,0.021366367683748506,0.026910496580434096,0.05107223476297973,0.0,0.026205298972057367,0.026910496580434207,1.2240214040597917,15,"(0, 0, 0, 1)",27654
"ordinal_enc,median_imp,over_samp,no_scale,k_best_sel",0.10785675186824689,0.0,0.021366367683748506,0.026910496580434096,0.05107223476297973,0.0,0.026205298972057367,0.026910496580434207,1.236927782098116,15,"(0, 0, 0, 1)",27654
"target_enc,median_imp,no_scale,k_best_sel,over_samp",0.10077022830255111,0.0,0.021366367683748506,0.026910496580434096,0.05107223476297973,0.0,0.026205298972057367,0.026910496580434207,1.218944475042852,15,"(0, 0, 0, 1)",27654
"target_enc,median_imp,k_best_sel,over_samp,no_scale",0.10650123449940357,0.0,0.021366367683748506,0.026910496580434096,0.05107223476297973,0.0,0.026205298972057367,0.026910496580434207,1.2334556643730865,16,"(0, 0, 0, 1)",27654
"woe_enc,median_imp,no_scale,k_best_sel,over_samp",0.102450835457288,0.0,0.021366367683748506,0.026910496580434096,0.05107223476297973,0.0,0.026205298972057367,0.026910496580434207,1.2231719061926734,16,"(0, 0, 0, 1)",27654
"ordinal_enc,most_freq_imp,over_samp,no_scale,k_best_sel",0.10650123449940357,0.0,0.021366367683748506,0.026910496580434096,0.05107223476297973,0.0,0.026205298972057367,0.026910496580434207,1.2334556643730865,16,"(0, 0, 0, 1)",27654
"loo_enc,median_imp,no_scale,k_best_sel,over_samp",0.10548637300516472,0.0,0.021366367683748506,0.026910496580434096,0.05107223476297973,0.0,0.026205298972057367,0.026910496580434207,1.2308662109387696,16,"(0, 0, 0, 1)",27654
"ordinal_enc,median_imp,over_samp,no_scale,k_best_sel",0.10616277866129653,0.0,0.021366367683748506,0.026910496580434096,0.05107223476297973,0.0,0.026205298972057367,0.026910496580434207,1.2325911265050304,16,"(0, 0, 0, 1)",27654
"woe_enc,median_imp,k_best_sel,under_samp,max_abs_scale",0.10258824892971236,0.0,0.020819873368652278,0.0275898896404414,0.0522941970310391,0.0,0.02684912523817773,0.02758988964044151,1.2232803064940798,16,"(0, 0, 0, 1)",27654
"loo_enc,median_imp,k_best_sel,over_samp,min_max_scale",0.10447302490708815,0.0,0.021366367683748506,0.026910496580434096,0.05107223476297973,0.0,0.026205298972057367,0.026910496580434207,1.2282891749657296,16,"(0, 0, 0, 1)",27654
"woe_enc,median_imp,k_best_sel,over_samp,no_scale",0.1068398594265576,0.0,0.021366367683748506,0.026910496580434096,0.05107223476297973,0.0,0.026205298972057367,0.026910496580434207,1.2343215946064017,16,"(0, 0, 0, 1)",27654
"loo_enc,median_imp,k_best_sel,over_samp,max_abs_scale",0.10379829614912617,0.0,0.021366367683748506,0.026910496580434096,0.05107223476297973,0.0,0.026205298972057367,0.026910496580434207,1.2265779939039636,16,"(0, 0, 0, 1)",27654
"target_enc,median_imp,no_scale,k_best_sel,over_samp",0.10616277866129653,0.0,0.021366367683748506,0.026910496580434096,0.05107223476297973,0.0,0.026205298972057367,0.026910496580434207,1.2325911265050304,16,"(0, 0, 0, 1)",27654
"target_enc,median_imp,k_best_sel,over_samp,no_scale",0.10548637300516472,0.0,0.021366367683748506,0.026910496580434096,0.05107223476297973,0.0,0.026205298972057367,0.026910496580434207,1.2308662109387696,17,"(0, 0, 0, 1)",27654
"loo_enc,median_imp,k_best_sel,over_samp,max_abs_scale",0.10955498363235211,0.0,0.021366367683748506,0.026910496580434096,0.05107223476297973,0.0,0.026205298972057367,0.026910496580434207,1.2412996752998284,17,"(0, 0, 0, 1)",27654
"woe_enc,median_imp,no_scale,k_best_sel,over_samp",0.1085355313471737,0.0,0.021366367683748506,0.026910496580434096,0.05107223476297973,0.0,0.026205298972057367,0.026910496580434207,1.2386722806405166,17,"(0, 0, 0, 1)",27654
"ordinal_enc,median_imp,over_samp,no_scale,k_best_sel",0.10177809860440423,0.0,0.021366367683748506,0.026910496580434096,0.05107223476297973,0.0,0.026205298972057367,0.026910496580434207,1.2214769341879572,17,"(0, 0, 0, 1)",27654
"woe_enc,median_imp,k_best_sel,over_samp,no_scale",0.1000991345290192,0.0,0.021366367683748506,0.026910496580434096,0.05107223476297973,0.0,0.026205298972057367,0.026910496580434207,1.2172627881825093,17,"(0, 0, 0, 1)",27654
"loo_enc,median_imp,k_best_sel,over_samp,min_max_scale",0.1075176177979093,0.0,0.021366367683748506,0.026910496580434096,0.05107223476297973,0.0,0.026205298972057367,0.026910496580434207,1.2360576491924915,17,"(0, 0, 0, 1)",27654
"ordinal_enc,most_freq_imp,over_samp,no_scale,k_best_sel",0.10650123449940357,0.0,0.021366367683748506,0.026910496580434096,0.05107223476297973,0.0,0.026205298972057367,0.026910496580434207,1.2334556643730865,17,"(0, 0, 0, 1)",27654
"target_enc,median_imp,no_scale,k_best_sel,over_samp",0.10514842256479134,0.0,0.021366367683748506,0.026910496580434096,0.05107223476297973,0.0,0.026205298972057367,0.026910496580434207,1.2300058248180556,17,"(0, 0, 0, 1)",27654
"loo_enc,median_imp,no_scale,k_best_sel,over_samp",0.1011060208131751,0.0,0.021366367683748506,0.026910496580434096,0.05107223476297973,0.0,0.026205298972057367,0.026910496580434207,1.2197873002586308,17,"(0, 0, 0, 1)",27654
"target_enc,median_imp,norm_scale,k_best_sel,over_samp",0.7250504597443374,0.1421960454354228,0.715683077135711,0.34403806125483205,0.38495284053520507,0.16622063633660422,0.292097955061853,0.34403806125483205,-1.0,17,"(0, 0, 0, 1)",27654
"woe_enc,median_imp,no_scale,k_best_sel,over_samp",0.0984242515520139,0.0,0.021366367683748506,0.026910496580434096,0.05107223476297973,0.0,0.026205298972057367,0.026910496580434207,1.2130815076254027,18,"(0, 0, 0, 1)",27654
"woe_enc,median_imp,k_best_sel,over_samp,no_scale",0.10379829614912617,0.0,0.021366367683748506,0.026910496580434096,0.05107223476297973,0.0,0.026205298972057367,0.026910496580434207,1.2265779939039636,18,"(0, 0, 0, 1)",27654
"loo_enc,median_imp,k_best_sel,over_samp,min_max_scale",0.10481063996876538,0.0,0.021366367683748506,0.026910496580434096,0.05107223476297973,0.0,0.026205298972057367,0.026910496580434207,1.2291468142174262,18,"(0, 0, 0, 1)",27654
"loo_enc,median_imp,k_best_sel,over_samp,max_abs_scale",0.10043459964249851,0.0,0.021366367683748506,0.026910496580434096,0.05107223476297973,0.0,0.026205298972057367,0.026910496580434207,1.2181029723409071,18,"(0, 0, 0, 1)",27654
"ordinal_enc,most_freq_imp,over_samp,no_scale,k_best_sel",0.10278745179669879,0.0,0.021366367683748506,0.026910496580434096,0.05107223476297973,0.0,0.026205298972057367,0.026910496580434207,1.2240214040597917,18,"(0, 0, 0, 1)",27654
"target_enc,median_imp,no_scale,k_best_sel,over_samp",0.09775543259795227,0.0,0.021366367683748506,0.026910496580434096,0.05107223476297973,0.0,0.026205298972057367,0.026910496580434207,1.2114180879081542,18,"(0, 0, 0, 1)",27654
"target_enc,median_imp,k_best_sel,over_samp,no_scale",0.1031242338202612,0.0,0.021366367683748506,0.026910496580434096,0.05107223476297973,0.0,0.026205298972057367,0.026910496580434207,1.2248722485802046,18,"(0, 0, 0, 1)",27654
"target_enc,median_imp,k_best_sel,no_samp,no_scale",0.10443272475148435,0.0,0.021366367683748506,0.029325988334413466,0.060535117056856214,0.0,0.031212277978961867,0.026910496580434207,1.2512837759180453,18,"(0, 0, 0, 1)",27654
"loo_enc,most_freq_imp,k_best_sel,over_samp,max_abs_scale",0.1031242338202612,0.0,0.021366367683748506,0.026910496580434096,0.05107223476297973,0.0,0.026205298972057367,0.026910496580434207,1.2248722485802046,18,"(0, 0, 0, 1)",27654
"ordinal_enc,median_imp,over_samp,no_scale,k_best_sel",0.10548637300516472,0.0,0.021366367683748506,0.026910496580434096,0.05107223476297973,0.0,0.026205298972057367,0.026910496580434207,1.2308662109387696,18,"(0, 0, 0, 1)",27654
"target_enc,median_imp,no_scale,k_best_sel,over_samp",0.10278745179669879,0.0,0.021366367683748506,0.026910496580434096,0.05107223476297973,0.0,0.026205298972057367,0.026910496580434207,1.2240214040597917,19,"(0, 0, 0, 1)",27654
"loo_enc,median_imp,k_best_sel,over_samp,min_max_scale",0.10413557707022958,0.0,0.021366367683748506,0.026910496580434096,0.05107223476297973,0.0,0.026205298972057367,0.026910496580434207,1.2274329029077171,19,"(0, 0, 0, 1)",27654
"ordinal_enc,most_freq_imp,over_samp,no_scale,k_best_sel",0.11023547755024365,0.0,0.021366367683748506,0.026910496580434096,0.05107223476297973,0.0,0.026205298972057367,0.026910496580434207,1.2430584205985273,19,"(0, 0, 0, 1)",27654
"woe_enc,median_imp,k_best_sel,over_samp,no_scale",0.10043459964249851,0.0,0.021366367683748506,0.026910496580434096,0.05107223476297973,0.0,0.026205298972057367,0.026910496580434207,1.2181029723409071,19,"(0, 0, 0, 1)",27654
"woe_enc,median_imp,no_scale,k_best_sel,over_samp",0.10481063996876538,0.0,0.021366367683748506,0.026910496580434096,0.05107223476297973,0.0,0.026205298972057367,0.026910496580434207,1.2291468142174262,19,"(0, 0, 0, 1)",27654
"loo_enc,median_imp,k_best_sel,over_samp,max_abs_scale",0.10043459964249851,0.0,0.021366367683748506,0.026910496580434096,0.05107223476297973,0.0,0.026205298972057367,0.026910496580434207,1.2181029723409071,19,"(0, 0, 0, 1)",27654
"ordinal_enc,median_imp,over_samp,min_max_scale,k_best_sel",0.10548637300516472,0.0,0.021366367683748506,0.026910496580434096,0.05107223476297973,0.0,0.026205298972057367,0.026910496580434207,1.2308662109387696,19,"(0, 0, 0, 1)",27654
"target_enc,median_imp,k_best_sel,over_samp,no_scale",0.10177809860440423,0.0,0.021366367683748506,0.026910496580434096,0.05107223476297973,0.0,0.026205298972057367,0.026910496580434207,1.2214769341879572,19,"(0, 0, 0, 1)",27654
"loo_enc,most_freq_imp,k_best_sel,over_samp,max_abs_scale",0.1031242338202612,0.0,0.021366367683748506,0.026910496580434096,0.05107223476297973,0.0,0.026205298972057367,0.026910496580434207,1.2248722485802046,19,"(0, 0, 0, 1)",27654
"target_enc,median_imp,k_best_sel,over_samp,max_abs_scale",0.10447302490708815,0.0,0.021366367683748506,0.026910496580434096,0.05107223476297973,0.0,0.026205298972057367,0.026910496580434207,1.2282891749657296,19,"(0, 0, 0, 1)",27654
"loo_enc,median_imp,k_best_sel,over_samp,no_scale",0.10413557707022958,0.0,0.021366367683748506,0.026910496580434096,0.05107223476297973,0.0,0.026205298972057367,0.026910496580434207,1.2274329029077171,20,"(0, 0, 0, 1)",27654
"woe_enc,median_imp,max_abs_scale,k_best_sel,over_samp",0.10582449160035368,0.0,0.021366367683748506,0.026910496580434096,0.05107223476297973,0.0,0.026205298972057367,0.026910496580434207,1.2317279767666989,20,"(0, 0, 0, 1)",27654
"ordinal_enc,most_freq_imp,over_samp,no_scale,k_best_sel",0.10989514447423293,0.0,0.021366367683748506,0.026910496580434096,0.05107223476297973,0.0,0.026205298972057367,0.026910496580434207,1.2421783301342058,20,"(0, 0, 0, 1)",27654
"loo_enc,median_imp,k_best_sel,over_samp,max_abs_scale",0.10785675186824689,0.0,0.021366367683748506,0.026910496580434096,0.05107223476297973,0.0,0.026205298972057367,0.026910496580434207,1.236927782098116,20,"(0, 0, 0, 1)",27654
"loo_enc,median_imp,k_best_sel,over_samp,min_max_scale",0.10481063996876538,0.0,0.021366367683748506,0.026910496580434096,0.05107223476297973,0.0,0.026205298972057367,0.026910496580434207,1.2291468142174262,20,"(0, 0, 0, 1)",27654
"woe_enc,median_imp,k_best_sel,over_samp,no_scale",0.10413557707022958,0.0,0.021366367683748506,0.026910496580434096,0.05107223476297973,0.0,0.026205298972057367,0.026910496580434207,1.2274329029077171,20,"(0, 0, 0, 1)",27654
"woe_enc,median_imp,no_scale,k_best_sel,over_samp",0.10887517738477026,0.0,0.021366367683748506,0.026910496580434096,0.05107223476297973,0.0,0.026205298972057367,0.026910496580434207,1.2395466549295775,20,"(0, 0, 0, 1)",27654
"ordinal_enc,median_imp,over_samp,min_max_scale,k_best_sel",0.09875890347674426,0.0,0.021366367683748506,0.026910496580434096,0.05107223476297973,0.0,0.026205298972057367,0.026910496580434207,1.2139151581000067,20,"(0, 0, 0, 1)",27654
"target_enc,median_imp,no_scale,k_best_sel,over_samp",0.10548637300516472,0.0,0.021366367683748506,0.026910496580434096,0.05107223476297973,0.0,0.026205298972057367,0.026910496580434207,1.2308662109387696,20,"(0, 0, 0, 1)",27654
"loo_enc,most_freq_imp,k_best_sel,over_samp,max_abs_scale",0.09942869372805824,0.0,0.021366367683748506,0.026910496580434096,0.05107223476297973,0.0,0.026205298972057367,0.026910496580434207,1.2155863596898298,20,"(0, 0, 0, 1)",27654
