pipe,dp,eo,eqOdds,accu,precision,recall,f1,roc_auc,dpr,gen,reps,seed
"count_enc,median_imp,over_samp,max_abs_scale,k_best_sel",0.45071984146099886,0.37464900716596494,0.6442522019664971,0.22443365695792883,0.22624979906767406,0.22111650485436896,0.22369163777114742,0.22443365695792883,0.27848476991928817,0,accu_dp,60218
"target_enc,mean_imp,k_best_sel,over_samp,no_scale",0.40783907450574114,0.21756476731861643,0.4751803481679846,0.19591423948220066,0.210751115899646,0.17026699029126213,0.191015224422182,0.19591423948220066,0.358640165091778,0,accu_dp,60218
"onehot_enc,mean_imp,k_best_sel,under_samp,min_max_scale",0.46329139379717954,0.31194520642821477,0.6205454096531486,0.2082004846320622,0.23183309892170656,0.164137227394465,0.19941366884504974,0.2082004846320623,0.3069358922473335,0,accu_dp,60218
"woe_enc,most_freq_imp,quant_scale,k_best_sel,no_samp",0.19961282503129846,0.20323488528483935,0.29802594596514365,0.1647983784281809,0.3018414731785428,0.443948475959699,0.38094561976430497,0.2601012606335712,0.22578080145389934,0,accu_dp,60218
"count_enc,most_freq_imp,k_best_sel,under_samp,quant_scale",0.42195658287655224,0.31874284008984405,0.5720017061767679,0.2224843769927305,0.22738661989476316,0.21349317689070269,0.220501801175504,0.2224843769927305,0.32093852482938406,0,accu_dp,60218
"ordinal_enc,mean_imp,under_samp,quant_scale,k_best_sel",0.4393561447732298,0.41484509894839877,0.6813644152961006,0.2602346639459253,0.26038745857761914,0.25991582706287464,0.2601517179830434,0.2602346639459252,0.2886997926639343,0,accu_dp,60218
"loo_enc,most_freq_imp,no_sel,quant_scale,over_samp",0.3972376397245976,0.20764624507107382,0.44954600377180676,0.19822006472491904,0.21103191819026956,0.1760517799352751,0.19392116511002067,0.19822006472491915,0.368209645327003,0,accu_dp,60218
"count_enc,median_imp,max_abs_scale,k_best_sel,no_samp",0.18925375358824958,0.30378555064881296,0.38795339014488517,0.1752096065845643,0.2890995260663507,0.5408748884070909,0.4420767144517629,0.30004909468898233,0.132371283255216,0,accu_dp,60218
"loo_enc,most_freq_imp,no_sel,min_max_scale,no_samp",0.18981142700030496,0.2061264768289457,0.2904306563651271,0.16151223856761154,0.27908966461327855,0.4626960846830761,0.3842893679210815,0.2643375245421853,0.21651998591842303,0,accu_dp,60218
"woe_enc,median_imp,under_samp,no_sel,max_abs_scale",0.42738202747162957,0.2296575796441733,0.5044245971206709,0.1951919398035965,0.21689173181710497,0.15686774646091062,0.18798747159614315,0.1951919398035964,0.3473126948599264,0,accu_dp,60218
"loo_enc,most_freq_imp,no_sel,max_abs_scale,no_samp",0.18981142700030496,0.20497809026114716,0.28951872852439225,0.16157366174257548,0.27926078028747436,0.46282361943629635,0.3844355133357691,0.26442151845601225,0.21651998591842303,1,accu_dp,60218
"woe_enc,median_imp,under_samp,no_sel,min_max_scale",0.41237354596733844,0.2210111963870893,0.48265699564768216,0.19506440505037625,0.21460969205060876,0.16082132381073844,0.18860595597755714,0.19506440505037625,0.36021948642263407,1,accu_dp,60218
"woe_enc,most_freq_imp,quant_scale,k_best_sel,no_samp",0.19961282503129846,0.20323488528483935,0.29802594596514365,0.1647983784281809,0.3018414731785428,0.443948475959699,0.38094561976430497,0.2601012606335712,0.22578080145389934,1,accu_dp,60218
"loo_enc,most_freq_imp,no_sel,min_max_scale,no_samp",0.18981142700030496,0.2061264768289457,0.2904306563651271,0.16151223856761154,0.27908966461327855,0.4626960846830761,0.3842893679210815,0.2643375245421853,0.21651998591842303,1,accu_dp,60218
"loo_enc,most_freq_imp,no_sel,over_samp,quant_scale",0.3915125881698003,0.19120171278741013,0.4345636674217366,0.19931229773462789,0.21075570083274964,0.17953074433656957,0.19544607084771315,0.19931229773462777,0.3735486723699841,1,accu_dp,60218
"target_enc,mean_imp,k_best_sel,no_scale,over_samp",0.40908865833409275,0.21374668045568443,0.46948872973083833,0.19492313915857606,0.20885611705207896,0.170995145631068,0.190368014538846,0.19492313915857618,0.35455059234612646,1,accu_dp,60218
"count_enc,median_imp,max_abs_scale,k_best_sel,no_samp",0.18925375358824958,0.30378555064881296,0.38795339014488517,0.1752096065845643,0.2890995260663507,0.5408748884070909,0.4420767144517629,0.30004909468898233,0.132371283255216,1,accu_dp,60218
"onehot_enc,mean_imp,k_best_sel,under_samp,min_max_scale",0.4752488517866857,0.31603598345814077,0.6352925690556277,0.20781788037240145,0.23091378905332394,0.1649024359137865,0.1992662794252522,0.20781788037240145,0.29394788277098083,1,accu_dp,60218
"loo_enc,most_freq_imp,no_sel,quant_scale,over_samp",0.39297301311947075,0.20324220558689654,0.43982051273426814,0.19668284789644008,0.20935731452050543,0.174878640776699,0.19248584662892432,0.19668284789644008,0.3736164345873069,1,accu_dp,60218
"count_enc,most_freq_imp,k_best_sel,under_samp,quant_scale",0.42853896878323183,0.30233453493781526,0.5688544391020612,0.2184670322662926,0.22382084323783313,0.20877439102155337,0.2163698370594922,0.2184670322662925,0.31405064184718356,1,accu_dp,60218
"loo_enc,most_freq_imp,min_max_scale,no_sel,no_samp",0.18981142700030496,0.2061264768289457,0.2904306563651271,0.16151223856761154,0.27908966461327855,0.4626960846830761,0.3842893679210815,0.2643375245421853,0.21651998591842303,2,accu_dp,60218
"count_enc,median_imp,k_best_sel,max_abs_scale,no_samp",0.18925375358824958,0.30378555064881296,0.38795339014488517,0.1752096065845643,0.2890995260663507,0.5408748884070909,0.4420767144517629,0.30004909468898233,0.132371283255216,2,accu_dp,60218
"loo_enc,most_freq_imp,no_sel,no_samp,max_abs_scale",0.18981142700030496,0.20497809026114716,0.28951872852439225,0.16157366174257548,0.27926078028747436,0.46282361943629635,0.3844355133357691,0.26442151845601225,0.21651998591842303,2,accu_dp,60218
"loo_enc,most_freq_imp,no_sel,quant_scale,over_samp",0.39108733904297704,0.20066042016078467,0.4398344806880441,0.19803802588996766,0.21095837366892545,0.17568770226537211,0.19370857651597595,0.19803802588996766,0.3770619948756533,2,accu_dp,60218
"loo_enc,most_freq_imp,no_sel,max_abs_scale,no_samp",0.18981142700030496,0.20497809026114716,0.28951872852439225,0.16157366174257548,0.27926078028747436,0.46282361943629635,0.3844355133357691,0.26442151845601225,0.21651998591842303,2,accu_dp,60218
"woe_enc,median_imp,under_samp,no_sel,min_max_scale",0.4229648255661988,0.22946227753829718,0.4981063894853541,0.1929600816222421,0.2144466848535168,0.15533732942226752,0.1859636184857424,0.1929600816222421,0.3511818216586054,2,accu_dp,60218
"count_enc,median_imp,max_abs_scale,k_best_sel,no_samp",0.18925375358824958,0.30378555064881296,0.38795339014488517,0.1752096065845643,0.2890995260663507,0.5408748884070909,0.4420767144517629,0.30004909468898233,0.132371283255216,2,accu_dp,60218
"target_enc,mean_imp,k_best_sel,no_scale,over_samp",0.40849653841715267,0.21834165348551698,0.4752123535092015,0.19670307443365698,0.2106441279765351,0.1726132686084142,0.19207600086903287,0.19670307443365698,0.35589069153130015,2,accu_dp,60218
"loo_enc,most_freq_imp,no_sel,min_max_scale,no_samp",0.18981142700030496,0.2061264768289457,0.2904306563651271,0.16151223856761154,0.27908966461327855,0.4626960846830761,0.3842893679210815,0.2643375245421853,0.21651998591842303,2,accu_dp,60218
"woe_enc,most_freq_imp,quant_scale,k_best_sel,no_samp",0.19961282503129846,0.20323488528483935,0.29802594596514365,0.1647983784281809,0.3018414731785428,0.443948475959699,0.38094561976430497,0.2601012606335712,0.22578080145389934,2,accu_dp,60218
"loo_enc,most_freq_imp,min_max_scale,no_sel,no_samp",0.18981142700030496,0.2061264768289457,0.2904306563651271,0.16151223856761154,0.27908966461327855,0.4626960846830761,0.3842893679210815,0.2643375245421853,0.21651998591842303,3,accu_dp,60218
"loo_enc,most_freq_imp,no_sel,min_max_scale,no_samp",0.18981142700030496,0.2061264768289457,0.2904306563651271,0.16151223856761154,0.27908966461327855,0.4626960846830761,0.3842893679210815,0.2643375245421853,0.21651998591842303,3,accu_dp,60218
"loo_enc,mean_imp,min_max_scale,no_sel,no_samp",0.1911966586804462,0.20792048072327474,0.2940018772157687,0.16218789349221463,0.2811965811965812,0.4637163627088382,0.3857278504126799,0.265130835076102,0.21288962919952345,3,accu_dp,60218
"target_enc,most_freq_imp,k_best_sel,no_scale,over_samp",0.4113585241914439,0.22707260600667958,0.4851584580012688,0.1974919093851133,0.21183044315992294,0.1726132686084142,0.19269784882573515,0.1974919093851133,0.35302910334728943,3,accu_dp,60218
"count_enc,median_imp,k_best_sel,no_samp,max_abs_scale",0.18925375358824958,0.30378555064881296,0.38795339014488517,0.1752096065845643,0.2890995260663507,0.5408748884070909,0.4420767144517629,0.30004909468898233,0.132371283255216,3,accu_dp,60218
"loo_enc,most_freq_imp,max_abs_scale,no_sel,no_samp",0.18981142700030496,0.20497809026114716,0.28951872852439225,0.16157366174257548,0.27926078028747436,0.46282361943629635,0.3844355133357691,0.26442151845601225,0.21651998591842303,3,accu_dp,60218
"count_enc,median_imp,k_best_sel,max_abs_scale,no_samp",0.18925375358824958,0.30378555064881296,0.38795339014488517,0.1752096065845643,0.2890995260663507,0.5408748884070909,0.4420767144517629,0.30004909468898233,0.132371283255216,3,accu_dp,60218
"loo_enc,most_freq_imp,no_sel,no_samp,max_abs_scale",0.18981142700030496,0.20497809026114716,0.28951872852439225,0.16157366174257548,0.27926078028747436,0.46282361943629635,0.3844355133357691,0.26442151845601225,0.21651998591842303,3,accu_dp,60218
"woe_enc,median_imp,under_samp,no_sel,min_max_scale",0.42497175783388125,0.23445368500953212,0.5043768742954222,0.1934064532585129,0.21509836454136055,0.15533732942226752,0.18631365562995283,0.1934064532585129,0.34903630243216394,3,accu_dp,60218
"loo_enc,most_freq_imp,no_sel,max_abs_scale,no_samp",0.18981142700030496,0.20497809026114716,0.28951872852439225,0.16157366174257548,0.27926078028747436,0.46282361943629635,0.3844355133357691,0.26442151845601225,0.21651998591842303,3,accu_dp,60218
"loo_enc,most_freq_imp,no_sel,max_abs_scale,no_samp",0.18981142700030496,0.20497809026114716,0.28951872852439225,0.16157366174257548,0.27926078028747436,0.46282361943629635,0.3844355133357691,0.26442151845601225,0.21651998591842303,4,accu_dp,60218
"count_enc,median_imp,k_best_sel,no_samp,max_abs_scale",0.18925375358824958,0.30378555064881296,0.38795339014488517,0.1752096065845643,0.2890995260663507,0.5408748884070909,0.4420767144517629,0.30004909468898233,0.132371283255216,4,accu_dp,60218
"loo_enc,most_freq_imp,max_abs_scale,no_sel,no_samp",0.18981142700030496,0.20497809026114716,0.28951872852439225,0.16157366174257548,0.27926078028747436,0.46282361943629635,0.3844355133357691,0.26442151845601225,0.21651998591842303,4,accu_dp,60218
"loo_enc,most_freq_imp,min_max_scale,no_sel,no_samp",0.18981142700030496,0.2061264768289457,0.2904306563651271,0.16151223856761154,0.27908966461327855,0.4626960846830761,0.3842893679210815,0.2643375245421853,0.21651998591842303,4,accu_dp,60218
"loo_enc,mean_imp,min_max_scale,no_sel,no_samp",0.1911966586804462,0.20792048072327474,0.2940018772157687,0.16218789349221463,0.2811965811965812,0.4637163627088382,0.3857278504126799,0.265130835076102,0.21288962919952345,4,accu_dp,60218
"loo_enc,mean_imp,no_sel,min_max_scale,no_samp",0.1911966586804462,0.20792048072327474,0.2940018772157687,0.16218789349221463,0.2811965811965812,0.4637163627088382,0.3857278504126799,0.265130835076102,0.21288962919952345,4,accu_dp,60218
"loo_enc,most_freq_imp,no_sel,min_max_scale,no_samp",0.18981142700030496,0.2061264768289457,0.2904306563651271,0.16151223856761154,0.27908966461327855,0.4626960846830761,0.3842893679210815,0.2643375245421853,0.21651998591842303,4,accu_dp,60218
"loo_enc,most_freq_imp,no_sel,no_samp,max_abs_scale",0.18981142700030496,0.20497809026114716,0.28951872852439225,0.16157366174257548,0.27926078028747436,0.46282361943629635,0.3844355133357691,0.26442151845601225,0.21651998591842303,4,accu_dp,60218
"count_enc,median_imp,k_best_sel,max_abs_scale,no_samp",0.18925375358824958,0.30378555064881296,0.38795339014488517,0.1752096065845643,0.2890995260663507,0.5408748884070909,0.4420767144517629,0.30004909468898233,0.132371283255216,4,accu_dp,60218
"loo_enc,most_freq_imp,no_sel,under_samp,max_abs_scale",0.41570276552922086,0.23536322754172198,0.4996712806597997,0.1984440760107129,0.21522341322413585,0.16898354801683457,0.1927651139742319,0.1984440760107129,0.3506796178346019,4,accu_dp,60218
"loo_enc,mean_imp,max_abs_scale,no_sel,no_samp",0.19105898084657744,0.20777037564972328,0.2937195669597741,0.1621571819047326,0.28099880280485723,0.46384389746205845,0.3857393337229691,0.2651541493782784,0.21301036055823774,5,accu_dp,60218
"loo_enc,most_freq_imp,no_sel,min_max_scale,no_samp",0.18981142700030496,0.2061264768289457,0.2904306563651271,0.16151223856761154,0.27908966461327855,0.4626960846830761,0.3842893679210815,0.2643375245421853,0.21651998591842303,5,accu_dp,60218
"loo_enc,mean_imp,no_sel,min_max_scale,no_samp",0.1911966586804462,0.20792048072327474,0.2940018772157687,0.16218789349221463,0.2811965811965812,0.4637163627088382,0.3857278504126799,0.265130835076102,0.21288962919952345,5,accu_dp,60218
"loo_enc,most_freq_imp,min_max_scale,no_sel,no_samp",0.18981142700030496,0.2061264768289457,0.2904306563651271,0.16151223856761154,0.27908966461327855,0.4626960846830761,0.3842893679210815,0.2643375245421853,0.21651998591842303,5,accu_dp,60218
"count_enc,median_imp,k_best_sel,max_abs_scale,no_samp",0.18925375358824958,0.30378555064881296,0.38795339014488517,0.1752096065845643,0.2890995260663507,0.5408748884070909,0.4420767144517629,0.30004909468898233,0.132371283255216,5,accu_dp,60218
"loo_enc,most_freq_imp,max_abs_scale,no_sel,no_samp",0.18981142700030496,0.20497809026114716,0.28951872852439225,0.16157366174257548,0.27926078028747436,0.46282361943629635,0.3844355133357691,0.26442151845601225,0.21651998591842303,5,accu_dp,60218
"loo_enc,mean_imp,min_max_scale,no_sel,no_samp",0.1911966586804462,0.20792048072327474,0.2940018772157687,0.16218789349221463,0.2811965811965812,0.4637163627088382,0.3857278504126799,0.265130835076102,0.21288962919952345,5,accu_dp,60218
"loo_enc,most_freq_imp,no_sel,max_abs_scale,no_samp",0.18981142700030496,0.20497809026114716,0.28951872852439225,0.16157366174257548,0.27926078028747436,0.46282361943629635,0.3844355133357691,0.26442151845601225,0.21651998591842303,5,accu_dp,60218
"loo_enc,most_freq_imp,no_samp,no_sel,min_max_scale",0.18981142700030496,0.2061264768289457,0.2904306563651271,0.16151223856761154,0.27908966461327855,0.4626960846830761,0.3842893679210815,0.2643375245421853,0.21651998591842303,5,accu_dp,60218
"loo_enc,most_freq_imp,no_sel,no_samp,max_abs_scale",0.18981142700030496,0.20497809026114716,0.28951872852439225,0.16157366174257548,0.27926078028747436,0.46282361943629635,0.3844355133357691,0.26442151845601225,0.21651998591842303,5,accu_dp,60218
"loo_enc,mean_imp,max_abs_scale,no_sel,no_samp",0.19105898084657744,0.20777037564972328,0.2937195669597741,0.1621571819047326,0.28099880280485723,0.46384389746205845,0.3857393337229691,0.2651541493782784,0.21301036055823774,6,accu_dp,60218
"loo_enc,most_freq_imp,no_sel,no_samp,max_abs_scale",0.18981142700030496,0.20497809026114716,0.28951872852439225,0.16157366174257548,0.27926078028747436,0.46282361943629635,0.3844355133357691,0.26442151845601225,0.21651998591842303,6,accu_dp,60218
"loo_enc,most_freq_imp,no_sel,min_max_scale,no_samp",0.18981142700030496,0.2061264768289457,0.2904306563651271,0.16151223856761154,0.27908966461327855,0.4626960846830761,0.3842893679210815,0.2643375245421853,0.21651998591842303,6,accu_dp,60218
"loo_enc,mean_imp,min_max_scale,no_sel,no_samp",0.1911966586804462,0.20792048072327474,0.2940018772157687,0.16218789349221463,0.2811965811965812,0.4637163627088382,0.3857278504126799,0.265130835076102,0.21288962919952345,6,accu_dp,60218
"loo_enc,most_freq_imp,no_samp,no_sel,min_max_scale",0.18981142700030496,0.2061264768289457,0.2904306563651271,0.16151223856761154,0.27908966461327855,0.4626960846830761,0.3842893679210815,0.2643375245421853,0.21651998591842303,6,accu_dp,60218
"loo_enc,most_freq_imp,max_abs_scale,no_sel,no_samp",0.18981142700030496,0.20497809026114716,0.28951872852439225,0.16157366174257548,0.27926078028747436,0.46282361943629635,0.3844355133357691,0.26442151845601225,0.21651998591842303,6,accu_dp,60218
"loo_enc,most_freq_imp,min_max_scale,no_sel,no_samp",0.18981142700030496,0.2061264768289457,0.2904306563651271,0.16151223856761154,0.27908966461327855,0.4626960846830761,0.3842893679210815,0.2643375245421853,0.21651998591842303,6,accu_dp,60218
"count_enc,median_imp,k_best_sel,max_abs_scale,no_samp",0.18925375358824958,0.30378555064881296,0.38795339014488517,0.1752096065845643,0.2890995260663507,0.5408748884070909,0.4420767144517629,0.30004909468898233,0.132371283255216,6,accu_dp,60218
"loo_enc,most_freq_imp,no_sel,over_samp,max_abs_scale",0.4144211774942016,0.21699611751529985,0.4788426501228977,0.1917677993527508,0.20903501737503338,0.16209546925566343,0.18624157777908723,0.1917677993527508,0.3537705855218622,6,accu_dp,60218
"loo_enc,most_freq_imp,no_sel,max_abs_scale,no_samp",0.18981142700030496,0.20497809026114716,0.28951872852439225,0.16157366174257548,0.27926078028747436,0.46282361943629635,0.3844355133357691,0.26442151845601225,0.21651998591842303,6,accu_dp,60218
"count_enc,median_imp,k_best_sel,max_abs_scale,no_samp",0.18925375358824958,0.30378555064881296,0.38795339014488517,0.1752096065845643,0.2890995260663507,0.5408748884070909,0.4420767144517629,0.30004909468898233,0.132371283255216,7,accu_dp,60218
"loo_enc,mean_imp,min_max_scale,no_sel,no_samp",0.1911966586804462,0.20792048072327474,0.2940018772157687,0.16218789349221463,0.2811965811965812,0.4637163627088382,0.3857278504126799,0.265130835076102,0.21288962919952345,7,accu_dp,60218
"loo_enc,most_freq_imp,max_abs_scale,no_sel,no_samp",0.18981142700030496,0.20497809026114716,0.28951872852439225,0.16157366174257548,0.27926078028747436,0.46282361943629635,0.3844355133357691,0.26442151845601225,0.21651998591842303,7,accu_dp,60218
"loo_enc,most_freq_imp,no_samp,no_sel,min_max_scale",0.18981142700030496,0.2061264768289457,0.2904306563651271,0.16151223856761154,0.27908966461327855,0.4626960846830761,0.3842893679210815,0.2643375245421853,0.21651998591842303,7,accu_dp,60218
"loo_enc,most_freq_imp,no_samp,no_sel,max_abs_scale",0.18981142700030496,0.20497809026114716,0.28951872852439225,0.16157366174257548,0.27926078028747436,0.46282361943629635,0.3844355133357691,0.26442151845601225,0.21651998591842303,7,accu_dp,60218
"loo_enc,mean_imp,max_abs_scale,no_sel,no_samp",0.19105898084657744,0.20777037564972328,0.2937195669597741,0.1621571819047326,0.28099880280485723,0.46384389746205845,0.3857393337229691,0.2651541493782784,0.21301036055823774,7,accu_dp,60218
"loo_enc,most_freq_imp,no_sel,max_abs_scale,no_samp",0.18981142700030496,0.20497809026114716,0.28951872852439225,0.16157366174257548,0.27926078028747436,0.46282361943629635,0.3844355133357691,0.26442151845601225,0.21651998591842303,7,accu_dp,60218
"loo_enc,most_freq_imp,no_sel,min_max_scale,no_samp",0.18981142700030496,0.2061264768289457,0.2904306563651271,0.16151223856761154,0.27908966461327855,0.4626960846830761,0.3842893679210815,0.2643375245421853,0.21651998591842303,7,accu_dp,60218
"loo_enc,most_freq_imp,no_sel,no_samp,max_abs_scale",0.18981142700030496,0.20497809026114716,0.28951872852439225,0.16157366174257548,0.27926078028747436,0.46282361943629635,0.3844355133357691,0.26442151845601225,0.21651998591842303,7,accu_dp,60218
"loo_enc,most_freq_imp,no_sel,over_samp,max_abs_scale",0.4101669629536988,0.2160462235229371,0.47367238960793034,0.19326456310679607,0.2080846968238691,0.1678802588996764,0.18848012624519195,0.19326456310679618,0.3550564322987997,7,accu_dp,60218
"loo_enc,most_freq_imp,no_sel,no_samp,min_max_scale",0.18981142700030496,0.2061264768289457,0.2904306563651271,0.16151223856761154,0.27908966461327855,0.4626960846830761,0.3842893679210815,0.2643375245421853,0.21651998591842303,8,accu_dp,60218
"loo_enc,most_freq_imp,no_sel,max_abs_scale,no_samp",0.18981142700030496,0.20497809026114716,0.28951872852439225,0.16157366174257548,0.27926078028747436,0.46282361943629635,0.3844355133357691,0.26442151845601225,0.21651998591842303,8,accu_dp,60218
"loo_enc,most_freq_imp,no_sel,min_max_scale,no_samp",0.18981142700030496,0.2061264768289457,0.2904306563651271,0.16151223856761154,0.27908966461327855,0.4626960846830761,0.3842893679210815,0.2643375245421853,0.21651998591842303,8,accu_dp,60218
"loo_enc,most_freq_imp,no_samp,no_sel,min_max_scale",0.18981142700030496,0.2061264768289457,0.2904306563651271,0.16151223856761154,0.27908966461327855,0.4626960846830761,0.3842893679210815,0.2643375245421853,0.21651998591842303,8,accu_dp,60218
"loo_enc,most_freq_imp,no_sel,over_samp,min_max_scale",0.41492796783494457,0.2304626164555637,0.48769971999989753,0.19334546925566343,0.20827400423321152,0.16775889967637536,0.1885218420274134,0.19334546925566343,0.3490053775432978,8,accu_dp,60218
"loo_enc,most_freq_imp,no_samp,no_sel,max_abs_scale",0.18981142700030496,0.20497809026114716,0.28951872852439225,0.16157366174257548,0.27926078028747436,0.46282361943629635,0.3844355133357691,0.26442151845601225,0.21651998591842303,8,accu_dp,60218
"loo_enc,most_freq_imp,max_abs_scale,no_sel,no_samp",0.18981142700030496,0.20497809026114716,0.28951872852439225,0.16157366174257548,0.27926078028747436,0.46282361943629635,0.3844355133357691,0.26442151845601225,0.21651998591842303,8,accu_dp,60218
"loo_enc,most_freq_imp,no_sel,no_samp,max_abs_scale",0.18981142700030496,0.20497809026114716,0.28951872852439225,0.16157366174257548,0.27926078028747436,0.46282361943629635,0.3844355133357691,0.26442151845601225,0.21651998591842303,8,accu_dp,60218
"count_enc,median_imp,k_best_sel,max_abs_scale,no_samp",0.18925375358824958,0.30378555064881296,0.38795339014488517,0.1752096065845643,0.2890995260663507,0.5408748884070909,0.4420767144517629,0.30004909468898233,0.132371283255216,8,accu_dp,60218
"loo_enc,most_freq_imp,k_best_sel,min_max_scale,no_samp",0.1870267710591845,0.2047465032138273,0.28846595874459086,0.16381560762875835,0.28165824769203973,0.47404667771967857,0.3927256663230747,0.269729649539451,0.2147758494451579,8,accu_dp,60218
"loo_enc,most_freq_imp,no_sel,no_samp,min_max_scale",0.18981142700030496,0.2061264768289457,0.2904306563651271,0.16151223856761154,0.27908966461327855,0.4626960846830761,0.3842893679210815,0.2643375245421853,0.21651998591842303,9,accu_dp,60218
"loo_enc,most_freq_imp,no_samp,no_sel,max_abs_scale",0.18981142700030496,0.20497809026114716,0.28951872852439225,0.16157366174257548,0.27926078028747436,0.46282361943629635,0.3844355133357691,0.26442151845601225,0.21651998591842303,9,accu_dp,60218
"loo_enc,most_freq_imp,no_sel,no_samp,max_abs_scale",0.18981142700030496,0.20497809026114716,0.28951872852439225,0.16157366174257548,0.27926078028747436,0.46282361943629635,0.3844355133357691,0.26442151845601225,0.21651998591842303,9,accu_dp,60218
"loo_enc,most_freq_imp,no_samp,no_sel,min_max_scale",0.18981142700030496,0.2061264768289457,0.2904306563651271,0.16151223856761154,0.27908966461327855,0.4626960846830761,0.3842893679210815,0.2643375245421853,0.21651998591842303,9,accu_dp,60218
"loo_enc,most_freq_imp,no_sel,min_max_scale,no_samp",0.18981142700030496,0.2061264768289457,0.2904306563651271,0.16151223856761154,0.27908966461327855,0.4626960846830761,0.3842893679210815,0.2643375245421853,0.21651998591842303,9,accu_dp,60218
"loo_enc,most_freq_imp,k_best_sel,max_abs_scale,no_samp",0.18693498583660534,0.20504671336093028,0.28850175852680754,0.16363133810386654,0.2810594180170761,0.47379160821323807,0.392341678939617,0.2695212086373634,0.21485864661148216,9,accu_dp,60218
"loo_enc,most_freq_imp,no_sel,max_abs_scale,no_samp",0.18981142700030496,0.20497809026114716,0.28951872852439225,0.16157366174257548,0.27926078028747436,0.46282361943629635,0.3844355133357691,0.26442151845601225,0.21651998591842303,9,accu_dp,60218
"count_enc,median_imp,k_best_sel,max_abs_scale,no_samp",0.18925375358824958,0.30378555064881296,0.38795339014488517,0.1752096065845643,0.2890995260663507,0.5408748884070909,0.4420767144517629,0.30004909468898233,0.132371283255216,9,accu_dp,60218
"target_enc,most_freq_imp,no_samp,no_sel,max_abs_scale",0.18981142700030496,0.20497809026114716,0.28951872852439225,0.16157366174257548,0.27926078028747436,0.46282361943629635,0.3844355133357691,0.26442151845601225,0.21651998591842303,9,accu_dp,60218
"loo_enc,most_freq_imp,k_best_sel,min_max_scale,no_samp",0.1870267710591845,0.2047465032138273,0.28846595874459086,0.16381560762875835,0.28165824769203973,0.47404667771967857,0.3927256663230747,0.269729649539451,0.2147758494451579,9,accu_dp,60218
"loo_enc,most_freq_imp,no_samp,no_sel,min_max_scale",0.18981142700030496,0.2061264768289457,0.2904306563651271,0.16151223856761154,0.27908966461327855,0.4626960846830761,0.3842893679210815,0.2643375245421853,0.21651998591842303,10,accu_dp,60218
"loo_enc,most_freq_imp,no_sel,no_samp,min_max_scale",0.18981142700030496,0.2061264768289457,0.2904306563651271,0.16151223856761154,0.27908966461327855,0.4626960846830761,0.3842893679210815,0.2643375245421853,0.21651998591842303,10,accu_dp,60218
"loo_enc,most_freq_imp,k_best_sel,min_max_scale,no_samp",0.1870267710591845,0.2047465032138273,0.28846595874459086,0.16381560762875835,0.28165824769203973,0.47404667771967857,0.3927256663230747,0.269729649539451,0.2147758494451579,10,accu_dp,60218
"loo_enc,most_freq_imp,no_sel,no_samp,max_abs_scale",0.18981142700030496,0.20497809026114716,0.28951872852439225,0.16157366174257548,0.27926078028747436,0.46282361943629635,0.3844355133357691,0.26442151845601225,0.21651998591842303,10,accu_dp,60218
"loo_enc,most_freq_imp,k_best_sel,max_abs_scale,no_samp",0.18693498583660534,0.20504671336093028,0.28850175852680754,0.16363133810386654,0.2810594180170761,0.47379160821323807,0.392341678939617,0.2695212086373634,0.21485864661148216,10,accu_dp,60218
"loo_enc,most_freq_imp,no_samp,no_sel,max_abs_scale",0.18981142700030496,0.20497809026114716,0.28951872852439225,0.16157366174257548,0.27926078028747436,0.46282361943629635,0.3844355133357691,0.26442151845601225,0.21651998591842303,10,accu_dp,60218
"target_enc,most_freq_imp,no_samp,no_sel,max_abs_scale",0.18981142700030496,0.20497809026114716,0.28951872852439225,0.16157366174257548,0.27926078028747436,0.46282361943629635,0.3844355133357691,0.26442151845601225,0.21651998591842303,10,accu_dp,60218
"loo_enc,most_freq_imp,no_sel,max_abs_scale,no_samp",0.18981142700030496,0.20497809026114716,0.28951872852439225,0.16157366174257548,0.27926078028747436,0.46282361943629635,0.3844355133357691,0.26442151845601225,0.21651998591842303,10,accu_dp,60218
"loo_enc,most_freq_imp,no_sel,min_max_scale,no_samp",0.18981142700030496,0.2061264768289457,0.2904306563651271,0.16151223856761154,0.27908966461327855,0.4626960846830761,0.3842893679210815,0.2643375245421853,0.21651998591842303,10,accu_dp,60218
"count_enc,median_imp,k_best_sel,max_abs_scale,no_samp",0.18925375358824958,0.30378555064881296,0.38795339014488517,0.1752096065845643,0.2890995260663507,0.5408748884070909,0.4420767144517629,0.30004909468898233,0.132371283255216,10,accu_dp,60218
"loo_enc,most_freq_imp,no_sel,no_samp,max_abs_scale",0.18981142700030496,0.20497809026114716,0.28951872852439225,0.16157366174257548,0.27926078028747436,0.46282361943629635,0.3844355133357691,0.26442151845601225,0.21651998591842303,11,accu_dp,60218
"loo_enc,most_freq_imp,no_samp,no_sel,min_max_scale",0.18981142700030496,0.2061264768289457,0.2904306563651271,0.16151223856761154,0.27908966461327855,0.4626960846830761,0.3842893679210815,0.2643375245421853,0.21651998591842303,11,accu_dp,60218
"loo_enc,most_freq_imp,no_sel,max_abs_scale,no_samp",0.18981142700030496,0.20497809026114716,0.28951872852439225,0.16157366174257548,0.27926078028747436,0.46282361943629635,0.3844355133357691,0.26442151845601225,0.21651998591842303,11,accu_dp,60218
"loo_enc,most_freq_imp,k_best_sel,no_samp,max_abs_scale",0.18693498583660534,0.20504671336093028,0.28850175852680754,0.16363133810386654,0.2810594180170761,0.47379160821323807,0.392341678939617,0.2695212086373634,0.21485864661148216,11,accu_dp,60218
"loo_enc,most_freq_imp,no_sel,no_samp,min_max_scale",0.18981142700030496,0.2061264768289457,0.2904306563651271,0.16151223856761154,0.27908966461327855,0.4626960846830761,0.3842893679210815,0.2643375245421853,0.21651998591842303,11,accu_dp,60218
"loo_enc,most_freq_imp,no_sel,min_max_scale,no_samp",0.18981142700030496,0.2061264768289457,0.2904306563651271,0.16151223856761154,0.27908966461327855,0.4626960846830761,0.3842893679210815,0.2643375245421853,0.21651998591842303,11,accu_dp,60218
"target_enc,most_freq_imp,no_samp,no_sel,max_abs_scale",0.18981142700030496,0.20497809026114716,0.28951872852439225,0.16157366174257548,0.27926078028747436,0.46282361943629635,0.3844355133357691,0.26442151845601225,0.21651998591842303,11,accu_dp,60218
"loo_enc,most_freq_imp,k_best_sel,min_max_scale,no_samp",0.1870267710591845,0.2047465032138273,0.28846595874459086,0.16381560762875835,0.28165824769203973,0.47404667771967857,0.3927256663230747,0.269729649539451,0.2147758494451579,11,accu_dp,60218
"loo_enc,most_freq_imp,no_samp,no_sel,max_abs_scale",0.18981142700030496,0.20497809026114716,0.28951872852439225,0.16157366174257548,0.27926078028747436,0.46282361943629635,0.3844355133357691,0.26442151845601225,0.21651998591842303,11,accu_dp,60218
"count_enc,median_imp,k_best_sel,max_abs_scale,no_samp",0.18925375358824958,0.30378555064881296,0.38795339014488517,0.1752096065845643,0.2890995260663507,0.5408748884070909,0.4420767144517629,0.30004909468898233,0.132371283255216,11,accu_dp,60218
"loo_enc,most_freq_imp,no_samp,no_sel,max_abs_scale",0.18981142700030496,0.20497809026114716,0.28951872852439225,0.16157366174257548,0.27926078028747436,0.46282361943629635,0.3844355133357691,0.26442151845601225,0.21651998591842303,12,accu_dp,60218
"loo_enc,most_freq_imp,no_sel,min_max_scale,no_samp",0.18981142700030496,0.2061264768289457,0.2904306563651271,0.16151223856761154,0.27908966461327855,0.4626960846830761,0.3842893679210815,0.2643375245421853,0.21651998591842303,12,accu_dp,60218
"loo_enc,most_freq_imp,no_samp,no_sel,min_max_scale",0.18981142700030496,0.2061264768289457,0.2904306563651271,0.16151223856761154,0.27908966461327855,0.4626960846830761,0.3842893679210815,0.2643375245421853,0.21651998591842303,12,accu_dp,60218
"loo_enc,most_freq_imp,k_best_sel,no_samp,max_abs_scale",0.18693498583660534,0.20504671336093028,0.28850175852680754,0.16363133810386654,0.2810594180170761,0.47379160821323807,0.392341678939617,0.2695212086373634,0.21485864661148216,12,accu_dp,60218
"loo_enc,most_freq_imp,no_sel,max_abs_scale,no_samp",0.18981142700030496,0.20497809026114716,0.28951872852439225,0.16157366174257548,0.27926078028747436,0.46282361943629635,0.3844355133357691,0.26442151845601225,0.21651998591842303,12,accu_dp,60218
"loo_enc,most_freq_imp,no_sel,under_samp,min_max_scale",0.4152330493818702,0.24190813976908518,0.49552986099415364,0.19551077668664707,0.21203714871547463,0.16681545721209035,0.19005702950657077,0.19551077668664718,0.351530625958523,12,accu_dp,60218
"loo_enc,most_freq_imp,k_best_sel,min_max_scale,no_samp",0.1870267710591845,0.2047465032138273,0.28846595874459086,0.16381560762875835,0.28165824769203973,0.47404667771967857,0.3927256663230747,0.269729649539451,0.2147758494451579,12,accu_dp,60218
"loo_enc,most_freq_imp,no_sel,no_samp,min_max_scale",0.18981142700030496,0.2061264768289457,0.2904306563651271,0.16151223856761154,0.27908966461327855,0.4626960846830761,0.3842893679210815,0.2643375245421853,0.21651998591842303,12,accu_dp,60218
"count_enc,most_freq_imp,no_sel,no_samp,max_abs_scale",0.1865919821334538,0.30427380591350334,0.385738992176161,0.17527102975952824,0.28685577307231325,0.5447009310036985,0.4442282244882073,0.301395772945215,0.13400654085453495,12,accu_dp,60218
"target_enc,most_freq_imp,under_samp,no_sel,max_abs_scale",0.42107170369597213,0.23148226659424956,0.49852635342755824,0.19538324193342682,0.213024149945933,0.164647366407346,0.1895570403365504,0.19538324193342682,0.34661681005723294,12,accu_dp,60218
"loo_enc,most_freq_imp,no_samp,no_sel,min_max_scale",0.18981142700030496,0.2061264768289457,0.2904306563651271,0.16151223856761154,0.27908966461327855,0.4626960846830761,0.3842893679210815,0.2643375245421853,0.21651998591842303,13,accu_dp,60218
"loo_enc,most_freq_imp,no_sel,max_abs_scale,no_samp",0.18981142700030496,0.20497809026114716,0.28951872852439225,0.16157366174257548,0.27926078028747436,0.46282361943629635,0.3844355133357691,0.26442151845601225,0.21651998591842303,13,accu_dp,60218
"loo_enc,most_freq_imp,no_sel,no_samp,min_max_scale",0.18981142700030496,0.2061264768289457,0.2904306563651271,0.16151223856761154,0.27908966461327855,0.4626960846830761,0.3842893679210815,0.2643375245421853,0.21651998591842303,13,accu_dp,60218
"loo_enc,most_freq_imp,no_sel,min_max_scale,no_samp",0.18981142700030496,0.2061264768289457,0.2904306563651271,0.16151223856761154,0.27908966461327855,0.4626960846830761,0.3842893679210815,0.2643375245421853,0.21651998591842303,13,accu_dp,60218
"count_enc,most_freq_imp,no_sel,no_samp,max_abs_scale",0.1865919821334538,0.30427380591350334,0.385738992176161,0.17527102975952824,0.28685577307231325,0.5447009310036985,0.4442282244882073,0.301395772945215,0.13400654085453495,13,accu_dp,60218
"loo_enc,most_freq_imp,no_samp,no_sel,max_abs_scale",0.18981142700030496,0.20497809026114716,0.28951872852439225,0.16157366174257548,0.27926078028747436,0.46282361943629635,0.3844355133357691,0.26442151845601225,0.21651998591842303,13,accu_dp,60218
"loo_enc,most_freq_imp,k_best_sel,no_samp,max_abs_scale",0.18693498583660534,0.20504671336093028,0.28850175852680754,0.16363133810386654,0.2810594180170761,0.47379160821323807,0.392341678939617,0.2695212086373634,0.21485864661148216,13,accu_dp,60218
"loo_enc,most_freq_imp,k_best_sel,min_max_scale,no_samp",0.1870267710591845,0.2047465032138273,0.28846595874459086,0.16381560762875835,0.28165824769203973,0.47404667771967857,0.3927256663230747,0.269729649539451,0.2147758494451579,13,accu_dp,60218
"loo_enc,most_freq_imp,no_sel,under_samp,min_max_scale",0.40954506547333014,0.22927588752330197,0.48754247213678414,0.19780640224461166,0.2146899458157736,0.16821833949751308,0.19212188777406158,0.19780640224461166,0.3583626881201193,13,accu_dp,60218
"target_enc,most_freq_imp,no_samp,no_sel,max_abs_scale",0.18981142700030496,0.20497809026114716,0.28951872852439225,0.16157366174257548,0.27926078028747436,0.46282361943629635,0.3844355133357691,0.26442151845601225,0.21651998591842303,13,accu_dp,60218
"loo_enc,most_freq_imp,no_samp,no_sel,min_max_scale",0.18981142700030496,0.2061264768289457,0.2904306563651271,0.16151223856761154,0.27908966461327855,0.4626960846830761,0.3842893679210815,0.2643375245421853,0.21651998591842303,14,accu_dp,60218
"target_enc,most_freq_imp,no_sel,max_abs_scale,no_samp",0.18981142700030496,0.20497809026114716,0.28951872852439225,0.16157366174257548,0.27926078028747436,0.46282361943629635,0.3844355133357691,0.26442151845601225,0.21651998591842303,14,accu_dp,60218
"loo_enc,most_freq_imp,k_best_sel,min_max_scale,no_samp",0.1870267710591845,0.2047465032138273,0.28846595874459086,0.16381560762875835,0.28165824769203973,0.47404667771967857,0.3927256663230747,0.269729649539451,0.2147758494451579,14,accu_dp,60218
"loo_enc,most_freq_imp,no_sel,max_abs_scale,no_samp",0.18981142700030496,0.20497809026114716,0.28951872852439225,0.16157366174257548,0.27926078028747436,0.46282361943629635,0.3844355133357691,0.26442151845601225,0.21651998591842303,14,accu_dp,60218
"loo_enc,most_freq_imp,no_sel,no_samp,min_max_scale",0.18981142700030496,0.2061264768289457,0.2904306563651271,0.16151223856761154,0.27908966461327855,0.4626960846830761,0.3842893679210815,0.2643375245421853,0.21651998591842303,14,accu_dp,60218
"count_enc,most_freq_imp,no_sel,no_samp,max_abs_scale",0.1865919821334538,0.30427380591350334,0.385738992176161,0.17527102975952824,0.28685577307231325,0.5447009310036985,0.4442282244882073,0.301395772945215,0.13400654085453495,14,accu_dp,60218
"loo_enc,most_freq_imp,no_samp,no_sel,max_abs_scale",0.18981142700030496,0.20497809026114716,0.28951872852439225,0.16157366174257548,0.27926078028747436,0.46282361943629635,0.3844355133357691,0.26442151845601225,0.21651998591842303,14,accu_dp,60218
"target_enc,most_freq_imp,no_samp,no_sel,max_abs_scale",0.18981142700030496,0.20497809026114716,0.28951872852439225,0.16157366174257548,0.27926078028747436,0.46282361943629635,0.3844355133357691,0.26442151845601225,0.21651998591842303,14,accu_dp,60218
"loo_enc,most_freq_imp,no_sel,min_max_scale,no_samp",0.18981142700030496,0.2061264768289457,0.2904306563651271,0.16151223856761154,0.27908966461327855,0.4626960846830761,0.3842893679210815,0.2643375245421853,0.21651998591842303,14,accu_dp,60218
"loo_enc,most_freq_imp,no_sel,under_samp,min_max_scale",0.4276795808864019,0.24420491290468213,0.5137125943747649,0.19691365897206992,0.214259949501022,0.16656038770564974,0.19111276148038114,0.19691365897206992,0.3388088744757171,14,accu_dp,60218
"loo_enc,most_freq_imp,no_sel,no_samp,min_max_scale",0.18981142700030496,0.2061264768289457,0.2904306563651271,0.16151223856761154,0.27908966461327855,0.4626960846830761,0.3842893679210815,0.2643375245421853,0.21651998591842303,15,accu_dp,60218
"loo_enc,most_freq_imp,k_best_sel,min_max_scale,no_samp",0.1870267710591845,0.2047465032138273,0.28846595874459086,0.16381560762875835,0.28165824769203973,0.47404667771967857,0.3927256663230747,0.269729649539451,0.2147758494451579,15,accu_dp,60218
"loo_enc,most_freq_imp,no_sel,min_max_scale,no_samp",0.18981142700030496,0.2061264768289457,0.2904306563651271,0.16151223856761154,0.27908966461327855,0.4626960846830761,0.3842893679210815,0.2643375245421853,0.21651998591842303,15,accu_dp,60218
"target_enc,most_freq_imp,no_sel,max_abs_scale,no_samp",0.18981142700030496,0.20497809026114716,0.28951872852439225,0.16157366174257548,0.27926078028747436,0.46282361943629635,0.3844355133357691,0.26442151845601225,0.21651998591842303,15,accu_dp,60218
"loo_enc,most_freq_imp,no_sel,max_abs_scale,no_samp",0.18981142700030496,0.20497809026114716,0.28951872852439225,0.16157366174257548,0.27926078028747436,0.46282361943629635,0.3844355133357691,0.26442151845601225,0.21651998591842303,15,accu_dp,60218
"loo_enc,most_freq_imp,no_samp,no_sel,min_max_scale",0.18981142700030496,0.2061264768289457,0.2904306563651271,0.16151223856761154,0.27908966461327855,0.4626960846830761,0.3842893679210815,0.2643375245421853,0.21651998591842303,15,accu_dp,60218
"target_enc,most_freq_imp,no_samp,no_sel,max_abs_scale",0.18981142700030496,0.20497809026114716,0.28951872852439225,0.16157366174257548,0.27926078028747436,0.46282361943629635,0.3844355133357691,0.26442151845601225,0.21651998591842303,15,accu_dp,60218
"loo_enc,most_freq_imp,no_samp,no_sel,max_abs_scale",0.18981142700030496,0.20497809026114716,0.28951872852439225,0.16157366174257548,0.27926078028747436,0.46282361943629635,0.3844355133357691,0.26442151845601225,0.21651998591842303,15,accu_dp,60218
"loo_enc,most_freq_imp,no_sel,under_samp,min_max_scale",0.43098971185611945,0.24900101827004092,0.5179146814118032,0.1962122178293585,0.21404561824729895,0.16502997066700675,0.1902788943169873,0.1962122178293586,0.3363691568050361,15,accu_dp,60218
"loo_enc,most_freq_imp,min_max_scale,no_samp,no_sel",0.18981142700030496,0.2061264768289457,0.2904306563651271,0.16151223856761154,0.27908966461327855,0.4626960846830761,0.3842893679210815,0.2643375245421853,0.21651998591842303,15,accu_dp,60218
"loo_enc,most_freq_imp,no_sel,min_max_scale,no_samp",0.18981142700030496,0.2061264768289457,0.2904306563651271,0.16151223856761154,0.27908966461327855,0.4626960846830761,0.3842893679210815,0.2643375245421853,0.21651998591842303,16,accu_dp,60218
"loo_enc,most_freq_imp,k_best_sel,max_abs_scale,no_samp",0.18693498583660534,0.20504671336093028,0.28850175852680754,0.16363133810386654,0.2810594180170761,0.47379160821323807,0.392341678939617,0.2695212086373634,0.21485864661148216,16,accu_dp,60218
"loo_enc,most_freq_imp,no_sel,max_abs_scale,no_samp",0.18981142700030496,0.20497809026114716,0.28951872852439225,0.16157366174257548,0.27926078028747436,0.46282361943629635,0.3844355133357691,0.26442151845601225,0.21651998591842303,16,accu_dp,60218
"target_enc,most_freq_imp,no_samp,no_sel,min_max_scale",0.18990426889056583,0.2061264768289457,0.2905349099097476,0.16148152698012963,0.27896628444292315,0.4626960846830761,0.38424437299035363,0.2643172980049685,0.21613676470440815,16,accu_dp,60218
"loo_enc,most_freq_imp,no_sel,no_samp,min_max_scale",0.18981142700030496,0.2061264768289457,0.2904306563651271,0.16151223856761154,0.27908966461327855,0.4626960846830761,0.3842893679210815,0.2643375245421853,0.21651998591842303,16,accu_dp,60218
"loo_enc,most_freq_imp,no_samp,no_sel,max_abs_scale",0.18981142700030496,0.20497809026114716,0.28951872852439225,0.16157366174257548,0.27926078028747436,0.46282361943629635,0.3844355133357691,0.26442151845601225,0.21651998591842303,16,accu_dp,60218
"loo_enc,most_freq_imp,no_samp,no_sel,min_max_scale",0.18981142700030496,0.2061264768289457,0.2904306563651271,0.16151223856761154,0.27908966461327855,0.4626960846830761,0.3842893679210815,0.2643375245421853,0.21651998591842303,16,accu_dp,60218
"target_enc,most_freq_imp,no_sel,max_abs_scale,no_samp",0.18981142700030496,0.20497809026114716,0.28951872852439225,0.16157366174257548,0.27926078028747436,0.46282361943629635,0.3844355133357691,0.26442151845601225,0.21651998591842303,16,accu_dp,60218
"loo_enc,most_freq_imp,min_max_scale,no_samp,no_sel",0.18981142700030496,0.2061264768289457,0.2904306563651271,0.16151223856761154,0.27908966461327855,0.4626960846830761,0.3842893679210815,0.2643375245421853,0.21651998591842303,16,accu_dp,60218
"target_enc,most_freq_imp,no_samp,no_sel,max_abs_scale",0.18981142700030496,0.20497809026114716,0.28951872852439225,0.16157366174257548,0.27926078028747436,0.46282361943629635,0.3844355133357691,0.26442151845601225,0.21651998591842303,16,accu_dp,60218
"loo_enc,most_freq_imp,no_sel,no_samp,min_max_scale",0.18981142700030496,0.2061264768289457,0.2904306563651271,0.16151223856761154,0.27908966461327855,0.4626960846830761,0.3842893679210815,0.2643375245421853,0.21651998591842303,17,accu_dp,60218
"loo_enc,most_freq_imp,no_sel,min_max_scale,no_samp",0.18981142700030496,0.2061264768289457,0.2904306563651271,0.16151223856761154,0.27908966461327855,0.4626960846830761,0.3842893679210815,0.2643375245421853,0.21651998591842303,17,accu_dp,60218
"loo_enc,most_freq_imp,min_max_scale,no_samp,no_sel",0.18981142700030496,0.2061264768289457,0.2904306563651271,0.16151223856761154,0.27908966461327855,0.4626960846830761,0.3842893679210815,0.2643375245421853,0.21651998591842303,17,accu_dp,60218
"target_enc,most_freq_imp,no_samp,no_sel,max_abs_scale",0.18981142700030496,0.20497809026114716,0.28951872852439225,0.16157366174257548,0.27926078028747436,0.46282361943629635,0.3844355133357691,0.26442151845601225,0.21651998591842303,17,accu_dp,60218
"target_enc,most_freq_imp,no_samp,no_sel,min_max_scale",0.18990426889056583,0.2061264768289457,0.2905349099097476,0.16148152698012963,0.27896628444292315,0.4626960846830761,0.38424437299035363,0.2643172980049685,0.21613676470440815,17,accu_dp,60218
"loo_enc,most_freq_imp,no_sel,max_abs_scale,no_samp",0.18981142700030496,0.20497809026114716,0.28951872852439225,0.16157366174257548,0.27926078028747436,0.46282361943629635,0.3844355133357691,0.26442151845601225,0.21651998591842303,17,accu_dp,60218
"loo_enc,most_freq_imp,no_samp,no_sel,max_abs_scale",0.18981142700030496,0.20497809026114716,0.28951872852439225,0.16157366174257548,0.27926078028747436,0.46282361943629635,0.3844355133357691,0.26442151845601225,0.21651998591842303,17,accu_dp,60218
"loo_enc,most_freq_imp,no_samp,no_sel,min_max_scale",0.18981142700030496,0.2061264768289457,0.2904306563651271,0.16151223856761154,0.27908966461327855,0.4626960846830761,0.3842893679210815,0.2643375245421853,0.21651998591842303,17,accu_dp,60218
"loo_enc,most_freq_imp,k_best_sel,max_abs_scale,no_samp",0.18693498583660534,0.20504671336093028,0.28850175852680754,0.16363133810386654,0.2810594180170761,0.47379160821323807,0.392341678939617,0.2695212086373634,0.21485864661148216,17,accu_dp,60218
"loo_enc,most_freq_imp,quant_scale,no_samp,no_sel",0.20197448156070158,0.22055833485475457,0.31484097343643885,0.16396916556616814,0.29939063502245034,0.44280066318071676,0.37927115152376223,0.25916327657417715,0.21815172264919394,17,accu_dp,60218
"loo_enc,most_freq_imp,min_max_scale,no_samp,no_sel",0.18981142700030496,0.2061264768289457,0.2904306563651271,0.16151223856761154,0.27908966461327855,0.4626960846830761,0.3842893679210815,0.2643375245421853,0.21651998591842303,18,accu_dp,60218
"target_enc,most_freq_imp,no_samp,no_sel,min_max_scale",0.18990426889056583,0.2061264768289457,0.2905349099097476,0.16148152698012963,0.27896628444292315,0.4626960846830761,0.38424437299035363,0.2643172980049685,0.21613676470440815,18,accu_dp,60218
"loo_enc,most_freq_imp,no_samp,no_sel,min_max_scale",0.18981142700030496,0.2061264768289457,0.2904306563651271,0.16151223856761154,0.27908966461327855,0.4626960846830761,0.3842893679210815,0.2643375245421853,0.21651998591842303,18,accu_dp,60218
"target_enc,most_freq_imp,no_samp,no_sel,max_abs_scale",0.18981142700030496,0.20497809026114716,0.28951872852439225,0.16157366174257548,0.27926078028747436,0.46282361943629635,0.3844355133357691,0.26442151845601225,0.21651998591842303,18,accu_dp,60218
"loo_enc,most_freq_imp,no_sel,min_max_scale,no_samp",0.18981142700030496,0.2061264768289457,0.2904306563651271,0.16151223856761154,0.27908966461327855,0.4626960846830761,0.3842893679210815,0.2643375245421853,0.21651998591842303,18,accu_dp,60218
"loo_enc,most_freq_imp,no_samp,no_sel,max_abs_scale",0.18981142700030496,0.20497809026114716,0.28951872852439225,0.16157366174257548,0.27926078028747436,0.46282361943629635,0.3844355133357691,0.26442151845601225,0.21651998591842303,18,accu_dp,60218
"loo_enc,most_freq_imp,no_sel,max_abs_scale,under_samp",0.41602451628310394,0.2363090550153555,0.4990853596080541,0.19908174977681414,0.21568863718520304,0.1698762912893763,0.1934324659231722,0.19908174977681414,0.3506510609204577,18,accu_dp,60218
"loo_enc,most_freq_imp,no_sel,max_abs_scale,no_samp",0.18981142700030496,0.20497809026114716,0.28951872852439225,0.16157366174257548,0.27926078028747436,0.46282361943629635,0.3844355133357691,0.26442151845601225,0.21651998591842303,18,accu_dp,60218
"loo_enc,most_freq_imp,no_sel,no_samp,min_max_scale",0.18981142700030496,0.2061264768289457,0.2904306563651271,0.16151223856761154,0.27908966461327855,0.4626960846830761,0.3842893679210815,0.2643375245421853,0.21651998591842303,18,accu_dp,60218
"loo_enc,most_freq_imp,quant_scale,no_samp,no_sel",0.20197448156070158,0.22055833485475457,0.31484097343643885,0.16396916556616814,0.29939063502245034,0.44280066318071676,0.37927115152376223,0.25916327657417715,0.21815172264919394,18,accu_dp,60218
"loo_enc,most_freq_imp,no_sel,min_max_scale,no_samp",0.18981142700030496,0.2061264768289457,0.2904306563651271,0.16151223856761154,0.27908966461327855,0.4626960846830761,0.3842893679210815,0.2643375245421853,0.21651998591842303,19,accu_dp,60218
"loo_enc,most_freq_imp,no_samp,no_sel,max_abs_scale",0.18981142700030496,0.20497809026114716,0.28951872852439225,0.16157366174257548,0.27926078028747436,0.46282361943629635,0.3844355133357691,0.26442151845601225,0.21651998591842303,19,accu_dp,60218
"target_enc,most_freq_imp,no_samp,no_sel,max_abs_scale",0.18981142700030496,0.20497809026114716,0.28951872852439225,0.16157366174257548,0.27926078028747436,0.46282361943629635,0.3844355133357691,0.26442151845601225,0.21651998591842303,19,accu_dp,60218
"loo_enc,most_freq_imp,no_samp,no_sel,min_max_scale",0.18981142700030496,0.2061264768289457,0.2904306563651271,0.16151223856761154,0.27908966461327855,0.4626960846830761,0.3842893679210815,0.2643375245421853,0.21651998591842303,19,accu_dp,60218
"loo_enc,most_freq_imp,min_max_scale,no_samp,no_sel",0.18981142700030496,0.2061264768289457,0.2904306563651271,0.16151223856761154,0.27908966461327855,0.4626960846830761,0.3842893679210815,0.2643375245421853,0.21651998591842303,19,accu_dp,60218
"loo_enc,most_freq_imp,no_sel,max_abs_scale,no_samp",0.18981142700030496,0.20497809026114716,0.28951872852439225,0.16157366174257548,0.27926078028747436,0.46282361943629635,0.3844355133357691,0.26442151845601225,0.21651998591842303,19,accu_dp,60218
"target_enc,most_freq_imp,no_samp,no_sel,min_max_scale",0.18990426889056583,0.2061264768289457,0.2905349099097476,0.16148152698012963,0.27896628444292315,0.4626960846830761,0.38424437299035363,0.2643172980049685,0.21613676470440815,19,accu_dp,60218
"loo_enc,most_freq_imp,no_sel,no_samp,min_max_scale",0.18981142700030496,0.2061264768289457,0.2904306563651271,0.16151223856761154,0.27908966461327855,0.4626960846830761,0.3842893679210815,0.2643375245421853,0.21651998591842303,19,accu_dp,60218
"loo_enc,most_freq_imp,quant_scale,no_samp,no_sel",0.20197448156070158,0.22055833485475457,0.31484097343643885,0.16396916556616814,0.29939063502245034,0.44280066318071676,0.37927115152376223,0.25916327657417715,0.21815172264919394,19,accu_dp,60218
"loo_enc,most_freq_imp,no_samp,min_max_scale,no_sel",0.18981142700030496,0.2061264768289457,0.2904306563651271,0.16151223856761154,0.27908966461327855,0.4626960846830761,0.3842893679210815,0.2643375245421853,0.21651998591842303,19,accu_dp,60218
"loo_enc,most_freq_imp,no_samp,no_sel,min_max_scale",0.18981142700030496,0.2061264768289457,0.2904306563651271,0.16151223856761154,0.27908966461327855,0.4626960846830761,0.3842893679210815,0.2643375245421853,0.21651998591842303,20,accu_dp,60218
"loo_enc,most_freq_imp,max_abs_scale,no_samp,no_sel",0.18981142700030496,0.20497809026114716,0.28951872852439225,0.16157366174257548,0.27926078028747436,0.46282361943629635,0.3844355133357691,0.26442151845601225,0.21651998591842303,20,accu_dp,60218
"loo_enc,most_freq_imp,no_sel,min_max_scale,no_samp",0.18981142700030496,0.2061264768289457,0.2904306563651271,0.16151223856761154,0.27908966461327855,0.4626960846830761,0.3842893679210815,0.2643375245421853,0.21651998591842303,20,accu_dp,60218
"loo_enc,most_freq_imp,min_max_scale,no_samp,no_sel",0.18981142700030496,0.2061264768289457,0.2904306563651271,0.16151223856761154,0.27908966461327855,0.4626960846830761,0.3842893679210815,0.2643375245421853,0.21651998591842303,20,accu_dp,60218
"target_enc,most_freq_imp,no_samp,no_sel,min_max_scale",0.18990426889056583,0.2061264768289457,0.2905349099097476,0.16148152698012963,0.27896628444292315,0.4626960846830761,0.38424437299035363,0.2643172980049685,0.21613676470440815,20,accu_dp,60218
"loo_enc,most_freq_imp,no_sel,no_samp,min_max_scale",0.18981142700030496,0.2061264768289457,0.2904306563651271,0.16151223856761154,0.27908966461327855,0.4626960846830761,0.3842893679210815,0.2643375245421853,0.21651998591842303,20,accu_dp,60218
"loo_enc,most_freq_imp,no_samp,no_sel,max_abs_scale",0.18981142700030496,0.20497809026114716,0.28951872852439225,0.16157366174257548,0.27926078028747436,0.46282361943629635,0.3844355133357691,0.26442151845601225,0.21651998591842303,20,accu_dp,60218
"loo_enc,most_freq_imp,no_samp,min_max_scale,no_sel",0.18981142700030496,0.2061264768289457,0.2904306563651271,0.16151223856761154,0.27908966461327855,0.4626960846830761,0.3842893679210815,0.2643375245421853,0.21651998591842303,20,accu_dp,60218
"loo_enc,most_freq_imp,quant_scale,no_samp,no_sel",0.20197448156070158,0.22055833485475457,0.31484097343643885,0.16396916556616814,0.29939063502245034,0.44280066318071676,0.37927115152376223,0.25916327657417715,0.21815172264919394,20,accu_dp,60218
"loo_enc,most_freq_imp,no_sel,max_abs_scale,no_samp",0.18981142700030496,0.20497809026114716,0.28951872852439225,0.16157366174257548,0.27926078028747436,0.46282361943629635,0.3844355133357691,0.26442151845601225,0.21651998591842303,20,accu_dp,60218
"loo_enc,most_freq_imp,no_samp,no_sel,min_max_scale",0.18981142700030496,0.2061264768289457,0.2904306563651271,0.16151223856761154,0.27908966461327855,0.4626960846830761,0.3842893679210815,0.2643375245421853,0.21651998591842303,21,accu_dp,60218
"loo_enc,most_freq_imp,no_sel,min_max_scale,no_samp",0.18981142700030496,0.2061264768289457,0.2904306563651271,0.16151223856761154,0.27908966461327855,0.4626960846830761,0.3842893679210815,0.2643375245421853,0.21651998591842303,21,accu_dp,60218
"loo_enc,most_freq_imp,no_samp,min_max_scale,no_sel",0.18981142700030496,0.2061264768289457,0.2904306563651271,0.16151223856761154,0.27908966461327855,0.4626960846830761,0.3842893679210815,0.2643375245421853,0.21651998591842303,21,accu_dp,60218
"loo_enc,most_freq_imp,quant_scale,no_samp,no_sel",0.20197448156070158,0.22055833485475457,0.31484097343643885,0.16396916556616814,0.29939063502245034,0.44280066318071676,0.37927115152376223,0.25916327657417715,0.21815172264919394,21,accu_dp,60218
"loo_enc,most_freq_imp,max_abs_scale,no_samp,no_sel",0.18981142700030496,0.20497809026114716,0.28951872852439225,0.16157366174257548,0.27926078028747436,0.46282361943629635,0.3844355133357691,0.26442151845601225,0.21651998591842303,21,accu_dp,60218
"loo_enc,most_freq_imp,min_max_scale,no_samp,no_sel",0.18981142700030496,0.2061264768289457,0.2904306563651271,0.16151223856761154,0.27908966461327855,0.4626960846830761,0.3842893679210815,0.2643375245421853,0.21651998591842303,21,accu_dp,60218
"loo_enc,most_freq_imp,no_samp,no_sel,max_abs_scale",0.18981142700030496,0.20497809026114716,0.28951872852439225,0.16157366174257548,0.27926078028747436,0.46282361943629635,0.3844355133357691,0.26442151845601225,0.21651998591842303,21,accu_dp,60218
"target_enc,most_freq_imp,no_samp,no_sel,min_max_scale",0.18990426889056583,0.2061264768289457,0.2905349099097476,0.16148152698012963,0.27896628444292315,0.4626960846830761,0.38424437299035363,0.2643172980049685,0.21613676470440815,21,accu_dp,60218
"loo_enc,most_freq_imp,no_sel,no_samp,min_max_scale",0.18981142700030496,0.2061264768289457,0.2904306563651271,0.16151223856761154,0.27908966461327855,0.4626960846830761,0.3842893679210815,0.2643375245421853,0.21651998591842303,21,accu_dp,60218
"loo_enc,most_freq_imp,max_abs_scale,no_samp,k_best_sel",0.18693498583660534,0.20504671336093028,0.28850175852680754,0.16363133810386654,0.2810594180170761,0.47379160821323807,0.392341678939617,0.2695212086373634,0.21485864661148216,21,accu_dp,60218
"loo_enc,most_freq_imp,min_max_scale,no_samp,no_sel",0.18981142700030496,0.2061264768289457,0.2904306563651271,0.16151223856761154,0.27908966461327855,0.4626960846830761,0.3842893679210815,0.2643375245421853,0.21651998591842303,22,accu_dp,60218
"loo_enc,most_freq_imp,max_abs_scale,no_samp,k_best_sel",0.18693498583660534,0.20504671336093028,0.28850175852680754,0.16363133810386654,0.2810594180170761,0.47379160821323807,0.392341678939617,0.2695212086373634,0.21485864661148216,22,accu_dp,60218
"loo_enc,most_freq_imp,no_samp,no_sel,min_max_scale",0.18981142700030496,0.2061264768289457,0.2904306563651271,0.16151223856761154,0.27908966461327855,0.4626960846830761,0.3842893679210815,0.2643375245421853,0.21651998591842303,22,accu_dp,60218
"loo_enc,most_freq_imp,no_sel,min_max_scale,no_samp",0.18981142700030496,0.2061264768289457,0.2904306563651271,0.16151223856761154,0.27908966461327855,0.4626960846830761,0.3842893679210815,0.2643375245421853,0.21651998591842303,22,accu_dp,60218
"loo_enc,most_freq_imp,no_samp,min_max_scale,no_sel",0.18981142700030496,0.2061264768289457,0.2904306563651271,0.16151223856761154,0.27908966461327855,0.4626960846830761,0.3842893679210815,0.2643375245421853,0.21651998591842303,22,accu_dp,60218
"loo_enc,most_freq_imp,no_samp,no_sel,max_abs_scale",0.18981142700030496,0.20497809026114716,0.28951872852439225,0.16157366174257548,0.27926078028747436,0.46282361943629635,0.3844355133357691,0.26442151845601225,0.21651998591842303,22,accu_dp,60218
"loo_enc,most_freq_imp,max_abs_scale,no_samp,no_sel",0.18981142700030496,0.20497809026114716,0.28951872852439225,0.16157366174257548,0.27926078028747436,0.46282361943629635,0.3844355133357691,0.26442151845601225,0.21651998591842303,22,accu_dp,60218
"target_enc,most_freq_imp,no_samp,no_sel,min_max_scale",0.18990426889056583,0.2061264768289457,0.2905349099097476,0.16148152698012963,0.27896628444292315,0.4626960846830761,0.38424437299035363,0.2643172980049685,0.21613676470440815,22,accu_dp,60218
"loo_enc,most_freq_imp,no_sel,no_samp,min_max_scale",0.18981142700030496,0.2061264768289457,0.2904306563651271,0.16151223856761154,0.27908966461327855,0.4626960846830761,0.3842893679210815,0.2643375245421853,0.21651998591842303,22,accu_dp,60218
"loo_enc,most_freq_imp,quant_scale,no_samp,no_sel",0.20197448156070158,0.22055833485475457,0.31484097343643885,0.16396916556616814,0.29939063502245034,0.44280066318071676,0.37927115152376223,0.25916327657417715,0.21815172264919394,22,accu_dp,60218
"loo_enc,most_freq_imp,max_abs_scale,no_samp,k_best_sel",0.18693498583660534,0.20504671336093028,0.28850175852680754,0.16363133810386654,0.2810594180170761,0.47379160821323807,0.392341678939617,0.2695212086373634,0.21485864661148216,23,accu_dp,60218
"loo_enc,most_freq_imp,min_max_scale,no_samp,no_sel",0.18981142700030496,0.2061264768289457,0.2904306563651271,0.16151223856761154,0.27908966461327855,0.4626960846830761,0.3842893679210815,0.2643375245421853,0.21651998591842303,23,accu_dp,60218
"loo_enc,most_freq_imp,no_samp,no_sel,min_max_scale",0.18981142700030496,0.2061264768289457,0.2904306563651271,0.16151223856761154,0.27908966461327855,0.4626960846830761,0.3842893679210815,0.2643375245421853,0.21651998591842303,23,accu_dp,60218
"target_enc,most_freq_imp,min_max_scale,no_samp,no_sel",0.18990426889056583,0.2061264768289457,0.2905349099097476,0.16148152698012963,0.27896628444292315,0.4626960846830761,0.38424437299035363,0.2643172980049685,0.21613676470440815,23,accu_dp,60218
"loo_enc,most_freq_imp,no_sel,no_samp,min_max_scale",0.18981142700030496,0.2061264768289457,0.2904306563651271,0.16151223856761154,0.27908966461327855,0.4626960846830761,0.3842893679210815,0.2643375245421853,0.21651998591842303,23,accu_dp,60218
"loo_enc,most_freq_imp,no_samp,min_max_scale,no_sel",0.18981142700030496,0.2061264768289457,0.2904306563651271,0.16151223856761154,0.27908966461327855,0.4626960846830761,0.3842893679210815,0.2643375245421853,0.21651998591842303,23,accu_dp,60218
"loo_enc,most_freq_imp,no_sel,min_max_scale,no_samp",0.18981142700030496,0.2061264768289457,0.2904306563651271,0.16151223856761154,0.27908966461327855,0.4626960846830761,0.3842893679210815,0.2643375245421853,0.21651998591842303,23,accu_dp,60218
"loo_enc,most_freq_imp,no_samp,no_sel,max_abs_scale",0.18981142700030496,0.20497809026114716,0.28951872852439225,0.16157366174257548,0.27926078028747436,0.46282361943629635,0.3844355133357691,0.26442151845601225,0.21651998591842303,23,accu_dp,60218
"loo_enc,most_freq_imp,quant_scale,no_samp,no_sel",0.20197448156070158,0.22055833485475457,0.31484097343643885,0.16396916556616814,0.29939063502245034,0.44280066318071676,0.37927115152376223,0.25916327657417715,0.21815172264919394,23,accu_dp,60218
"woe_enc,most_freq_imp,no_samp,no_sel,max_abs_scale",0.19250641105420965,0.20769449556165148,0.2936587928850424,0.16092871840545442,0.28102374137060115,0.4554266037495217,0.38026124818577656,0.26147139248964757,0.2176958789870891,23,accu_dp,60218
"loo_enc,most_freq_imp,no_samp,no_sel,min_max_scale",0.18981142700030496,0.2061264768289457,0.2904306563651271,0.16151223856761154,0.27908966461327855,0.4626960846830761,0.3842893679210815,0.2643375245421853,0.21651998591842303,24,accu_dp,60218
"loo_enc,most_freq_imp,max_abs_scale,no_samp,k_best_sel",0.18693498583660534,0.20504671336093028,0.28850175852680754,0.16363133810386654,0.2810594180170761,0.47379160821323807,0.392341678939617,0.2695212086373634,0.21485864661148216,24,accu_dp,60218
"loo_enc,most_freq_imp,no_sel,no_samp,min_max_scale",0.18981142700030496,0.2061264768289457,0.2904306563651271,0.16151223856761154,0.27908966461327855,0.4626960846830761,0.3842893679210815,0.2643375245421853,0.21651998591842303,24,accu_dp,60218
"woe_enc,most_freq_imp,no_samp,no_sel,max_abs_scale",0.19250641105420965,0.20769449556165148,0.2936587928850424,0.16092871840545442,0.28102374137060115,0.4554266037495217,0.38026124818577656,0.26147139248964757,0.2176958789870891,24,accu_dp,60218
"loo_enc,most_freq_imp,no_samp,no_sel,max_abs_scale",0.18981142700030496,0.20497809026114716,0.28951872852439225,0.16157366174257548,0.27926078028747436,0.46282361943629635,0.3844355133357691,0.26442151845601225,0.21651998591842303,24,accu_dp,60218
"loo_enc,most_freq_imp,quant_scale,no_samp,no_sel",0.20197448156070158,0.22055833485475457,0.31484097343643885,0.16396916556616814,0.29939063502245034,0.44280066318071676,0.37927115152376223,0.25916327657417715,0.21815172264919394,24,accu_dp,60218
"loo_enc,most_freq_imp,no_sel,min_max_scale,under_samp",0.4203367493800829,0.2352131224681705,0.5028842169927762,0.19876291289376358,0.215627257404286,0.16911108277005482,0.19303895460457043,0.19876291289376347,0.34632041636329314,24,accu_dp,60218
"target_enc,most_freq_imp,min_max_scale,no_samp,no_sel",0.18990426889056583,0.2061264768289457,0.2905349099097476,0.16148152698012963,0.27896628444292315,0.4626960846830761,0.38424437299035363,0.2643172980049685,0.21613676470440815,24,accu_dp,60218
"loo_enc,most_freq_imp,min_max_scale,no_samp,no_sel",0.18981142700030496,0.2061264768289457,0.2904306563651271,0.16151223856761154,0.27908966461327855,0.4626960846830761,0.3842893679210815,0.2643375245421853,0.21651998591842303,24,accu_dp,60218
"loo_enc,most_freq_imp,no_samp,min_max_scale,no_sel",0.18981142700030496,0.2061264768289457,0.2904306563651271,0.16151223856761154,0.27908966461327855,0.4626960846830761,0.3842893679210815,0.2643375245421853,0.21651998591842303,24,accu_dp,60218
"loo_enc,most_freq_imp,no_samp,no_sel,min_max_scale",0.18981142700030496,0.2061264768289457,0.2904306563651271,0.16151223856761154,0.27908966461327855,0.4626960846830761,0.3842893679210815,0.2643375245421853,0.21651998591842303,25,accu_dp,60218
"target_enc,most_freq_imp,min_max_scale,no_samp,no_sel",0.18990426889056583,0.2061264768289457,0.2905349099097476,0.16148152698012963,0.27896628444292315,0.4626960846830761,0.38424437299035363,0.2643172980049685,0.21613676470440815,25,accu_dp,60218
"loo_enc,most_freq_imp,quant_scale,no_samp,no_sel",0.20197448156070158,0.22055833485475457,0.31484097343643885,0.16396916556616814,0.29939063502245034,0.44280066318071676,0.37927115152376223,0.25916327657417715,0.21815172264919394,25,accu_dp,60218
"loo_enc,most_freq_imp,min_max_scale,no_samp,no_sel",0.18981142700030496,0.2061264768289457,0.2904306563651271,0.16151223856761154,0.27908966461327855,0.4626960846830761,0.3842893679210815,0.2643375245421853,0.21651998591842303,25,accu_dp,60218
"target_enc,most_freq_imp,no_sel,no_samp,min_max_scale",0.18990426889056583,0.2061264768289457,0.2905349099097476,0.16148152698012963,0.27896628444292315,0.4626960846830761,0.38424437299035363,0.2643172980049685,0.21613676470440815,25,accu_dp,60218
"loo_enc,most_freq_imp,no_samp,min_max_scale,no_sel",0.18981142700030496,0.2061264768289457,0.2904306563651271,0.16151223856761154,0.27908966461327855,0.4626960846830761,0.3842893679210815,0.2643375245421853,0.21651998591842303,25,accu_dp,60218
"woe_enc,most_freq_imp,no_samp,no_sel,max_abs_scale",0.19250641105420965,0.20769449556165148,0.2936587928850424,0.16092871840545442,0.28102374137060115,0.4554266037495217,0.38026124818577656,0.26147139248964757,0.2176958789870891,25,accu_dp,60218
"loo_enc,most_freq_imp,max_abs_scale,no_samp,k_best_sel",0.18693498583660534,0.20504671336093028,0.28850175852680754,0.16363133810386654,0.2810594180170761,0.47379160821323807,0.392341678939617,0.2695212086373634,0.21485864661148216,25,accu_dp,60218
"loo_enc,most_freq_imp,no_sel,no_samp,min_max_scale",0.18981142700030496,0.2061264768289457,0.2904306563651271,0.16151223856761154,0.27908966461327855,0.4626960846830761,0.3842893679210815,0.2643375245421853,0.21651998591842303,25,accu_dp,60218
"loo_enc,most_freq_imp,no_samp,no_sel,max_abs_scale",0.18981142700030496,0.20497809026114716,0.28951872852439225,0.16157366174257548,0.27926078028747436,0.46282361943629635,0.3844355133357691,0.26442151845601225,0.21651998591842303,25,accu_dp,60218
"loo_enc,most_freq_imp,no_samp,no_sel,max_abs_scale",0.18981142700030496,0.20497809026114716,0.28951872852439225,0.16157366174257548,0.27926078028747436,0.46282361943629635,0.3844355133357691,0.26442151845601225,0.21651998591842303,26,accu_dp,60218
"loo_enc,most_freq_imp,min_max_scale,no_samp,no_sel",0.18981142700030496,0.2061264768289457,0.2904306563651271,0.16151223856761154,0.27908966461327855,0.4626960846830761,0.3842893679210815,0.2643375245421853,0.21651998591842303,26,accu_dp,60218
"loo_enc,most_freq_imp,no_samp,no_sel,min_max_scale",0.18981142700030496,0.2061264768289457,0.2904306563651271,0.16151223856761154,0.27908966461327855,0.4626960846830761,0.3842893679210815,0.2643375245421853,0.21651998591842303,26,accu_dp,60218
"loo_enc,most_freq_imp,no_sel,no_samp,min_max_scale",0.18981142700030496,0.2061264768289457,0.2904306563651271,0.16151223856761154,0.27908966461327855,0.4626960846830761,0.3842893679210815,0.2643375245421853,0.21651998591842303,26,accu_dp,60218
"target_enc,most_freq_imp,min_max_scale,no_samp,no_sel",0.18990426889056583,0.2061264768289457,0.2905349099097476,0.16148152698012963,0.27896628444292315,0.4626960846830761,0.38424437299035363,0.2643172980049685,0.21613676470440815,26,accu_dp,60218
"target_enc,most_freq_imp,no_sel,no_samp,min_max_scale",0.18990426889056583,0.2061264768289457,0.2905349099097476,0.16148152698012963,0.27896628444292315,0.4626960846830761,0.38424437299035363,0.2643172980049685,0.21613676470440815,26,accu_dp,60218
"loo_enc,most_freq_imp,no_samp,min_max_scale,no_sel",0.18981142700030496,0.2061264768289457,0.2904306563651271,0.16151223856761154,0.27908966461327855,0.4626960846830761,0.3842893679210815,0.2643375245421853,0.21651998591842303,26,accu_dp,60218
"loo_enc,most_freq_imp,max_abs_scale,no_samp,k_best_sel",0.18693498583660534,0.20504671336093028,0.28850175852680754,0.16363133810386654,0.2810594180170761,0.47379160821323807,0.392341678939617,0.2695212086373634,0.21485864661148216,26,accu_dp,60218
"loo_enc,most_freq_imp,quant_scale,no_samp,no_sel",0.20197448156070158,0.22055833485475457,0.31484097343643885,0.16396916556616814,0.29939063502245034,0.44280066318071676,0.37927115152376223,0.25916327657417715,0.21815172264919394,26,accu_dp,60218
"onehot_enc,most_freq_imp,min_max_scale,no_samp,no_sel",0.18460051293546587,0.16114078837374463,0.24047856280149135,0.15764257854488495,0.2814719173660426,0.4322152786634358,0.3656764265868776,0.25138272023786656,0.26557510007964197,26,accu_dp,60218
"loo_enc,most_freq_imp,no_samp,no_sel,min_max_scale",0.18981142700030496,0.2061264768289457,0.2904306563651271,0.16151223856761154,0.27908966461327855,0.4626960846830761,0.3842893679210815,0.2643375245421853,0.21651998591842303,27,accu_dp,60218
"loo_enc,most_freq_imp,no_samp,max_abs_scale,no_sel",0.18981142700030496,0.20497809026114716,0.28951872852439225,0.16157366174257548,0.27926078028747436,0.46282361943629635,0.3844355133357691,0.26442151845601225,0.21651998591842303,27,accu_dp,60218
"onehot_enc,most_freq_imp,min_max_scale,no_samp,no_sel",0.18460051293546587,0.16114078837374463,0.24047856280149135,0.15764257854488495,0.2814719173660426,0.4322152786634358,0.3656764265868776,0.25138272023786656,0.26557510007964197,27,accu_dp,60218
"loo_enc,most_freq_imp,min_max_scale,no_samp,no_sel",0.18981142700030496,0.2061264768289457,0.2904306563651271,0.16151223856761154,0.27908966461327855,0.4626960846830761,0.3842893679210815,0.2643375245421853,0.21651998591842303,27,accu_dp,60218
"onehot_enc,most_freq_imp,max_abs_scale,no_samp,no_sel",0.18450872771288668,0.16069047315309015,0.24009435017205843,0.15776542489481282,0.2817242492734905,0.43259788292309653,0.36601353758460986,0.2515942489049139,0.2656721138148309,27,accu_dp,60218
"loo_enc,most_freq_imp,no_samp,min_max_scale,no_sel",0.18981142700030496,0.2061264768289457,0.2904306563651271,0.16151223856761154,0.27908966461327855,0.4626960846830761,0.3842893679210815,0.2643375245421853,0.21651998591842303,27,accu_dp,60218
"loo_enc,most_freq_imp,max_abs_scale,no_samp,k_best_sel",0.18693498583660534,0.20504671336093028,0.28850175852680754,0.16363133810386654,0.2810594180170761,0.47379160821323807,0.392341678939617,0.2695212086373634,0.21485864661148216,27,accu_dp,60218
"loo_enc,most_freq_imp,no_samp,no_sel,max_abs_scale",0.18981142700030496,0.20497809026114716,0.28951872852439225,0.16157366174257548,0.27926078028747436,0.46282361943629635,0.3844355133357691,0.26442151845601225,0.21651998591842303,27,accu_dp,60218
"loo_enc,most_freq_imp,no_sel,no_samp,min_max_scale",0.18981142700030496,0.2061264768289457,0.2904306563651271,0.16151223856761154,0.27908966461327855,0.4626960846830761,0.3842893679210815,0.2643375245421853,0.21651998591842303,27,accu_dp,60218
"target_enc,most_freq_imp,min_max_scale,no_samp,no_sel",0.18990426889056583,0.2061264768289457,0.2905349099097476,0.16148152698012963,0.27896628444292315,0.4626960846830761,0.38424437299035363,0.2643172980049685,0.21613676470440815,27,accu_dp,60218
"loo_enc,most_freq_imp,min_max_scale,no_samp,no_sel",0.18981142700030496,0.2061264768289457,0.2904306563651271,0.16151223856761154,0.27908966461327855,0.4626960846830761,0.3842893679210815,0.2643375245421853,0.21651998591842303,28,accu_dp,60218
"loo_enc,most_freq_imp,no_samp,k_best_sel,max_abs_scale",0.18693498583660534,0.20504671336093028,0.28850175852680754,0.16363133810386654,0.2810594180170761,0.47379160821323807,0.392341678939617,0.2695212086373634,0.21485864661148216,28,accu_dp,60218
"loo_enc,most_freq_imp,no_samp,no_sel,min_max_scale",0.18981142700030496,0.2061264768289457,0.2904306563651271,0.16151223856761154,0.27908966461327855,0.4626960846830761,0.3842893679210815,0.2643375245421853,0.21651998591842303,28,accu_dp,60218
"loo_enc,most_freq_imp,max_abs_scale,no_samp,no_sel",0.18981142700030496,0.20497809026114716,0.28951872852439225,0.16157366174257548,0.27926078028747436,0.46282361943629635,0.3844355133357691,0.26442151845601225,0.21651998591842303,28,accu_dp,60218
"loo_enc,most_freq_imp,no_samp,no_sel,max_abs_scale",0.18981142700030496,0.20497809026114716,0.28951872852439225,0.16157366174257548,0.27926078028747436,0.46282361943629635,0.3844355133357691,0.26442151845601225,0.21651998591842303,28,accu_dp,60218
"loo_enc,most_freq_imp,no_samp,min_max_scale,no_sel",0.18981142700030496,0.2061264768289457,0.2904306563651271,0.16151223856761154,0.27908966461327855,0.4626960846830761,0.3842893679210815,0.2643375245421853,0.21651998591842303,28,accu_dp,60218
"loo_enc,most_freq_imp,no_samp,max_abs_scale,no_sel",0.18981142700030496,0.20497809026114716,0.28951872852439225,0.16157366174257548,0.27926078028747436,0.46282361943629635,0.3844355133357691,0.26442151845601225,0.21651998591842303,28,accu_dp,60218
"onehot_enc,most_freq_imp,min_max_scale,no_samp,no_sel",0.18460051293546587,0.16114078837374463,0.24047856280149135,0.15764257854488495,0.2814719173660426,0.4322152786634358,0.3656764265868776,0.25138272023786656,0.26557510007964197,28,accu_dp,60218
"onehot_enc,most_freq_imp,max_abs_scale,no_samp,no_sel",0.18450872771288668,0.16069047315309015,0.24009435017205843,0.15776542489481282,0.2817242492734905,0.43259788292309653,0.36601353758460986,0.2515942489049139,0.2656721138148309,28,accu_dp,60218
"loo_enc,most_freq_imp,max_abs_scale,no_samp,k_best_sel",0.18693498583660534,0.20504671336093028,0.28850175852680754,0.16363133810386654,0.2810594180170761,0.47379160821323807,0.392341678939617,0.2695212086373634,0.21485864661148216,28,accu_dp,60218
"loo_enc,most_freq_imp,no_samp,no_sel,max_abs_scale",0.18981142700030496,0.20497809026114716,0.28951872852439225,0.16157366174257548,0.27926078028747436,0.46282361943629635,0.3844355133357691,0.26442151845601225,0.21651998591842303,29,accu_dp,60218
"loo_enc,most_freq_imp,no_samp,max_abs_scale,no_sel",0.18981142700030496,0.20497809026114716,0.28951872852439225,0.16157366174257548,0.27926078028747436,0.46282361943629635,0.3844355133357691,0.26442151845601225,0.21651998591842303,29,accu_dp,60218
"loo_enc,most_freq_imp,max_abs_scale,no_samp,no_sel",0.18981142700030496,0.20497809026114716,0.28951872852439225,0.16157366174257548,0.27926078028747436,0.46282361943629635,0.3844355133357691,0.26442151845601225,0.21651998591842303,29,accu_dp,60218
"onehot_enc,most_freq_imp,no_samp,no_sel,min_max_scale",0.18460051293546587,0.16114078837374463,0.24047856280149135,0.15764257854488495,0.2814719173660426,0.4322152786634358,0.3656764265868776,0.25138272023786656,0.26557510007964197,29,accu_dp,60218
"onehot_enc,most_freq_imp,max_abs_scale,no_samp,no_sel",0.18450872771288668,0.16069047315309015,0.24009435017205843,0.15776542489481282,0.2817242492734905,0.43259788292309653,0.36601353758460986,0.2515942489049139,0.2656721138148309,29,accu_dp,60218
"loo_enc,most_freq_imp,max_abs_scale,no_samp,k_best_sel",0.18693498583660534,0.20504671336093028,0.28850175852680754,0.16363133810386654,0.2810594180170761,0.47379160821323807,0.392341678939617,0.2695212086373634,0.21485864661148216,29,accu_dp,60218
"onehot_enc,most_freq_imp,min_max_scale,no_samp,no_sel",0.18460051293546587,0.16114078837374463,0.24047856280149135,0.15764257854488495,0.2814719173660426,0.4322152786634358,0.3656764265868776,0.25138272023786656,0.26557510007964197,29,accu_dp,60218
"loo_enc,most_freq_imp,no_samp,k_best_sel,max_abs_scale",0.18693498583660534,0.20504671336093028,0.28850175852680754,0.16363133810386654,0.2810594180170761,0.47379160821323807,0.392341678939617,0.2695212086373634,0.21485864661148216,29,accu_dp,60218
"loo_enc,most_freq_imp,min_max_scale,no_samp,no_sel",0.18981142700030496,0.2061264768289457,0.2904306563651271,0.16151223856761154,0.27908966461327855,0.4626960846830761,0.3842893679210815,0.2643375245421853,0.21651998591842303,29,accu_dp,60218
"loo_enc,most_freq_imp,no_samp,no_sel,min_max_scale",0.18981142700030496,0.2061264768289457,0.2904306563651271,0.16151223856761154,0.27908966461327855,0.4626960846830761,0.3842893679210815,0.2643375245421853,0.21651998591842303,29,accu_dp,60218
"onehot_enc,most_freq_imp,no_samp,no_sel,min_max_scale",0.18460051293546587,0.16114078837374463,0.24047856280149135,0.15764257854488495,0.2814719173660426,0.4322152786634358,0.3656764265868776,0.25138272023786656,0.26557510007964197,30,accu_dp,60218
"loo_enc,most_freq_imp,no_samp,max_abs_scale,no_sel",0.18981142700030496,0.20497809026114716,0.28951872852439225,0.16157366174257548,0.27926078028747436,0.46282361943629635,0.3844355133357691,0.26442151845601225,0.21651998591842303,30,accu_dp,60218
"loo_enc,most_freq_imp,max_abs_scale,no_samp,no_sel",0.18981142700030496,0.20497809026114716,0.28951872852439225,0.16157366174257548,0.27926078028747436,0.46282361943629635,0.3844355133357691,0.26442151845601225,0.21651998591842303,30,accu_dp,60218
"onehot_enc,most_freq_imp,no_samp,k_best_sel,min_max_scale",0.1954063886383682,0.27173958157478684,0.3617014041582988,0.1704185989373791,0.28980190755685986,0.5061854355311822,0.4174377491913037,0.28505064656818013,0.1580175581510691,30,accu_dp,60218
"onehot_enc,most_freq_imp,max_abs_scale,no_samp,no_sel",0.18450872771288668,0.16069047315309015,0.24009435017205843,0.15776542489481282,0.2817242492734905,0.43259788292309653,0.36601353758460986,0.2515942489049139,0.2656721138148309,30,accu_dp,60218
"loo_enc,most_freq_imp,no_samp,no_sel,max_abs_scale",0.18981142700030496,0.20497809026114716,0.28951872852439225,0.16157366174257548,0.27926078028747436,0.46282361943629635,0.3844355133357691,0.26442151845601225,0.21651998591842303,30,accu_dp,60218
"loo_enc,most_freq_imp,max_abs_scale,no_samp,k_best_sel",0.18693498583660534,0.20504671336093028,0.28850175852680754,0.16363133810386654,0.2810594180170761,0.47379160821323807,0.392341678939617,0.2695212086373634,0.21485864661148216,30,accu_dp,60218
"loo_enc,most_freq_imp,no_samp,k_best_sel,max_abs_scale",0.18693498583660534,0.20504671336093028,0.28850175852680754,0.16363133810386654,0.2810594180170761,0.47379160821323807,0.392341678939617,0.2695212086373634,0.21485864661148216,30,accu_dp,60218
"onehot_enc,most_freq_imp,min_max_scale,no_samp,no_sel",0.18460051293546587,0.16114078837374463,0.24047856280149135,0.15764257854488495,0.2814719173660426,0.4322152786634358,0.3656764265868776,0.25138272023786656,0.26557510007964197,30,accu_dp,60218
"loo_enc,most_freq_imp,no_samp,min_max_scale,no_sel",0.18981142700030496,0.2061264768289457,0.2904306563651271,0.16151223856761154,0.27908966461327855,0.4626960846830761,0.3842893679210815,0.2643375245421853,0.21651998591842303,30,accu_dp,60218
"onehot_enc,most_freq_imp,no_samp,no_sel,min_max_scale",0.18460051293546587,0.16114078837374463,0.24047856280149135,0.15764257854488495,0.2814719173660426,0.4322152786634358,0.3656764265868776,0.25138272023786656,0.26557510007964197,31,accu_dp,60218
"onehot_enc,most_freq_imp,max_abs_scale,no_samp,no_sel",0.18450872771288668,0.16069047315309015,0.24009435017205843,0.15776542489481282,0.2817242492734905,0.43259788292309653,0.36601353758460986,0.2515942489049139,0.2656721138148309,31,accu_dp,60218
"onehot_enc,most_freq_imp,min_max_scale,no_samp,k_best_sel",0.1954063886383682,0.27173958157478684,0.3617014041582988,0.1704185989373791,0.28980190755685986,0.5061854355311822,0.4174377491913037,0.28505064656818013,0.1580175581510691,31,accu_dp,60218
"loo_enc,most_freq_imp,max_abs_scale,no_samp,k_best_sel",0.18693498583660534,0.20504671336093028,0.28850175852680754,0.16363133810386654,0.2810594180170761,0.47379160821323807,0.392341678939617,0.2695212086373634,0.21485864661148216,31,accu_dp,60218
"onehot_enc,most_freq_imp,min_max_scale,no_samp,no_sel",0.18460051293546587,0.16114078837374463,0.24047856280149135,0.15764257854488495,0.2814719173660426,0.4322152786634358,0.3656764265868776,0.25138272023786656,0.26557510007964197,31,accu_dp,60218
"loo_enc,most_freq_imp,no_samp,k_best_sel,max_abs_scale",0.18693498583660534,0.20504671336093028,0.28850175852680754,0.16363133810386654,0.2810594180170761,0.47379160821323807,0.392341678939617,0.2695212086373634,0.21485864661148216,31,accu_dp,60218
"loo_enc,most_freq_imp,max_abs_scale,no_samp,no_sel",0.18981142700030496,0.20497809026114716,0.28951872852439225,0.16157366174257548,0.27926078028747436,0.46282361943629635,0.3844355133357691,0.26442151845601225,0.21651998591842303,31,accu_dp,60218
"loo_enc,most_freq_imp,no_samp,no_sel,max_abs_scale",0.18981142700030496,0.20497809026114716,0.28951872852439225,0.16157366174257548,0.27926078028747436,0.46282361943629635,0.3844355133357691,0.26442151845601225,0.21651998591842303,31,accu_dp,60218
"onehot_enc,most_freq_imp,no_samp,k_best_sel,min_max_scale",0.1954063886383682,0.27173958157478684,0.3617014041582988,0.1704185989373791,0.28980190755685986,0.5061854355311822,0.4174377491913037,0.28505064656818013,0.1580175581510691,31,accu_dp,60218
"loo_enc,most_freq_imp,no_samp,max_abs_scale,no_sel",0.18981142700030496,0.20497809026114716,0.28951872852439225,0.16157366174257548,0.27926078028747436,0.46282361943629635,0.3844355133357691,0.26442151845601225,0.21651998591842303,31,accu_dp,60218
"onehot_enc,most_freq_imp,min_max_scale,no_samp,no_sel",0.18460051293546587,0.16114078837374463,0.24047856280149135,0.15764257854488495,0.2814719173660426,0.4322152786634358,0.3656764265868776,0.25138272023786656,0.26557510007964197,32,accu_dp,60218
"onehot_enc,most_freq_imp,max_abs_scale,no_samp,no_sel",0.18450872771288668,0.16069047315309015,0.24009435017205843,0.15776542489481282,0.2817242492734905,0.43259788292309653,0.36601353758460986,0.2515942489049139,0.2656721138148309,32,accu_dp,60218
"loo_enc,most_freq_imp,no_samp,max_abs_scale,no_sel",0.18981142700030496,0.20497809026114716,0.28951872852439225,0.16157366174257548,0.27926078028747436,0.46282361943629635,0.3844355133357691,0.26442151845601225,0.21651998591842303,32,accu_dp,60218
"loo_enc,most_freq_imp,no_samp,no_sel,max_abs_scale",0.18981142700030496,0.20497809026114716,0.28951872852439225,0.16157366174257548,0.27926078028747436,0.46282361943629635,0.3844355133357691,0.26442151845601225,0.21651998591842303,32,accu_dp,60218
"onehot_enc,most_freq_imp,no_samp,k_best_sel,min_max_scale",0.1954063886383682,0.27173958157478684,0.3617014041582988,0.1704185989373791,0.28980190755685986,0.5061854355311822,0.4174377491913037,0.28505064656818013,0.1580175581510691,32,accu_dp,60218
"loo_enc,most_freq_imp,max_abs_scale,no_samp,no_sel",0.18981142700030496,0.20497809026114716,0.28951872852439225,0.16157366174257548,0.27926078028747436,0.46282361943629635,0.3844355133357691,0.26442151845601225,0.21651998591842303,32,accu_dp,60218
"loo_enc,most_freq_imp,no_samp,k_best_sel,max_abs_scale",0.18693498583660534,0.20504671336093028,0.28850175852680754,0.16363133810386654,0.2810594180170761,0.47379160821323807,0.392341678939617,0.2695212086373634,0.21485864661148216,32,accu_dp,60218
"loo_enc,most_freq_imp,max_abs_scale,no_samp,k_best_sel",0.18693498583660534,0.20504671336093028,0.28850175852680754,0.16363133810386654,0.2810594180170761,0.47379160821323807,0.392341678939617,0.2695212086373634,0.21485864661148216,32,accu_dp,60218
"onehot_enc,most_freq_imp,no_samp,no_sel,min_max_scale",0.18460051293546587,0.16114078837374463,0.24047856280149135,0.15764257854488495,0.2814719173660426,0.4322152786634358,0.3656764265868776,0.25138272023786656,0.26557510007964197,32,accu_dp,60218
"onehot_enc,most_freq_imp,min_max_scale,no_samp,k_best_sel",0.1954063886383682,0.27173958157478684,0.3617014041582988,0.1704185989373791,0.28980190755685986,0.5061854355311822,0.4174377491913037,0.28505064656818013,0.1580175581510691,32,accu_dp,60218
"onehot_enc,most_freq_imp,max_abs_scale,no_samp,no_sel",0.18450872771288668,0.16069047315309015,0.24009435017205843,0.15776542489481282,0.2817242492734905,0.43259788292309653,0.36601353758460986,0.2515942489049139,0.2656721138148309,33,accu_dp,60218
"onehot_enc,most_freq_imp,min_max_scale,no_samp,no_sel",0.18460051293546587,0.16114078837374463,0.24047856280149135,0.15764257854488495,0.2814719173660426,0.4322152786634358,0.3656764265868776,0.25138272023786656,0.26557510007964197,33,accu_dp,60218
"loo_enc,most_freq_imp,max_abs_scale,no_samp,k_best_sel",0.18693498583660534,0.20504671336093028,0.28850175852680754,0.16363133810386654,0.2810594180170761,0.47379160821323807,0.392341678939617,0.2695212086373634,0.21485864661148216,33,accu_dp,60218
"onehot_enc,most_freq_imp,min_max_scale,no_samp,k_best_sel",0.1954063886383682,0.27173958157478684,0.3617014041582988,0.1704185989373791,0.28980190755685986,0.5061854355311822,0.4174377491913037,0.28505064656818013,0.1580175581510691,33,accu_dp,60218
"loo_enc,most_freq_imp,no_samp,no_sel,max_abs_scale",0.18981142700030496,0.20497809026114716,0.28951872852439225,0.16157366174257548,0.27926078028747436,0.46282361943629635,0.3844355133357691,0.26442151845601225,0.21651998591842303,33,accu_dp,60218
"loo_enc,most_freq_imp,no_samp,k_best_sel,max_abs_scale",0.18693498583660534,0.20504671336093028,0.28850175852680754,0.16363133810386654,0.2810594180170761,0.47379160821323807,0.392341678939617,0.2695212086373634,0.21485864661148216,33,accu_dp,60218
"loo_enc,most_freq_imp,max_abs_scale,no_samp,no_sel",0.18981142700030496,0.20497809026114716,0.28951872852439225,0.16157366174257548,0.27926078028747436,0.46282361943629635,0.3844355133357691,0.26442151845601225,0.21651998591842303,33,accu_dp,60218
"onehot_enc,most_freq_imp,no_samp,no_sel,min_max_scale",0.18460051293546587,0.16114078837374463,0.24047856280149135,0.15764257854488495,0.2814719173660426,0.4322152786634358,0.3656764265868776,0.25138272023786656,0.26557510007964197,33,accu_dp,60218
"onehot_enc,most_freq_imp,no_samp,k_best_sel,min_max_scale",0.1954063886383682,0.27173958157478684,0.3617014041582988,0.1704185989373791,0.28980190755685986,0.5061854355311822,0.4174377491913037,0.28505064656818013,0.1580175581510691,33,accu_dp,60218
"loo_enc,most_freq_imp,no_samp,max_abs_scale,no_sel",0.18981142700030496,0.20497809026114716,0.28951872852439225,0.16157366174257548,0.27926078028747436,0.46282361943629635,0.3844355133357691,0.26442151845601225,0.21651998591842303,33,accu_dp,60218
"onehot_enc,most_freq_imp,min_max_scale,no_samp,no_sel",0.18460051293546587,0.16114078837374463,0.24047856280149135,0.15764257854488495,0.2814719173660426,0.4322152786634358,0.3656764265868776,0.25138272023786656,0.26557510007964197,34,accu_dp,60218
"loo_enc,most_freq_imp,max_abs_scale,no_samp,k_best_sel",0.18693498583660534,0.20504671336093028,0.28850175852680754,0.16363133810386654,0.2810594180170761,0.47379160821323807,0.392341678939617,0.2695212086373634,0.21485864661148216,34,accu_dp,60218
"loo_enc,most_freq_imp,no_samp,k_best_sel,max_abs_scale",0.18693498583660534,0.20504671336093028,0.28850175852680754,0.16363133810386654,0.2810594180170761,0.47379160821323807,0.392341678939617,0.2695212086373634,0.21485864661148216,34,accu_dp,60218
"loo_enc,most_freq_imp,no_samp,no_sel,max_abs_scale",0.18981142700030496,0.20497809026114716,0.28951872852439225,0.16157366174257548,0.27926078028747436,0.46282361943629635,0.3844355133357691,0.26442151845601225,0.21651998591842303,34,accu_dp,60218
"loo_enc,most_freq_imp,no_samp,max_abs_scale,no_sel",0.18981142700030496,0.20497809026114716,0.28951872852439225,0.16157366174257548,0.27926078028747436,0.46282361943629635,0.3844355133357691,0.26442151845601225,0.21651998591842303,34,accu_dp,60218
"onehot_enc,most_freq_imp,no_samp,no_sel,min_max_scale",0.18460051293546587,0.16114078837374463,0.24047856280149135,0.15764257854488495,0.2814719173660426,0.4322152786634358,0.3656764265868776,0.25138272023786656,0.26557510007964197,34,accu_dp,60218
"onehot_enc,most_freq_imp,no_samp,k_best_sel,max_abs_scale",0.19536049602707864,0.2720397917218898,0.3618033065317371,0.1702650409999693,0.289304714731242,0.5059303660247417,0.4170929882636173,0.2848624322033094,0.15804881162380466,34,accu_dp,60218
"woe_enc,most_freq_imp,max_abs_scale,no_samp,no_sel",0.19250641105420965,0.20769449556165148,0.2936587928850424,0.16092871840545442,0.28102374137060115,0.4554266037495217,0.38026124818577656,0.26147139248964757,0.2176958789870891,34,accu_dp,60218
"onehot_enc,most_freq_imp,max_abs_scale,no_samp,no_sel",0.18450872771288668,0.16069047315309015,0.24009435017205843,0.15776542489481282,0.2817242492734905,0.43259788292309653,0.36601353758460986,0.2515942489049139,0.2656721138148309,34,accu_dp,60218
"loo_enc,most_freq_imp,max_abs_scale,no_samp,no_sel",0.18981142700030496,0.20497809026114716,0.28951872852439225,0.16157366174257548,0.27926078028747436,0.46282361943629635,0.3844355133357691,0.26442151845601225,0.21651998591842303,34,accu_dp,60218
"loo_enc,most_freq_imp,max_abs_scale,no_samp,k_best_sel",0.18693498583660534,0.20504671336093028,0.28850175852680754,0.16363133810386654,0.2810594180170761,0.47379160821323807,0.392341678939617,0.2695212086373634,0.21485864661148216,35,accu_dp,60218
"loo_enc,most_freq_imp,no_samp,k_best_sel,max_abs_scale",0.18693498583660534,0.20504671336093028,0.28850175852680754,0.16363133810386654,0.2810594180170761,0.47379160821323807,0.392341678939617,0.2695212086373634,0.21485864661148216,35,accu_dp,60218
"loo_enc,most_freq_imp,no_samp,no_sel,max_abs_scale",0.18981142700030496,0.20497809026114716,0.28951872852439225,0.16157366174257548,0.27926078028747436,0.46282361943629635,0.3844355133357691,0.26442151845601225,0.21651998591842303,35,accu_dp,60218
"loo_enc,most_freq_imp,max_abs_scale,no_samp,no_sel",0.18981142700030496,0.20497809026114716,0.28951872852439225,0.16157366174257548,0.27926078028747436,0.46282361943629635,0.3844355133357691,0.26442151845601225,0.21651998591842303,35,accu_dp,60218
"onehot_enc,most_freq_imp,max_abs_scale,no_samp,no_sel",0.18450872771288668,0.16069047315309015,0.24009435017205843,0.15776542489481282,0.2817242492734905,0.43259788292309653,0.36601353758460986,0.2515942489049139,0.2656721138148309,35,accu_dp,60218
"onehot_enc,most_freq_imp,min_max_scale,no_samp,no_sel",0.18460051293546587,0.16114078837374463,0.24047856280149135,0.15764257854488495,0.2814719173660426,0.4322152786634358,0.3656764265868776,0.25138272023786656,0.26557510007964197,35,accu_dp,60218
"onehot_enc,most_freq_imp,no_samp,no_sel,min_max_scale",0.18460051293546587,0.16114078837374463,0.24047856280149135,0.15764257854488495,0.2814719173660426,0.4322152786634358,0.3656764265868776,0.25138272023786656,0.26557510007964197,35,accu_dp,60218
"loo_enc,most_freq_imp,no_samp,max_abs_scale,no_sel",0.18981142700030496,0.20497809026114716,0.28951872852439225,0.16157366174257548,0.27926078028747436,0.46282361943629635,0.3844355133357691,0.26442151845601225,0.21651998591842303,35,accu_dp,60218
"woe_enc,most_freq_imp,max_abs_scale,no_samp,no_sel",0.19250641105420965,0.20769449556165148,0.2936587928850424,0.16092871840545442,0.28102374137060115,0.4554266037495217,0.38026124818577656,0.26147139248964757,0.2176958789870891,35,accu_dp,60218
"onehot_enc,most_freq_imp,no_scale,no_samp,no_sel",0.18327959311817904,0.1309663583847115,0.21192119294850495,0.15592272964589537,0.27958532695374805,0.4239255197041194,0.3597902345687761,0.24741987959316014,0.276117032074475,35,accu_dp,60218
"onehot_enc,most_freq_imp,max_abs_scale,no_samp,no_sel",0.18450872771288668,0.16069047315309015,0.24009435017205843,0.15776542489481282,0.2817242492734905,0.43259788292309653,0.36601353758460986,0.2515942489049139,0.2656721138148309,36,accu_dp,60218
"onehot_enc,most_freq_imp,no_scale,no_samp,no_sel",0.18327959311817904,0.1309663583847115,0.21192119294850495,0.15592272964589537,0.27958532695374805,0.4239255197041194,0.3597902345687761,0.24741987959316014,0.276117032074475,36,accu_dp,60218
"loo_enc,most_freq_imp,no_samp,no_sel,min_max_scale",0.18981142700030496,0.2061264768289457,0.2904306563651271,0.16151223856761154,0.27908966461327855,0.4626960846830761,0.3842893679210815,0.2643375245421853,0.21651998591842303,36,accu_dp,60218
"loo_enc,most_freq_imp,no_samp,no_sel,max_abs_scale",0.18981142700030496,0.20497809026114716,0.28951872852439225,0.16157366174257548,0.27926078028747436,0.46282361943629635,0.3844355133357691,0.26442151845601225,0.21651998591842303,36,accu_dp,60218
"onehot_enc,most_freq_imp,min_max_scale,no_samp,no_sel",0.18460051293546587,0.16114078837374463,0.24047856280149135,0.15764257854488495,0.2814719173660426,0.4322152786634358,0.3656764265868776,0.25138272023786656,0.26557510007964197,36,accu_dp,60218
"onehot_enc,most_freq_imp,no_samp,no_sel,min_max_scale",0.18460051293546587,0.16114078837374463,0.24047856280149135,0.15764257854488495,0.2814719173660426,0.4322152786634358,0.3656764265868776,0.25138272023786656,0.26557510007964197,36,accu_dp,60218
"onehot_enc,mean_imp,max_abs_scale,no_samp,k_best_sel",0.19692084481092442,0.2777365275285575,0.3680466153904237,0.17020361782500537,0.2904284412032817,0.5036347404667771,0.4158787333033168,0.28403824401979627,0.15699308282317415,36,accu_dp,60218
"loo_enc,most_freq_imp,no_samp,max_abs_scale,no_sel",0.18981142700030496,0.20497809026114716,0.28951872852439225,0.16157366174257548,0.27926078028747436,0.46282361943629635,0.3844355133357691,0.26442151845601225,0.21651998591842303,36,accu_dp,60218
"woe_enc,most_freq_imp,max_abs_scale,no_samp,no_sel",0.19250641105420965,0.20769449556165148,0.2936587928850424,0.16092871840545442,0.28102374137060115,0.4554266037495217,0.38026124818577656,0.26147139248964757,0.2176958789870891,36,accu_dp,60218
"loo_enc,most_freq_imp,max_abs_scale,no_samp,k_best_sel",0.18693498583660534,0.20504671336093028,0.28850175852680754,0.16363133810386654,0.2810594180170761,0.47379160821323807,0.392341678939617,0.2695212086373634,0.21485864661148216,36,accu_dp,60218
"onehot_enc,most_freq_imp,max_abs_scale,no_samp,no_sel",0.18450872771288668,0.16069047315309015,0.24009435017205843,0.15776542489481282,0.2817242492734905,0.43259788292309653,0.36601353758460986,0.2515942489049139,0.2656721138148309,37,accu_dp,60218
"loo_enc,most_freq_imp,no_samp,min_max_scale,no_sel",0.18981142700030496,0.2061264768289457,0.2904306563651271,0.16151223856761154,0.27908966461327855,0.4626960846830761,0.3842893679210815,0.2643375245421853,0.21651998591842303,37,accu_dp,60218
"loo_enc,most_freq_imp,no_samp,no_sel,max_abs_scale",0.18981142700030496,0.20497809026114716,0.28951872852439225,0.16157366174257548,0.27926078028747436,0.46282361943629635,0.3844355133357691,0.26442151845601225,0.21651998591842303,37,accu_dp,60218
"loo_enc,most_freq_imp,no_samp,no_sel,min_max_scale",0.18981142700030496,0.2061264768289457,0.2904306563651271,0.16151223856761154,0.27908966461327855,0.4626960846830761,0.3842893679210815,0.2643375245421853,0.21651998591842303,37,accu_dp,60218
"onehot_enc,most_freq_imp,no_samp,no_sel,min_max_scale",0.18460051293546587,0.16114078837374463,0.24047856280149135,0.15764257854488495,0.2814719173660426,0.4322152786634358,0.3656764265868776,0.25138272023786656,0.26557510007964197,37,accu_dp,60218
"onehot_enc,most_freq_imp,no_scale,no_samp,no_sel",0.18327959311817904,0.1309663583847115,0.21192119294850495,0.15592272964589537,0.27958532695374805,0.4239255197041194,0.3597902345687761,0.24741987959316014,0.276117032074475,37,accu_dp,60218
"onehot_enc,mean_imp,max_abs_scale,no_samp,k_best_sel",0.19692084481092442,0.2777365275285575,0.3680466153904237,0.17020361782500537,0.2904284412032817,0.5036347404667771,0.4158787333033168,0.28403824401979627,0.15699308282317415,37,accu_dp,60218
"onehot_enc,most_freq_imp,min_max_scale,no_samp,no_sel",0.18460051293546587,0.16114078837374463,0.24047856280149135,0.15764257854488495,0.2814719173660426,0.4322152786634358,0.3656764265868776,0.25138272023786656,0.26557510007964197,37,accu_dp,60218
"loo_enc,most_freq_imp,max_abs_scale,no_samp,k_best_sel",0.18693498583660534,0.20504671336093028,0.28850175852680754,0.16363133810386654,0.2810594180170761,0.47379160821323807,0.392341678939617,0.2695212086373634,0.21485864661148216,37,accu_dp,60218
"loo_enc,most_freq_imp,no_samp,max_abs_scale,no_sel",0.18981142700030496,0.20497809026114716,0.28951872852439225,0.16157366174257548,0.27926078028747436,0.46282361943629635,0.3844355133357691,0.26442151845601225,0.21651998591842303,37,accu_dp,60218
"onehot_enc,most_freq_imp,min_max_scale,no_samp,no_sel",0.18460051293546587,0.16114078837374463,0.24047856280149135,0.15764257854488495,0.2814719173660426,0.4322152786634358,0.3656764265868776,0.25138272023786656,0.26557510007964197,38,accu_dp,60218
"onehot_enc,most_freq_imp,no_samp,no_sel,max_abs_scale",0.18450872771288668,0.16069047315309015,0.24009435017205843,0.15776542489481282,0.2817242492734905,0.43259788292309653,0.36601353758460986,0.2515942489049139,0.2656721138148309,38,accu_dp,60218
"loo_enc,most_freq_imp,min_max_scale,no_samp,k_best_sel",0.1870267710591845,0.2047465032138273,0.28846595874459086,0.16381560762875835,0.28165824769203973,0.47404667771967857,0.3927256663230747,0.269729649539451,0.2147758494451579,38,accu_dp,60218
"onehot_enc,most_freq_imp,max_abs_scale,no_samp,no_sel",0.18450872771288668,0.16069047315309015,0.24009435017205843,0.15776542489481282,0.2817242492734905,0.43259788292309653,0.36601353758460986,0.2515942489049139,0.2656721138148309,38,accu_dp,60218
"loo_enc,most_freq_imp,no_samp,max_abs_scale,no_sel",0.18981142700030496,0.20497809026114716,0.28951872852439225,0.16157366174257548,0.27926078028747436,0.46282361943629635,0.3844355133357691,0.26442151845601225,0.21651998591842303,38,accu_dp,60218
"loo_enc,most_freq_imp,no_samp,min_max_scale,no_sel",0.18981142700030496,0.2061264768289457,0.2904306563651271,0.16151223856761154,0.27908966461327855,0.4626960846830761,0.3842893679210815,0.2643375245421853,0.21651998591842303,38,accu_dp,60218
"onehot_enc,most_freq_imp,no_scale,no_samp,no_sel",0.18327959311817904,0.1309663583847115,0.21192119294850495,0.15592272964589537,0.27958532695374805,0.4239255197041194,0.3597902345687761,0.24741987959316014,0.276117032074475,38,accu_dp,60218
"loo_enc,most_freq_imp,max_abs_scale,no_samp,k_best_sel",0.18693498583660534,0.20504671336093028,0.28850175852680754,0.16363133810386654,0.2810594180170761,0.47379160821323807,0.392341678939617,0.2695212086373634,0.21485864661148216,38,accu_dp,60218
"loo_enc,most_freq_imp,no_samp,no_sel,max_abs_scale",0.18981142700030496,0.20497809026114716,0.28951872852439225,0.16157366174257548,0.27926078028747436,0.46282361943629635,0.3844355133357691,0.26442151845601225,0.21651998591842303,38,accu_dp,60218
"onehot_enc,most_freq_imp,no_samp,no_sel,min_max_scale",0.18460051293546587,0.16114078837374463,0.24047856280149135,0.15764257854488495,0.2814719173660426,0.4322152786634358,0.3656764265868776,0.25138272023786656,0.26557510007964197,38,accu_dp,60218
"onehot_enc,most_freq_imp,no_scale,no_samp,no_sel",0.18327959311817904,0.1309663583847115,0.21192119294850495,0.15592272964589537,0.27958532695374805,0.4239255197041194,0.3597902345687761,0.24741987959316014,0.276117032074475,39,accu_dp,60218
"onehot_enc,most_freq_imp,no_samp,no_sel,max_abs_scale",0.18450872771288668,0.16069047315309015,0.24009435017205843,0.15776542489481282,0.2817242492734905,0.43259788292309653,0.36601353758460986,0.2515942489049139,0.2656721138148309,39,accu_dp,60218
"loo_enc,most_freq_imp,no_samp,max_abs_scale,no_sel",0.18981142700030496,0.20497809026114716,0.28951872852439225,0.16157366174257548,0.27926078028747436,0.46282361943629635,0.3844355133357691,0.26442151845601225,0.21651998591842303,39,accu_dp,60218
"onehot_enc,most_freq_imp,min_max_scale,no_samp,no_sel",0.18460051293546587,0.16114078837374463,0.24047856280149135,0.15764257854488495,0.2814719173660426,0.4322152786634358,0.3656764265868776,0.25138272023786656,0.26557510007964197,39,accu_dp,60218
"onehot_enc,most_freq_imp,no_samp,no_sel,min_max_scale",0.18460051293546587,0.16114078837374463,0.24047856280149135,0.15764257854488495,0.2814719173660426,0.4322152786634358,0.3656764265868776,0.25138272023786656,0.26557510007964197,39,accu_dp,60218
"onehot_enc,most_freq_imp,max_abs_scale,over_samp,no_sel",0.3878645943470901,0.16511696618246777,0.4026822914204481,0.18663025889967633,0.20352864633166212,0.15813106796116505,0.18145882908218458,0.18663025889967644,0.3868613710898111,39,accu_dp,60218
"loo_enc,most_freq_imp,no_samp,min_max_scale,no_sel",0.18981142700030496,0.2061264768289457,0.2904306563651271,0.16151223856761154,0.27908966461327855,0.4626960846830761,0.3842893679210815,0.2643375245421853,0.21651998591842303,39,accu_dp,60218
"loo_enc,most_freq_imp,max_abs_scale,no_samp,k_best_sel",0.18693498583660534,0.20504671336093028,0.28850175852680754,0.16363133810386654,0.2810594180170761,0.47379160821323807,0.392341678939617,0.2695212086373634,0.21485864661148216,39,accu_dp,60218
"onehot_enc,most_freq_imp,max_abs_scale,no_samp,no_sel",0.18450872771288668,0.16069047315309015,0.24009435017205843,0.15776542489481282,0.2817242492734905,0.43259788292309653,0.36601353758460986,0.2515942489049139,0.2656721138148309,39,accu_dp,60218
"loo_enc,most_freq_imp,no_samp,no_sel,max_abs_scale",0.18981142700030496,0.20497809026114716,0.28951872852439225,0.16157366174257548,0.27926078028747436,0.46282361943629635,0.3844355133357691,0.26442151845601225,0.21651998591842303,39,accu_dp,60218
"onehot_enc,most_freq_imp,min_max_scale,no_samp,no_sel",0.18460051293546587,0.16114078837374463,0.24047856280149135,0.15764257854488495,0.2814719173660426,0.4322152786634358,0.3656764265868776,0.25138272023786656,0.26557510007964197,40,accu_dp,60218
"onehot_enc,most_freq_imp,no_samp,no_sel,max_abs_scale",0.18450872771288668,0.16069047315309015,0.24009435017205843,0.15776542489481282,0.2817242492734905,0.43259788292309653,0.36601353758460986,0.2515942489049139,0.2656721138148309,40,accu_dp,60218
"onehot_enc,most_freq_imp,max_abs_scale,no_samp,no_sel",0.18450872771288668,0.16069047315309015,0.24009435017205843,0.15776542489481282,0.2817242492734905,0.43259788292309653,0.36601353758460986,0.2515942489049139,0.2656721138148309,40,accu_dp,60218
"onehot_enc,most_freq_imp,no_scale,no_samp,no_sel",0.18327959311817904,0.1309663583847115,0.21192119294850495,0.15592272964589537,0.27958532695374805,0.4239255197041194,0.3597902345687761,0.24741987959316014,0.276117032074475,40,accu_dp,60218
"onehot_enc,most_freq_imp,no_samp,min_max_scale,no_sel",0.18460051293546587,0.16114078837374463,0.24047856280149135,0.15764257854488495,0.2814719173660426,0.4322152786634358,0.3656764265868776,0.25138272023786656,0.26557510007964197,40,accu_dp,60218
"loo_enc,most_freq_imp,max_abs_scale,no_samp,no_sel",0.18981142700030496,0.20497809026114716,0.28951872852439225,0.16157366174257548,0.27926078028747436,0.46282361943629635,0.3844355133357691,0.26442151845601225,0.21651998591842303,40,accu_dp,60218
"loo_enc,most_freq_imp,max_abs_scale,no_samp,k_best_sel",0.18693498583660534,0.20504671336093028,0.28850175852680754,0.16363133810386654,0.2810594180170761,0.47379160821323807,0.392341678939617,0.2695212086373634,0.21485864661148216,40,accu_dp,60218
"loo_enc,most_freq_imp,no_samp,no_sel,max_abs_scale",0.18981142700030496,0.20497809026114716,0.28951872852439225,0.16157366174257548,0.27926078028747436,0.46282361943629635,0.3844355133357691,0.26442151845601225,0.21651998591842303,40,accu_dp,60218
"onehot_enc,most_freq_imp,no_samp,no_sel,min_max_scale",0.18460051293546587,0.16114078837374463,0.24047856280149135,0.15764257854488495,0.2814719173660426,0.4322152786634358,0.3656764265868776,0.25138272023786656,0.26557510007964197,40,accu_dp,60218
"onehot_enc,most_freq_imp,max_abs_scale,over_samp,no_sel",0.38045514778617917,0.15844997459285964,0.39445414297043857,0.18681229773462782,0.20353067320211382,0.15861650485436896,0.18168942046661696,0.18681229773462782,0.3971822657281857,40,accu_dp,60218
"count_enc,median_imp,over_samp,max_abs_scale,k_best_sel",0.45071984146099886,0.37464900716596494,0.6442522019664971,0.22443365695792883,0.22624979906767406,0.22111650485436896,0.22369163777114742,0.22443365695792883,0.27848476991928817,0,dp_accu,60218
"target_enc,mean_imp,k_best_sel,over_samp,no_scale",0.40783907450574114,0.21756476731861643,0.4751803481679846,0.19591423948220066,0.210751115899646,0.17026699029126213,0.191015224422182,0.19591423948220066,0.358640165091778,0,dp_accu,60218
"onehot_enc,mean_imp,k_best_sel,under_samp,min_max_scale",0.46329139379717954,0.31194520642821477,0.6205454096531486,0.2082004846320622,0.23183309892170656,0.164137227394465,0.19941366884504974,0.2082004846320623,0.3069358922473335,0,dp_accu,60218
"woe_enc,most_freq_imp,quant_scale,k_best_sel,no_samp",0.19961282503129846,0.20323488528483935,0.29802594596514365,0.1647983784281809,0.3018414731785428,0.443948475959699,0.38094561976430497,0.2601012606335712,0.22578080145389934,0,dp_accu,60218
"count_enc,most_freq_imp,k_best_sel,under_samp,quant_scale",0.42195658287655224,0.31874284008984405,0.5720017061767679,0.2224843769927305,0.22738661989476316,0.21349317689070269,0.220501801175504,0.2224843769927305,0.32093852482938406,0,dp_accu,60218
"ordinal_enc,mean_imp,under_samp,quant_scale,k_best_sel",0.4393561447732298,0.41484509894839877,0.6813644152961006,0.2602346639459253,0.26038745857761914,0.25991582706287464,0.2601517179830434,0.2602346639459252,0.2886997926639343,0,dp_accu,60218
"loo_enc,most_freq_imp,no_sel,quant_scale,over_samp",0.3972376397245976,0.20764624507107382,0.44954600377180676,0.19822006472491904,0.21103191819026956,0.1760517799352751,0.19392116511002067,0.19822006472491915,0.368209645327003,0,dp_accu,60218
"count_enc,median_imp,max_abs_scale,k_best_sel,no_samp",0.18925375358824958,0.30378555064881296,0.38795339014488517,0.1752096065845643,0.2890995260663507,0.5408748884070909,0.4420767144517629,0.30004909468898233,0.132371283255216,0,dp_accu,60218
"loo_enc,most_freq_imp,no_sel,min_max_scale,no_samp",0.18981142700030496,0.2061264768289457,0.2904306563651271,0.16151223856761154,0.27908966461327855,0.4626960846830761,0.3842893679210815,0.2643375245421853,0.21651998591842303,0,dp_accu,60218
"woe_enc,median_imp,under_samp,no_sel,max_abs_scale",0.42738202747162957,0.2296575796441733,0.5044245971206709,0.1951919398035965,0.21689173181710497,0.15686774646091062,0.18798747159614315,0.1951919398035964,0.3473126948599264,0,dp_accu,60218
"count_enc,median_imp,quant_scale,k_best_sel,no_samp",0.2101975461534761,0.3165339147072162,0.41738452659999303,0.17548601087190197,0.3145597210113339,0.49866088509118733,0.42088980553918665,0.28581911568475227,0.14436679792933968,1,dp_accu,60218
"loo_enc,most_freq_imp,no_sel,max_abs_scale,over_samp",0.41458909643583974,0.22287327154046407,0.4843866448830477,0.19449838187702262,0.21040723981900455,0.16703074433656961,0.1892987912909957,0.19449838187702273,0.35129887448838926,1,dp_accu,60218
"loo_enc,most_freq_imp,no_sel,min_max_scale,no_samp",0.18981142700030496,0.2061264768289457,0.2904306563651271,0.16151223856761154,0.27908966461327855,0.4626960846830761,0.3842893679210815,0.2643375245421853,0.21651998591842303,1,dp_accu,60218
"count_enc,median_imp,max_abs_scale,k_best_sel,no_samp",0.18925375358824958,0.30378555064881296,0.38795339014488517,0.1752096065845643,0.2890995260663507,0.5408748884070909,0.4420767144517629,0.30004909468898233,0.132371283255216,1,dp_accu,60218
"count_enc,most_freq_imp,k_best_sel,under_samp,quant_scale",0.43705364735521857,0.31261030303909937,0.5826179178092774,0.2187221017727331,0.22296193945484233,0.21107001657951796,0.21706113150234152,0.2187221017727332,0.30290310107766555,1,dp_accu,60218
"target_enc,mean_imp,k_best_sel,over_samp,no_scale",0.41104387909337,0.2167404006825866,0.4736953415397878,0.19461974110032365,0.20851030967642292,0.17079288025889972,0.19009048164684494,0.19461974110032354,0.3518822847327867,1,dp_accu,60218
"woe_enc,most_freq_imp,quant_scale,k_best_sel,no_samp",0.19961282503129846,0.20323488528483935,0.29802594596514365,0.1647983784281809,0.3018414731785428,0.443948475959699,0.38094561976430497,0.2601012606335712,0.22578080145389934,1,dp_accu,60218
"woe_enc,median_imp,under_samp,no_sel,max_abs_scale",0.4247724917681361,0.22642223602323153,0.49386407118779024,0.19155719933681925,0.2132780082987552,0.1536793776304043,0.18456623248955517,0.19155719933681925,0.3504451779576752,1,dp_accu,60218
"ordinal_enc,mean_imp,under_samp,quant_scale,k_best_sel",0.4453256639491878,0.42358913325842085,0.6900351939291753,0.25711006249202906,0.25729578182744994,0.2567274582323683,0.257011728709842,0.25711006249202906,0.2823150149808473,1,dp_accu,60218
"count_enc,median_imp,over_samp,max_abs_scale,k_best_sel",0.449440410118468,0.3646358621827652,0.6346205665172868,0.22279530744336573,0.2250752256770311,0.21864886731391586,0.22187531473461575,0.22279530744336562,0.28075610579890753,1,dp_accu,60218
"loo_enc,most_freq_imp,quant_scale,k_best_sel,no_samp",0.20142588356059002,0.21956005336050755,0.3131639137077297,0.16341635699149293,0.29736249597941455,0.44280066318071676,0.3784764207980653,0.25879919890427416,0.21805273422674923,2,dp_accu,60218
"woe_enc,most_freq_imp,no_sel,min_max_scale,no_samp",0.19255336033318096,0.20969105855014536,0.295352794555251,0.16086729523049048,0.28078153949806295,0.4554266037495217,0.38017128755987806,0.2614309394152139,0.2173591267188933,2,dp_accu,60218
"count_enc,median_imp,quant_scale,k_best_sel,no_samp",0.2101975461534761,0.3165339147072162,0.41738452659999303,0.17548601087190197,0.3145597210113339,0.49866088509118733,0.42088980553918665,0.28581911568475227,0.14436679792933968,2,dp_accu,60218
"count_enc,median_imp,max_abs_scale,k_best_sel,no_samp",0.18925375358824958,0.30378555064881296,0.38795339014488517,0.1752096065845643,0.2890995260663507,0.5408748884070909,0.4420767144517629,0.30004909468898233,0.132371283255216,2,dp_accu,60218
"count_enc,median_imp,quant_scale,k_best_sel,under_samp",0.4156060749044279,0.29310224536310275,0.5474122744509099,0.21802066063002168,0.22348674337168584,0.20813671725545213,0.21588684725642493,0.21802066063002157,0.32955321072706234,2,dp_accu,60218
"count_enc,most_freq_imp,k_best_sel,no_samp,quant_scale",0.2084119609839093,0.3138772204156141,0.4137464927556436,0.17582383833420345,0.31386347642505275,0.5026144624410152,0.42329020332717193,0.2873913736153295,0.14412049946487307,2,dp_accu,60218
"loo_enc,most_freq_imp,no_sel,min_max_scale,no_samp",0.18981142700030496,0.2061264768289457,0.2904306563651271,0.16151223856761154,0.27908966461327855,0.4626960846830761,0.3842893679210815,0.2643375245421853,0.21651998591842303,2,dp_accu,60218
"loo_enc,most_freq_imp,no_sel,max_abs_scale,over_samp",0.4105397434360568,0.2223196828004209,0.4779827838598707,0.19413430420711975,0.2090356345724621,0.1685275080906149,0.18928726383465466,0.19413430420711986,0.35478954279412256,2,dp_accu,60218
"count_enc,most_freq_imp,k_best_sel,under_samp,quant_scale",0.4313098479814544,0.3187952941104575,0.5848853998838625,0.22165540109679893,0.22660653889515214,0.21260043361816094,0.21966632962588484,0.22165540109679893,0.30945915985565786,2,dp_accu,60218
"woe_enc,most_freq_imp,quant_scale,k_best_sel,no_samp",0.19961282503129846,0.20323488528483935,0.29802594596514365,0.1647983784281809,0.3018414731785428,0.443948475959699,0.38094561976430497,0.2601012606335712,0.22578080145389934,2,dp_accu,60218
"count_enc,most_freq_imp,k_best_sel,no_samp,quant_scale",0.2084119609839093,0.3138772204156141,0.4137464927556436,0.17582383833420345,0.31386347642505275,0.5026144624410152,0.42329020332717193,0.2873913736153295,0.14412049946487307,3,dp_accu,60218
"count_enc,median_imp,quant_scale,k_best_sel,no_samp",0.2101975461534761,0.3165339147072162,0.41738452659999303,0.17548601087190197,0.3145597210113339,0.49866088509118733,0.42088980553918665,0.28581911568475227,0.14436679792933968,3,dp_accu,60218
"woe_enc,most_freq_imp,quant_scale,k_best_sel,no_samp",0.19961282503129846,0.20323488528483935,0.29802594596514365,0.1647983784281809,0.3018414731785428,0.443948475959699,0.38094561976430497,0.2601012606335712,0.22578080145389934,3,dp_accu,60218
"woe_enc,most_freq_imp,no_sel,min_max_scale,no_samp",0.19255336033318096,0.20969105855014536,0.295352794555251,0.16086729523049048,0.28078153949806295,0.4554266037495217,0.38017128755987806,0.2614309394152139,0.2173591267188933,3,dp_accu,60218
"count_enc,median_imp,max_abs_scale,no_sel,no_samp",0.1894320406949993,0.3086341100347852,0.39160945657996277,0.17462608642240718,0.2880188864843596,0.5384517280959061,0.43995666976168357,0.2988375145333899,0.13410443324018567,3,dp_accu,60218
"loo_enc,most_freq_imp,k_best_sel,min_max_scale,no_samp",0.1870267710591845,0.2047465032138273,0.28846595874459086,0.16381560762875835,0.28165824769203973,0.47404667771967857,0.3927256663230747,0.269729649539451,0.2147758494451579,3,dp_accu,60218
"loo_enc,most_freq_imp,no_sel,min_max_scale,no_samp",0.18981142700030496,0.2061264768289457,0.2904306563651271,0.16151223856761154,0.27908966461327855,0.4626960846830761,0.3842893679210815,0.2643375245421853,0.21651998591842303,3,dp_accu,60218
"loo_enc,most_freq_imp,quant_scale,k_best_sel,no_samp",0.20142588356059002,0.21956005336050755,0.3131639137077297,0.16341635699149293,0.29736249597941455,0.44280066318071676,0.3784764207980653,0.25879919890427416,0.21805273422674923,3,dp_accu,60218
"count_enc,most_freq_imp,k_best_sel,under_samp,quant_scale",0.4229847775775666,0.29784589670784817,0.5587822222521079,0.21802066063002168,0.22383212590557078,0.2074990434893509,0.21575061525840844,0.21802066063002168,0.3216070264165541,3,dp_accu,60218
"count_enc,median_imp,max_abs_scale,k_best_sel,no_samp",0.18925375358824958,0.30378555064881296,0.38795339014488517,0.1752096065845643,0.2890995260663507,0.5408748884070909,0.4420767144517629,0.30004909468898233,0.132371283255216,3,dp_accu,60218
"loo_enc,most_freq_imp,no_sel,min_max_scale,no_samp",0.18981142700030496,0.2061264768289457,0.2904306563651271,0.16151223856761154,0.27908966461327855,0.4626960846830761,0.3842893679210815,0.2643375245421853,0.21651998591842303,4,dp_accu,60218
"loo_enc,most_freq_imp,quant_scale,k_best_sel,no_samp",0.20142588356059002,0.21956005336050755,0.3131639137077297,0.16341635699149293,0.29736249597941455,0.44280066318071676,0.3784764207980653,0.25879919890427416,0.21805273422674923,4,dp_accu,60218
"woe_enc,most_freq_imp,quant_scale,k_best_sel,no_samp",0.19961282503129846,0.20323488528483935,0.29802594596514365,0.1647983784281809,0.3018414731785428,0.443948475959699,0.38094561976430497,0.2601012606335712,0.22578080145389934,4,dp_accu,60218
"count_enc,median_imp,max_abs_scale,k_best_sel,no_samp",0.18925375358824958,0.30378555064881296,0.38795339014488517,0.1752096065845643,0.2890995260663507,0.5408748884070909,0.4420767144517629,0.30004909468898233,0.132371283255216,4,dp_accu,60218
"count_enc,mean_imp,quant_scale,k_best_sel,no_samp",0.21624389236493263,0.35046262663762856,0.4589966310454971,0.18310248456742728,0.33333333333333337,0.520724397398291,0.4423504971063956,0.29836786212956634,0.11612185056614482,4,dp_accu,60218
"loo_enc,most_freq_imp,k_best_sel,min_max_scale,no_samp",0.1870267710591845,0.2047465032138273,0.28846595874459086,0.16381560762875835,0.28165824769203973,0.47404667771967857,0.3927256663230747,0.269729649539451,0.2147758494451579,4,dp_accu,60218
"woe_enc,most_freq_imp,no_sel,min_max_scale,no_samp",0.19255336033318096,0.20969105855014536,0.295352794555251,0.16086729523049048,0.28078153949806295,0.4554266037495217,0.38017128755987806,0.2614309394152139,0.2173591267188933,4,dp_accu,60218
"count_enc,median_imp,max_abs_scale,no_sel,no_samp",0.1894320406949993,0.3086341100347852,0.39160945657996277,0.17462608642240718,0.2880188864843596,0.5384517280959061,0.43995666976168357,0.2988375145333899,0.13410443324018567,4,dp_accu,60218
"loo_enc,most_freq_imp,k_best_sel,no_samp,min_max_scale",0.1870267710591845,0.2047465032138273,0.28846595874459086,0.16381560762875835,0.28165824769203973,0.47404667771967857,0.3927256663230747,0.269729649539451,0.2147758494451579,4,dp_accu,60218
"count_enc,median_imp,min_max_scale,k_best_sel,no_samp",0.1894832166446975,0.30378555064881296,0.38828390310099303,0.1753631645219741,0.2898007496547642,0.5408748884070909,0.44229279628195184,0.30015022737506647,0.13223217934258966,4,dp_accu,60218
"loo_enc,most_freq_imp,quant_scale,k_best_sel,no_samp",0.20142588356059002,0.21956005336050755,0.3131639137077297,0.16341635699149293,0.29736249597941455,0.44280066318071676,0.3784764207980653,0.25879919890427416,0.21805273422674923,5,dp_accu,60218
"count_enc,median_imp,max_abs_scale,no_sel,no_samp",0.1894320406949993,0.3086341100347852,0.39160945657996277,0.17462608642240718,0.2880188864843596,0.5384517280959061,0.43995666976168357,0.2988375145333899,0.13410443324018567,5,dp_accu,60218
"loo_enc,most_freq_imp,no_sel,no_samp,min_max_scale",0.18981142700030496,0.2061264768289457,0.2904306563651271,0.16151223856761154,0.27908966461327855,0.4626960846830761,0.3842893679210815,0.2643375245421853,0.21651998591842303,5,dp_accu,60218
"count_enc,median_imp,max_abs_scale,k_best_sel,no_samp",0.18925375358824958,0.30378555064881296,0.38795339014488517,0.1752096065845643,0.2890995260663507,0.5408748884070909,0.4420767144517629,0.30004909468898233,0.132371283255216,5,dp_accu,60218
"count_enc,mean_imp,quant_scale,k_best_sel,no_samp",0.21624389236493263,0.35046262663762856,0.4589966310454971,0.18310248456742728,0.33333333333333337,0.520724397398291,0.4423504971063956,0.29836786212956634,0.11612185056614482,5,dp_accu,60218
"loo_enc,mean_imp,k_best_sel,no_samp,min_max_scale",0.19015909197137504,0.2118918357353965,0.2977292204941568,0.16360062651638463,0.28237534626038785,0.47136844790205334,0.3912021737533965,0.26867370615167385,0.20863892015732197,5,dp_accu,60218
"loo_enc,most_freq_imp,k_best_sel,min_max_scale,no_samp",0.1870267710591845,0.2047465032138273,0.28846595874459086,0.16381560762875835,0.28165824769203973,0.47404667771967857,0.3927256663230747,0.269729649539451,0.2147758494451579,5,dp_accu,60218
"loo_enc,most_freq_imp,no_sel,min_max_scale,no_samp",0.18981142700030496,0.2061264768289457,0.2904306563651271,0.16151223856761154,0.27908966461327855,0.4626960846830761,0.3842893679210815,0.2643375245421853,0.21651998591842303,5,dp_accu,60218
"onehot_enc,most_freq_imp,k_best_sel,no_samp,min_max_scale",0.1954063886383682,0.27173958157478684,0.3617014041582988,0.1704185989373791,0.28980190755685986,0.5061854355311822,0.4174377491913037,0.28505064656818013,0.1580175581510691,5,dp_accu,60218
"loo_enc,most_freq_imp,k_best_sel,no_samp,min_max_scale",0.1870267710591845,0.2047465032138273,0.28846595874459086,0.16381560762875835,0.28165824769203973,0.47404667771967857,0.3927256663230747,0.269729649539451,0.2147758494451579,5,dp_accu,60218
"loo_enc,most_freq_imp,no_sel,no_samp,min_max_scale",0.18981142700030496,0.2061264768289457,0.2904306563651271,0.16151223856761154,0.27908966461327855,0.4626960846830761,0.3842893679210815,0.2643375245421853,0.21651998591842303,6,dp_accu,60218
"loo_enc,most_freq_imp,k_best_sel,min_max_scale,no_samp",0.1870267710591845,0.2047465032138273,0.28846595874459086,0.16381560762875835,0.28165824769203973,0.47404667771967857,0.3927256663230747,0.269729649539451,0.2147758494451579,6,dp_accu,60218
"count_enc,median_imp,max_abs_scale,no_sel,no_samp",0.1894320406949993,0.3086341100347852,0.39160945657996277,0.17462608642240718,0.2880188864843596,0.5384517280959061,0.43995666976168357,0.2988375145333899,0.13410443324018567,6,dp_accu,60218
"count_enc,median_imp,max_abs_scale,k_best_sel,no_samp",0.18925375358824958,0.30378555064881296,0.38795339014488517,0.1752096065845643,0.2890995260663507,0.5408748884070909,0.4420767144517629,0.30004909468898233,0.132371283255216,6,dp_accu,60218
"loo_enc,most_freq_imp,k_best_sel,no_samp,min_max_scale",0.1870267710591845,0.2047465032138273,0.28846595874459086,0.16381560762875835,0.28165824769203973,0.47404667771967857,0.3927256663230747,0.269729649539451,0.2147758494451579,6,dp_accu,60218
"loo_enc,mean_imp,k_best_sel,no_samp,min_max_scale",0.19015909197137504,0.2118918357353965,0.2977292204941568,0.16360062651638463,0.28237534626038785,0.47136844790205334,0.3912021737533965,0.26867370615167385,0.20863892015732197,6,dp_accu,60218
"loo_enc,most_freq_imp,quant_scale,k_best_sel,no_samp",0.20142588356059002,0.21956005336050755,0.3131639137077297,0.16341635699149293,0.29736249597941455,0.44280066318071676,0.3784764207980653,0.25879919890427416,0.21805273422674923,6,dp_accu,60218
"loo_enc,most_freq_imp,no_sel,min_max_scale,no_samp",0.18981142700030496,0.2061264768289457,0.2904306563651271,0.16151223856761154,0.27908966461327855,0.4626960846830761,0.3842893679210815,0.2643375245421853,0.21651998591842303,6,dp_accu,60218
"onehot_enc,most_freq_imp,k_best_sel,no_samp,min_max_scale",0.1954063886383682,0.27173958157478684,0.3617014041582988,0.1704185989373791,0.28980190755685986,0.5061854355311822,0.4174377491913037,0.28505064656818013,0.1580175581510691,6,dp_accu,60218
"count_enc,mean_imp,quant_scale,k_best_sel,no_samp",0.21624389236493263,0.35046262663762856,0.4589966310454971,0.18310248456742728,0.33333333333333337,0.520724397398291,0.4423504971063956,0.29836786212956634,0.11612185056614482,6,dp_accu,60218
"loo_enc,most_freq_imp,k_best_sel,no_samp,min_max_scale",0.1870267710591845,0.2047465032138273,0.28846595874459086,0.16381560762875835,0.28165824769203973,0.47404667771967857,0.3927256663230747,0.269729649539451,0.2147758494451579,7,dp_accu,60218
"loo_enc,most_freq_imp,no_sel,no_samp,min_max_scale",0.18981142700030496,0.2061264768289457,0.2904306563651271,0.16151223856761154,0.27908966461327855,0.4626960846830761,0.3842893679210815,0.2643375245421853,0.21651998591842303,7,dp_accu,60218
"onehot_enc,most_freq_imp,no_sel,no_samp,min_max_scale",0.18460051293546587,0.16114078837374463,0.24047856280149135,0.15764257854488495,0.2814719173660426,0.4322152786634358,0.3656764265868776,0.25138272023786656,0.26557510007964197,7,dp_accu,60218
"loo_enc,most_freq_imp,k_best_sel,min_max_scale,no_samp",0.1870267710591845,0.2047465032138273,0.28846595874459086,0.16381560762875835,0.28165824769203973,0.47404667771967857,0.3927256663230747,0.269729649539451,0.2147758494451579,7,dp_accu,60218
"loo_enc,median_imp,no_sel,no_samp,min_max_scale",0.19114865273379314,0.21211616579442755,0.2971474738340463,0.16185006602991303,0.2804440649017933,0.4626960846830761,0.384783878504673,0.26456001645157046,0.21353301679204062,7,dp_accu,60218
"count_enc,most_freq_imp,max_abs_scale,no_sel,no_samp",0.1865919821334538,0.30427380591350334,0.385738992176161,0.17527102975952824,0.28685577307231325,0.5447009310036985,0.4442282244882073,0.301395772945215,0.13400654085453495,7,dp_accu,60218
"count_enc,median_imp,max_abs_scale,no_sel,no_samp",0.1894320406949993,0.3086341100347852,0.39160945657996277,0.17462608642240718,0.2880188864843596,0.5384517280959061,0.43995666976168357,0.2988375145333899,0.13410443324018567,7,dp_accu,60218
"onehot_enc,most_freq_imp,k_best_sel,no_samp,min_max_scale",0.1954063886383682,0.27173958157478684,0.3617014041582988,0.1704185989373791,0.28980190755685986,0.5061854355311822,0.4174377491913037,0.28505064656818013,0.1580175581510691,7,dp_accu,60218
"loo_enc,most_freq_imp,quant_scale,k_best_sel,no_samp",0.20142588356059002,0.21956005336050755,0.3131639137077297,0.16341635699149293,0.29736249597941455,0.44280066318071676,0.3784764207980653,0.25879919890427416,0.21805273422674923,7,dp_accu,60218
"loo_enc,mean_imp,k_best_sel,under_samp,min_max_scale",0.43544000828645485,0.25159074456445213,0.5345558682965155,0.2004208646856268,0.21915351506456238,0.16707052671853084,0.19395248380129582,0.20042086468562692,0.33177538967514614,7,dp_accu,60218
"loo_enc,most_freq_imp,no_sel,no_samp,min_max_scale",0.18981142700030496,0.2061264768289457,0.2904306563651271,0.16151223856761154,0.27908966461327855,0.4626960846830761,0.3842893679210815,0.2643375245421853,0.21651998591842303,8,dp_accu,60218
"loo_enc,most_freq_imp,k_best_sel,min_max_scale,no_samp",0.1870267710591845,0.2047465032138273,0.28846595874459086,0.16381560762875835,0.28165824769203973,0.47404667771967857,0.3927256663230747,0.269729649539451,0.2147758494451579,8,dp_accu,60218
"count_enc,most_freq_imp,k_best_sel,no_samp,min_max_scale",0.18825256948133254,0.3065705790491003,0.38971892803902625,0.17551672245938388,0.28816261458748504,0.544445861497258,0.4444358037172408,0.30147050356416305,0.13000562269390542,8,dp_accu,60218
"loo_enc,most_freq_imp,max_abs_scale,no_sel,no_samp",0.18981142700030496,0.20497809026114716,0.28951872852439225,0.16157366174257548,0.27926078028747436,0.46282361943629635,0.3844355133357691,0.26442151845601225,0.21651998591842303,8,dp_accu,60218
"onehot_enc,most_freq_imp,no_sel,no_samp,max_abs_scale",0.18450872771288668,0.16069047315309015,0.24009435017205843,0.15776542489481282,0.2817242492734905,0.43259788292309653,0.36601353758460986,0.2515942489049139,0.2656721138148309,8,dp_accu,60218
"count_enc,most_freq_imp,min_max_scale,no_sel,no_samp",0.18668165402066952,0.3047241211341578,0.3861791080812391,0.17533245293449218,0.2873952931790985,0.5443183267440377,0.44410735122520417,0.30130560350146873,0.1346961835544801,8,dp_accu,60218
"count_enc,median_imp,max_abs_scale,no_sel,no_samp",0.1894320406949993,0.3086341100347852,0.39160945657996277,0.17462608642240718,0.2880188864843596,0.5384517280959061,0.43995666976168357,0.2988375145333899,0.13410443324018567,8,dp_accu,60218
"loo_enc,median_imp,no_sel,no_samp,min_max_scale",0.19114865273379314,0.21211616579442755,0.2971474738340463,0.16185006602991303,0.2804440649017933,0.4626960846830761,0.384783878504673,0.26456001645157046,0.21353301679204062,8,dp_accu,60218
"loo_enc,most_freq_imp,min_max_scale,no_samp,k_best_sel",0.1870267710591845,0.2047465032138273,0.28846595874459086,0.16381560762875835,0.28165824769203973,0.47404667771967857,0.3927256663230747,0.269729649539451,0.2147758494451579,8,dp_accu,60218
"onehot_enc,most_freq_imp,no_sel,no_samp,min_max_scale",0.18460051293546587,0.16114078837374463,0.24047856280149135,0.15764257854488495,0.2814719173660426,0.4322152786634358,0.3656764265868776,0.25138272023786656,0.26557510007964197,8,dp_accu,60218
"loo_enc,most_freq_imp,min_max_scale,no_sel,no_samp",0.18981142700030496,0.2061264768289457,0.2904306563651271,0.16151223856761154,0.27908966461327855,0.4626960846830761,0.3842893679210815,0.2643375245421853,0.21651998591842303,9,dp_accu,60218
"count_enc,most_freq_imp,min_max_scale,no_samp,k_best_sel",0.18825256948133254,0.3065705790491003,0.38971892803902625,0.17551672245938388,0.28816261458748504,0.544445861497258,0.4444358037172408,0.30147050356416305,0.13000562269390542,9,dp_accu,60218
"count_enc,median_imp,no_sel,no_samp,max_abs_scale",0.1894320406949993,0.3086341100347852,0.39160945657996277,0.17462608642240718,0.2880188864843596,0.5384517280959061,0.43995666976168357,0.2988375145333899,0.13410443324018567,9,dp_accu,60218
"loo_enc,most_freq_imp,k_best_sel,no_samp,min_max_scale",0.1870267710591845,0.2047465032138273,0.28846595874459086,0.16381560762875835,0.28165824769203973,0.47404667771967857,0.3927256663230747,0.269729649539451,0.2147758494451579,9,dp_accu,60218
"onehot_enc,most_freq_imp,max_abs_scale,no_samp,no_sel",0.18450872771288668,0.16069047315309015,0.24009435017205843,0.15776542489481282,0.2817242492734905,0.43259788292309653,0.36601353758460986,0.2515942489049139,0.2656721138148309,9,dp_accu,60218
"onehot_enc,most_freq_imp,no_sel,no_samp,min_max_scale",0.18460051293546587,0.16114078837374463,0.24047856280149135,0.15764257854488495,0.2814719173660426,0.4322152786634358,0.3656764265868776,0.25138272023786656,0.26557510007964197,9,dp_accu,60218
"loo_enc,most_freq_imp,no_sel,no_samp,min_max_scale",0.18981142700030496,0.2061264768289457,0.2904306563651271,0.16151223856761154,0.27908966461327855,0.4626960846830761,0.3842893679210815,0.2643375245421853,0.21651998591842303,9,dp_accu,60218
"count_enc,most_freq_imp,min_max_scale,no_sel,no_samp",0.18668165402066952,0.3047241211341578,0.3861791080812391,0.17533245293449218,0.2873952931790985,0.5443183267440377,0.44410735122520417,0.30130560350146873,0.1346961835544801,9,dp_accu,60218
"onehot_enc,most_freq_imp,no_sel,no_samp,max_abs_scale",0.18450872771288668,0.16069047315309015,0.24009435017205843,0.15776542489481282,0.2817242492734905,0.43259788292309653,0.36601353758460986,0.2515942489049139,0.2656721138148309,9,dp_accu,60218
"loo_enc,most_freq_imp,k_best_sel,min_max_scale,no_samp",0.1870267710591845,0.2047465032138273,0.28846595874459086,0.16381560762875835,0.28165824769203973,0.47404667771967857,0.3927256663230747,0.269729649539451,0.2147758494451579,9,dp_accu,60218
"loo_enc,most_freq_imp,min_max_scale,no_samp,k_best_sel",0.1870267710591845,0.2047465032138273,0.28846595874459086,0.16381560762875835,0.28165824769203973,0.47404667771967857,0.3927256663230747,0.269729649539451,0.2147758494451579,10,dp_accu,60218
"count_enc,most_freq_imp,k_best_sel,min_max_scale,no_samp",0.18825256948133254,0.3065705790491003,0.38971892803902625,0.17551672245938388,0.28816261458748504,0.544445861497258,0.4444358037172408,0.30147050356416305,0.13000562269390542,10,dp_accu,60218
"count_enc,most_freq_imp,max_abs_scale,no_sel,no_samp",0.1865919821334538,0.30427380591350334,0.385738992176161,0.17527102975952824,0.28685577307231325,0.5447009310036985,0.4442282244882073,0.301395772945215,0.13400654085453495,10,dp_accu,60218
"count_enc,most_freq_imp,min_max_scale,no_sel,no_samp",0.18668165402066952,0.3047241211341578,0.3861791080812391,0.17533245293449218,0.2873952931790985,0.5443183267440377,0.44410735122520417,0.30130560350146873,0.1346961835544801,10,dp_accu,60218
"onehot_enc,most_freq_imp,no_sel,no_samp,max_abs_scale",0.18450872771288668,0.16069047315309015,0.24009435017205843,0.15776542489481282,0.2817242492734905,0.43259788292309653,0.36601353758460986,0.2515942489049139,0.2656721138148309,10,dp_accu,60218
"loo_enc,most_freq_imp,k_best_sel,no_samp,min_max_scale",0.1870267710591845,0.2047465032138273,0.28846595874459086,0.16381560762875835,0.28165824769203973,0.47404667771967857,0.3927256663230747,0.269729649539451,0.2147758494451579,10,dp_accu,60218
"onehot_enc,most_freq_imp,no_sel,no_samp,min_max_scale",0.18460051293546587,0.16114078837374463,0.24047856280149135,0.15764257854488495,0.2814719173660426,0.4322152786634358,0.3656764265868776,0.25138272023786656,0.26557510007964197,10,dp_accu,60218
"onehot_enc,most_freq_imp,min_max_scale,over_samp,no_sel",0.38599853204046686,0.16075900145246172,0.400088698022272,0.1865088996763754,0.2043191270174367,0.15639158576051782,0.18105597989357736,0.1865088996763754,0.3911946498535836,10,dp_accu,60218
"onehot_enc,most_freq_imp,max_abs_scale,no_samp,no_sel",0.18450872771288668,0.16069047315309015,0.24009435017205843,0.15776542489481282,0.2817242492734905,0.43259788292309653,0.36601353758460986,0.2515942489049139,0.2656721138148309,10,dp_accu,60218
"loo_enc,most_freq_imp,k_best_sel,min_max_scale,no_samp",0.1870267710591845,0.2047465032138273,0.28846595874459086,0.16381560762875835,0.28165824769203973,0.47404667771967857,0.3927256663230747,0.269729649539451,0.2147758494451579,10,dp_accu,60218
"loo_enc,most_freq_imp,min_max_scale,no_samp,no_sel",0.18981142700030496,0.2061264768289457,0.2904306563651271,0.16151223856761154,0.27908966461327855,0.4626960846830761,0.3842893679210815,0.2643375245421853,0.21651998591842303,11,dp_accu,60218
"onehot_enc,most_freq_imp,max_abs_scale,no_samp,k_best_sel",0.19536049602707864,0.2720397917218898,0.3618033065317371,0.1702650409999693,0.289304714731242,0.5059303660247417,0.4170929882636173,0.2848624322033094,0.15804881162380466,11,dp_accu,60218
"onehot_enc,most_freq_imp,no_sel,no_samp,min_max_scale",0.18460051293546587,0.16114078837374463,0.24047856280149135,0.15764257854488495,0.2814719173660426,0.4322152786634358,0.3656764265868776,0.25138272023786656,0.26557510007964197,11,dp_accu,60218
"loo_enc,most_freq_imp,min_max_scale,no_samp,k_best_sel",0.1870267710591845,0.2047465032138273,0.28846595874459086,0.16381560762875835,0.28165824769203973,0.47404667771967857,0.3927256663230747,0.269729649539451,0.2147758494451579,11,dp_accu,60218
"loo_enc,most_freq_imp,no_sel,no_samp,max_abs_scale",0.18981142700030496,0.20497809026114716,0.28951872852439225,0.16157366174257548,0.27926078028747436,0.46282361943629635,0.3844355133357691,0.26442151845601225,0.21651998591842303,11,dp_accu,60218
"onehot_enc,most_freq_imp,k_best_sel,min_max_scale,no_samp",0.1954063886383682,0.27173958157478684,0.3617014041582988,0.1704185989373791,0.28980190755685986,0.5061854355311822,0.4174377491913037,0.28505064656818013,0.1580175581510691,11,dp_accu,60218
"loo_enc,most_freq_imp,k_best_sel,no_samp,min_max_scale",0.1870267710591845,0.2047465032138273,0.28846595874459086,0.16381560762875835,0.28165824769203973,0.47404667771967857,0.3927256663230747,0.269729649539451,0.2147758494451579,11,dp_accu,60218
"onehot_enc,most_freq_imp,max_abs_scale,no_samp,no_sel",0.18450872771288668,0.16069047315309015,0.24009435017205843,0.15776542489481282,0.2817242492734905,0.43259788292309653,0.36601353758460986,0.2515942489049139,0.2656721138148309,11,dp_accu,60218
"onehot_enc,most_freq_imp,no_sel,no_samp,max_abs_scale",0.18450872771288668,0.16069047315309015,0.24009435017205843,0.15776542489481282,0.2817242492734905,0.43259788292309653,0.36601353758460986,0.2515942489049139,0.2656721138148309,11,dp_accu,60218
"count_enc,most_freq_imp,max_abs_scale,no_sel,no_samp",0.1865919821334538,0.30427380591350334,0.385738992176161,0.17527102975952824,0.28685577307231325,0.5447009310036985,0.4442282244882073,0.301395772945215,0.13400654085453495,11,dp_accu,60218
"onehot_enc,most_freq_imp,max_abs_scale,no_samp,k_best_sel",0.19536049602707864,0.2720397917218898,0.3618033065317371,0.1702650409999693,0.289304714731242,0.5059303660247417,0.4170929882636173,0.2848624322033094,0.15804881162380466,12,dp_accu,60218
"loo_enc,most_freq_imp,k_best_sel,no_samp,min_max_scale",0.1870267710591845,0.2047465032138273,0.28846595874459086,0.16381560762875835,0.28165824769203973,0.47404667771967857,0.3927256663230747,0.269729649539451,0.2147758494451579,12,dp_accu,60218
"loo_enc,most_freq_imp,max_abs_scale,no_samp,k_best_sel",0.18693498583660534,0.20504671336093028,0.28850175852680754,0.16363133810386654,0.2810594180170761,0.47379160821323807,0.392341678939617,0.2695212086373634,0.21485864661148216,12,dp_accu,60218
"onehot_enc,most_freq_imp,min_max_scale,no_samp,k_best_sel",0.1954063886383682,0.27173958157478684,0.3617014041582988,0.1704185989373791,0.28980190755685986,0.5061854355311822,0.4174377491913037,0.28505064656818013,0.1580175581510691,12,dp_accu,60218
"onehot_enc,most_freq_imp,min_max_scale,no_samp,no_sel",0.18460051293546587,0.16114078837374463,0.24047856280149135,0.15764257854488495,0.2814719173660426,0.4322152786634358,0.3656764265868776,0.25138272023786656,0.26557510007964197,12,dp_accu,60218
"loo_enc,most_freq_imp,no_sel,no_samp,min_max_scale",0.18981142700030496,0.2061264768289457,0.2904306563651271,0.16151223856761154,0.27908966461327855,0.4626960846830761,0.3842893679210815,0.2643375245421853,0.21651998591842303,12,dp_accu,60218
"loo_enc,most_freq_imp,min_max_scale,no_samp,k_best_sel",0.1870267710591845,0.2047465032138273,0.28846595874459086,0.16381560762875835,0.28165824769203973,0.47404667771967857,0.3927256663230747,0.269729649539451,0.2147758494451579,12,dp_accu,60218
"count_enc,most_freq_imp,max_abs_scale,no_sel,no_samp",0.1865919821334538,0.30427380591350334,0.385738992176161,0.17527102975952824,0.28685577307231325,0.5447009310036985,0.4442282244882073,0.301395772945215,0.13400654085453495,12,dp_accu,60218
"onehot_enc,most_freq_imp,no_sel,no_samp,max_abs_scale",0.18450872771288668,0.16069047315309015,0.24009435017205843,0.15776542489481282,0.2817242492734905,0.43259788292309653,0.36601353758460986,0.2515942489049139,0.2656721138148309,12,dp_accu,60218
"onehot_enc,most_freq_imp,max_abs_scale,no_samp,no_sel",0.18450872771288668,0.16069047315309015,0.24009435017205843,0.15776542489481282,0.2817242492734905,0.43259788292309653,0.36601353758460986,0.2515942489049139,0.2656721138148309,12,dp_accu,60218
"onehot_enc,most_freq_imp,no_sel,no_samp,min_max_scale",0.18460051293546587,0.16114078837374463,0.24047856280149135,0.15764257854488495,0.2814719173660426,0.4322152786634358,0.3656764265868776,0.25138272023786656,0.26557510007964197,13,dp_accu,60218
"onehot_enc,most_freq_imp,max_abs_scale,no_samp,no_sel",0.18450872771288668,0.16069047315309015,0.24009435017205843,0.15776542489481282,0.2817242492734905,0.43259788292309653,0.36601353758460986,0.2515942489049139,0.2656721138148309,13,dp_accu,60218
"count_enc,most_freq_imp,max_abs_scale,no_sel,no_samp",0.1865919821334538,0.30427380591350334,0.385738992176161,0.17527102975952824,0.28685577307231325,0.5447009310036985,0.4442282244882073,0.301395772945215,0.13400654085453495,13,dp_accu,60218
"loo_enc,most_freq_imp,min_max_scale,no_samp,k_best_sel",0.1870267710591845,0.2047465032138273,0.28846595874459086,0.16381560762875835,0.28165824769203973,0.47404667771967857,0.3927256663230747,0.269729649539451,0.2147758494451579,13,dp_accu,60218
"loo_enc,most_freq_imp,max_abs_scale,no_samp,k_best_sel",0.18693498583660534,0.20504671336093028,0.28850175852680754,0.16363133810386654,0.2810594180170761,0.47379160821323807,0.392341678939617,0.2695212086373634,0.21485864661148216,13,dp_accu,60218
"onehot_enc,most_freq_imp,min_max_scale,no_samp,no_sel",0.18460051293546587,0.16114078837374463,0.24047856280149135,0.15764257854488495,0.2814719173660426,0.4322152786634358,0.3656764265868776,0.25138272023786656,0.26557510007964197,13,dp_accu,60218
"onehot_enc,most_freq_imp,no_sel,no_samp,max_abs_scale",0.18450872771288668,0.16069047315309015,0.24009435017205843,0.15776542489481282,0.2817242492734905,0.43259788292309653,0.36601353758460986,0.2515942489049139,0.2656721138148309,13,dp_accu,60218
"loo_enc,most_freq_imp,k_best_sel,no_samp,min_max_scale",0.1870267710591845,0.2047465032138273,0.28846595874459086,0.16381560762875835,0.28165824769203973,0.47404667771967857,0.3927256663230747,0.269729649539451,0.2147758494451579,13,dp_accu,60218
"onehot_enc,most_freq_imp,k_best_sel,no_samp,max_abs_scale",0.19536049602707864,0.2720397917218898,0.3618033065317371,0.1702650409999693,0.289304714731242,0.5059303660247417,0.4170929882636173,0.2848624322033094,0.15804881162380466,13,dp_accu,60218
"loo_enc,most_freq_imp,no_sel,no_samp,min_max_scale",0.18981142700030496,0.2061264768289457,0.2904306563651271,0.16151223856761154,0.27908966461327855,0.4626960846830761,0.3842893679210815,0.2643375245421853,0.21651998591842303,13,dp_accu,60218
"count_enc,most_freq_imp,max_abs_scale,no_sel,no_samp",0.1865919821334538,0.30427380591350334,0.385738992176161,0.17527102975952824,0.28685577307231325,0.5447009310036985,0.4442282244882073,0.301395772945215,0.13400654085453495,14,dp_accu,60218
"loo_enc,most_freq_imp,max_abs_scale,no_samp,k_best_sel",0.18693498583660534,0.20504671336093028,0.28850175852680754,0.16363133810386654,0.2810594180170761,0.47379160821323807,0.392341678939617,0.2695212086373634,0.21485864661148216,14,dp_accu,60218
"onehot_enc,most_freq_imp,k_best_sel,no_samp,max_abs_scale",0.19536049602707864,0.2720397917218898,0.3618033065317371,0.1702650409999693,0.289304714731242,0.5059303660247417,0.4170929882636173,0.2848624322033094,0.15804881162380466,14,dp_accu,60218
"onehot_enc,most_freq_imp,no_sel,no_samp,max_abs_scale",0.18450872771288668,0.16069047315309015,0.24009435017205843,0.15776542489481282,0.2817242492734905,0.43259788292309653,0.36601353758460986,0.2515942489049139,0.2656721138148309,14,dp_accu,60218
"onehot_enc,most_freq_imp,no_sel,no_samp,min_max_scale",0.18460051293546587,0.16114078837374463,0.24047856280149135,0.15764257854488495,0.2814719173660426,0.4322152786634358,0.3656764265868776,0.25138272023786656,0.26557510007964197,14,dp_accu,60218
"loo_enc,most_freq_imp,k_best_sel,under_samp,min_max_scale",0.4153579676099163,0.24580361469313508,0.5025077305278309,0.19850784338732308,0.21688622754491016,0.16605024869276874,0.1922673089988265,0.19850784338732308,0.35457428217195747,14,dp_accu,60218
"onehot_enc,most_freq_imp,max_abs_scale,no_samp,no_sel",0.18450872771288668,0.16069047315309015,0.24009435017205843,0.15776542489481282,0.2817242492734905,0.43259788292309653,0.36601353758460986,0.2515942489049139,0.2656721138148309,14,dp_accu,60218
"loo_enc,most_freq_imp,no_sel,no_samp,min_max_scale",0.18981142700030496,0.2061264768289457,0.2904306563651271,0.16151223856761154,0.27908966461327855,0.4626960846830761,0.3842893679210815,0.2643375245421853,0.21651998591842303,14,dp_accu,60218
"onehot_enc,most_freq_imp,min_max_scale,no_samp,no_sel",0.18460051293546587,0.16114078837374463,0.24047856280149135,0.15764257854488495,0.2814719173660426,0.4322152786634358,0.3656764265868776,0.25138272023786656,0.26557510007964197,14,dp_accu,60218
"loo_enc,most_freq_imp,min_max_scale,no_samp,k_best_sel",0.1870267710591845,0.2047465032138273,0.28846595874459086,0.16381560762875835,0.28165824769203973,0.47404667771967857,0.3927256663230747,0.269729649539451,0.2147758494451579,14,dp_accu,60218
"onehot_enc,most_freq_imp,min_max_scale,no_samp,k_best_sel",0.1954063886383682,0.27173958157478684,0.3617014041582988,0.1704185989373791,0.28980190755685986,0.5061854355311822,0.4174377491913037,0.28505064656818013,0.1580175581510691,15,dp_accu,60218
"loo_enc,most_freq_imp,no_sel,no_samp,min_max_scale",0.18981142700030496,0.2061264768289457,0.2904306563651271,0.16151223856761154,0.27908966461327855,0.4626960846830761,0.3842893679210815,0.2643375245421853,0.21651998591842303,15,dp_accu,60218
"onehot_enc,most_freq_imp,min_max_scale,no_samp,no_sel",0.18460051293546587,0.16114078837374463,0.24047856280149135,0.15764257854488495,0.2814719173660426,0.4322152786634358,0.3656764265868776,0.25138272023786656,0.26557510007964197,15,dp_accu,60218
"count_enc,most_freq_imp,max_abs_scale,no_sel,no_samp",0.1865919821334538,0.30427380591350334,0.385738992176161,0.17527102975952824,0.28685577307231325,0.5447009310036985,0.4442282244882073,0.301395772945215,0.13400654085453495,15,dp_accu,60218
"onehot_enc,most_freq_imp,no_sel,no_samp,max_abs_scale",0.18450872771288668,0.16069047315309015,0.24009435017205843,0.15776542489481282,0.2817242492734905,0.43259788292309653,0.36601353758460986,0.2515942489049139,0.2656721138148309,15,dp_accu,60218
"loo_enc,most_freq_imp,max_abs_scale,no_samp,k_best_sel",0.18693498583660534,0.20504671336093028,0.28850175852680754,0.16363133810386654,0.2810594180170761,0.47379160821323807,0.392341678939617,0.2695212086373634,0.21485864661148216,15,dp_accu,60218
"onehot_enc,most_freq_imp,k_best_sel,no_samp,max_abs_scale",0.19536049602707864,0.2720397917218898,0.3618033065317371,0.1702650409999693,0.289304714731242,0.5059303660247417,0.4170929882636173,0.2848624322033094,0.15804881162380466,15,dp_accu,60218
"onehot_enc,most_freq_imp,no_sel,no_samp,min_max_scale",0.18460051293546587,0.16114078837374463,0.24047856280149135,0.15764257854488495,0.2814719173660426,0.4322152786634358,0.3656764265868776,0.25138272023786656,0.26557510007964197,15,dp_accu,60218
"onehot_enc,most_freq_imp,max_abs_scale,no_samp,no_sel",0.18450872771288668,0.16069047315309015,0.24009435017205843,0.15776542489481282,0.2817242492734905,0.43259788292309653,0.36601353758460986,0.2515942489049139,0.2656721138148309,15,dp_accu,60218
"loo_enc,most_freq_imp,min_max_scale,no_samp,k_best_sel",0.1870267710591845,0.2047465032138273,0.28846595874459086,0.16381560762875835,0.28165824769203973,0.47404667771967857,0.3927256663230747,0.269729649539451,0.2147758494451579,15,dp_accu,60218
"loo_enc,most_freq_imp,min_max_scale,no_samp,k_best_sel",0.1870267710591845,0.2047465032138273,0.28846595874459086,0.16381560762875835,0.28165824769203973,0.47404667771967857,0.3927256663230747,0.269729649539451,0.2147758494451579,16,dp_accu,60218
"onehot_enc,most_freq_imp,no_sel,no_samp,max_abs_scale",0.18450872771288668,0.16069047315309015,0.24009435017205843,0.15776542489481282,0.2817242492734905,0.43259788292309653,0.36601353758460986,0.2515942489049139,0.2656721138148309,16,dp_accu,60218
"onehot_enc,most_freq_imp,min_max_scale,no_samp,no_sel",0.18460051293546587,0.16114078837374463,0.24047856280149135,0.15764257854488495,0.2814719173660426,0.4322152786634358,0.3656764265868776,0.25138272023786656,0.26557510007964197,16,dp_accu,60218
"loo_enc,most_freq_imp,no_sel,no_samp,max_abs_scale",0.18981142700030496,0.20497809026114716,0.28951872852439225,0.16157366174257548,0.27926078028747436,0.46282361943629635,0.3844355133357691,0.26442151845601225,0.21651998591842303,16,dp_accu,60218
"onehot_enc,most_freq_imp,no_sel,no_samp,min_max_scale",0.18460051293546587,0.16114078837374463,0.24047856280149135,0.15764257854488495,0.2814719173660426,0.4322152786634358,0.3656764265868776,0.25138272023786656,0.26557510007964197,16,dp_accu,60218
"count_enc,most_freq_imp,max_abs_scale,no_sel,no_samp",0.1865919821334538,0.30427380591350334,0.385738992176161,0.17527102975952824,0.28685577307231325,0.5447009310036985,0.4442282244882073,0.301395772945215,0.13400654085453495,16,dp_accu,60218
"onehot_enc,most_freq_imp,max_abs_scale,no_samp,no_sel",0.18450872771288668,0.16069047315309015,0.24009435017205843,0.15776542489481282,0.2817242492734905,0.43259788292309653,0.36601353758460986,0.2515942489049139,0.2656721138148309,16,dp_accu,60218
"loo_enc,most_freq_imp,max_abs_scale,no_samp,k_best_sel",0.18693498583660534,0.20504671336093028,0.28850175852680754,0.16363133810386654,0.2810594180170761,0.47379160821323807,0.392341678939617,0.2695212086373634,0.21485864661148216,16,dp_accu,60218
"onehot_enc,most_freq_imp,k_best_sel,no_samp,max_abs_scale",0.19536049602707864,0.2720397917218898,0.3618033065317371,0.1702650409999693,0.289304714731242,0.5059303660247417,0.4170929882636173,0.2848624322033094,0.15804881162380466,16,dp_accu,60218
"loo_enc,most_freq_imp,no_sel,no_samp,min_max_scale",0.18981142700030496,0.2061264768289457,0.2904306563651271,0.16151223856761154,0.27908966461327855,0.4626960846830761,0.3842893679210815,0.2643375245421853,0.21651998591842303,16,dp_accu,60218
"loo_enc,most_freq_imp,min_max_scale,no_samp,k_best_sel",0.1870267710591845,0.2047465032138273,0.28846595874459086,0.16381560762875835,0.28165824769203973,0.47404667771967857,0.3927256663230747,0.269729649539451,0.2147758494451579,17,dp_accu,60218
"onehot_enc,most_freq_imp,no_sel,no_samp,min_max_scale",0.18460051293546587,0.16114078837374463,0.24047856280149135,0.15764257854488495,0.2814719173660426,0.4322152786634358,0.3656764265868776,0.25138272023786656,0.26557510007964197,17,dp_accu,60218
"onehot_enc,most_freq_imp,no_sel,no_samp,max_abs_scale",0.18450872771288668,0.16069047315309015,0.24009435017205843,0.15776542489481282,0.2817242492734905,0.43259788292309653,0.36601353758460986,0.2515942489049139,0.2656721138148309,17,dp_accu,60218
"onehot_enc,most_freq_imp,min_max_scale,no_samp,k_best_sel",0.1954063886383682,0.27173958157478684,0.3617014041582988,0.1704185989373791,0.28980190755685986,0.5061854355311822,0.4174377491913037,0.28505064656818013,0.1580175581510691,17,dp_accu,60218
"loo_enc,most_freq_imp,min_max_scale,no_samp,no_sel",0.18981142700030496,0.2061264768289457,0.2904306563651271,0.16151223856761154,0.27908966461327855,0.4626960846830761,0.3842893679210815,0.2643375245421853,0.21651998591842303,17,dp_accu,60218
"count_enc,most_freq_imp,max_abs_scale,no_sel,no_samp",0.1865919821334538,0.30427380591350334,0.385738992176161,0.17527102975952824,0.28685577307231325,0.5447009310036985,0.4442282244882073,0.301395772945215,0.13400654085453495,17,dp_accu,60218
"loo_enc,most_freq_imp,no_sel,no_samp,min_max_scale",0.18981142700030496,0.2061264768289457,0.2904306563651271,0.16151223856761154,0.27908966461327855,0.4626960846830761,0.3842893679210815,0.2643375245421853,0.21651998591842303,17,dp_accu,60218
"loo_enc,most_freq_imp,no_sel,no_samp,max_abs_scale",0.18981142700030496,0.20497809026114716,0.28951872852439225,0.16157366174257548,0.27926078028747436,0.46282361943629635,0.3844355133357691,0.26442151845601225,0.21651998591842303,17,dp_accu,60218
"onehot_enc,most_freq_imp,min_max_scale,no_samp,no_sel",0.18460051293546587,0.16114078837374463,0.24047856280149135,0.15764257854488495,0.2814719173660426,0.4322152786634358,0.3656764265868776,0.25138272023786656,0.26557510007964197,17,dp_accu,60218
"loo_enc,most_freq_imp,max_abs_scale,no_samp,k_best_sel",0.18693498583660534,0.20504671336093028,0.28850175852680754,0.16363133810386654,0.2810594180170761,0.47379160821323807,0.392341678939617,0.2695212086373634,0.21485864661148216,17,dp_accu,60218
"loo_enc,most_freq_imp,max_abs_scale,no_samp,k_best_sel",0.18693498583660534,0.20504671336093028,0.28850175852680754,0.16363133810386654,0.2810594180170761,0.47379160821323807,0.392341678939617,0.2695212086373634,0.21485864661148216,18,dp_accu,60218
"onehot_enc,most_freq_imp,no_sel,no_samp,min_max_scale",0.18460051293546587,0.16114078837374463,0.24047856280149135,0.15764257854488495,0.2814719173660426,0.4322152786634358,0.3656764265868776,0.25138272023786656,0.26557510007964197,18,dp_accu,60218
"onehot_enc,most_freq_imp,min_max_scale,no_samp,no_sel",0.18460051293546587,0.16114078837374463,0.24047856280149135,0.15764257854488495,0.2814719173660426,0.4322152786634358,0.3656764265868776,0.25138272023786656,0.26557510007964197,18,dp_accu,60218
"loo_enc,most_freq_imp,min_max_scale,no_samp,no_sel",0.18981142700030496,0.2061264768289457,0.2904306563651271,0.16151223856761154,0.27908966461327855,0.4626960846830761,0.3842893679210815,0.2643375245421853,0.21651998591842303,18,dp_accu,60218
"loo_enc,most_freq_imp,min_max_scale,no_samp,k_best_sel",0.1870267710591845,0.2047465032138273,0.28846595874459086,0.16381560762875835,0.28165824769203973,0.47404667771967857,0.3927256663230747,0.269729649539451,0.2147758494451579,18,dp_accu,60218
"count_enc,most_freq_imp,no_sel,no_samp,max_abs_scale",0.1865919821334538,0.30427380591350334,0.385738992176161,0.17527102975952824,0.28685577307231325,0.5447009310036985,0.4442282244882073,0.301395772945215,0.13400654085453495,18,dp_accu,60218
"onehot_enc,most_freq_imp,no_sel,no_samp,max_abs_scale",0.18450872771288668,0.16069047315309015,0.24009435017205843,0.15776542489481282,0.2817242492734905,0.43259788292309653,0.36601353758460986,0.2515942489049139,0.2656721138148309,18,dp_accu,60218
"count_enc,most_freq_imp,max_abs_scale,no_sel,no_samp",0.1865919821334538,0.30427380591350334,0.385738992176161,0.17527102975952824,0.28685577307231325,0.5447009310036985,0.4442282244882073,0.301395772945215,0.13400654085453495,18,dp_accu,60218
"onehot_enc,median_imp,no_sel,no_samp,min_max_scale",0.18464640554675543,0.16099068330019312,0.24046066291038298,0.1577347133073309,0.28174923350008063,0.43234281341665604,0.36586408320273545,0.2514869406889104,0.26552661977659714,18,dp_accu,60218
"loo_enc,most_freq_imp,no_sel,no_samp,max_abs_scale",0.18981142700030496,0.20497809026114716,0.28951872852439225,0.16157366174257548,0.27926078028747436,0.46282361943629635,0.3844355133357691,0.26442151845601225,0.21651998591842303,18,dp_accu,60218
"count_enc,median_imp,max_abs_scale,no_sel,no_samp",0.1894320406949993,0.3086341100347852,0.39160945657996277,0.17462608642240718,0.2880188864843596,0.5384517280959061,0.43995666976168357,0.2988375145333899,0.13410443324018567,19,dp_accu,60218
"onehot_enc,most_freq_imp,no_sel,no_samp,min_max_scale",0.18460051293546587,0.16114078837374463,0.24047856280149135,0.15764257854488495,0.2814719173660426,0.4322152786634358,0.3656764265868776,0.25138272023786656,0.26557510007964197,19,dp_accu,60218
"count_enc,most_freq_imp,no_sel,no_samp,max_abs_scale",0.1865919821334538,0.30427380591350334,0.385738992176161,0.17527102975952824,0.28685577307231325,0.5447009310036985,0.4442282244882073,0.301395772945215,0.13400654085453495,19,dp_accu,60218
"onehot_enc,most_freq_imp,no_sel,no_samp,max_abs_scale",0.18450872771288668,0.16069047315309015,0.24009435017205843,0.15776542489481282,0.2817242492734905,0.43259788292309653,0.36601353758460986,0.2515942489049139,0.2656721138148309,19,dp_accu,60218
"loo_enc,most_freq_imp,min_max_scale,no_samp,no_sel",0.18981142700030496,0.2061264768289457,0.2904306563651271,0.16151223856761154,0.27908966461327855,0.4626960846830761,0.3842893679210815,0.2643375245421853,0.21651998591842303,19,dp_accu,60218
"loo_enc,most_freq_imp,max_abs_scale,no_samp,k_best_sel",0.18693498583660534,0.20504671336093028,0.28850175852680754,0.16363133810386654,0.2810594180170761,0.47379160821323807,0.392341678939617,0.2695212086373634,0.21485864661148216,19,dp_accu,60218
"onehot_enc,most_freq_imp,min_max_scale,no_samp,no_sel",0.18460051293546587,0.16114078837374463,0.24047856280149135,0.15764257854488495,0.2814719173660426,0.4322152786634358,0.3656764265868776,0.25138272023786656,0.26557510007964197,19,dp_accu,60218
"count_enc,most_freq_imp,max_abs_scale,no_sel,no_samp",0.1865919821334538,0.30427380591350334,0.385738992176161,0.17527102975952824,0.28685577307231325,0.5447009310036985,0.4442282244882073,0.301395772945215,0.13400654085453495,19,dp_accu,60218
"loo_enc,most_freq_imp,no_sel,no_samp,max_abs_scale",0.18981142700030496,0.20497809026114716,0.28951872852439225,0.16157366174257548,0.27926078028747436,0.46282361943629635,0.3844355133357691,0.26442151845601225,0.21651998591842303,19,dp_accu,60218
"onehot_enc,median_imp,no_sel,no_samp,min_max_scale",0.18464640554675543,0.16099068330019312,0.24046066291038298,0.1577347133073309,0.28174923350008063,0.43234281341665604,0.36586408320273545,0.2514869406889104,0.26552661977659714,19,dp_accu,60218
"onehot_enc,median_imp,no_sel,no_samp,max_abs_scale",0.184555676991858,0.1603902630059872,0.23996449616079757,0.15782684806977676,0.28181524547803616,0.43285295242953703,0.36620822347324167,0.25172178365813425,0.26535107752053605,20,dp_accu,60218
"onehot_enc,most_freq_imp,no_sel,no_samp,min_max_scale",0.18460051293546587,0.16114078837374463,0.24047856280149135,0.15764257854488495,0.2814719173660426,0.4322152786634358,0.3656764265868776,0.25138272023786656,0.26557510007964197,20,dp_accu,60218
"onehot_enc,most_freq_imp,max_abs_scale,no_sel,no_samp",0.18450872771288668,0.16069047315309015,0.24009435017205843,0.15776542489481282,0.2817242492734905,0.43259788292309653,0.36601353758460986,0.2515942489049139,0.2656721138148309,20,dp_accu,60218
"count_enc,most_freq_imp,no_sel,no_samp,max_abs_scale",0.1865919821334538,0.30427380591350334,0.385738992176161,0.17527102975952824,0.28685577307231325,0.5447009310036985,0.4442282244882073,0.301395772945215,0.13400654085453495,20,dp_accu,60218
"count_enc,median_imp,max_abs_scale,no_sel,no_samp",0.1894320406949993,0.3086341100347852,0.39160945657996277,0.17462608642240718,0.2880188864843596,0.5384517280959061,0.43995666976168357,0.2988375145333899,0.13410443324018567,20,dp_accu,60218
"onehot_enc,median_imp,no_sel,no_samp,min_max_scale",0.18464640554675543,0.16099068330019312,0.24046066291038298,0.1577347133073309,0.28174923350008063,0.43234281341665604,0.36586408320273545,0.2514869406889104,0.26552661977659714,20,dp_accu,60218
"onehot_enc,most_freq_imp,no_sel,no_samp,max_abs_scale",0.18450872771288668,0.16069047315309015,0.24009435017205843,0.15776542489481282,0.2817242492734905,0.43259788292309653,0.36601353758460986,0.2515942489049139,0.2656721138148309,20,dp_accu,60218
"count_enc,most_freq_imp,max_abs_scale,no_sel,no_samp",0.1865919821334538,0.30427380591350334,0.385738992176161,0.17527102975952824,0.28685577307231325,0.5447009310036985,0.4442282244882073,0.301395772945215,0.13400654085453495,20,dp_accu,60218
"onehot_enc,most_freq_imp,min_max_scale,no_samp,no_sel",0.18460051293546587,0.16114078837374463,0.24047856280149135,0.15764257854488495,0.2814719173660426,0.4322152786634358,0.3656764265868776,0.25138272023786656,0.26557510007964197,20,dp_accu,60218
"loo_enc,most_freq_imp,min_max_scale,no_samp,no_sel",0.18981142700030496,0.2061264768289457,0.2904306563651271,0.16151223856761154,0.27908966461327855,0.4626960846830761,0.3842893679210815,0.2643375245421853,0.21651998591842303,20,dp_accu,60218
"onehot_enc,median_imp,no_sel,no_samp,min_max_scale",0.18464640554675543,0.16099068330019312,0.24046066291038298,0.1577347133073309,0.28174923350008063,0.43234281341665604,0.36586408320273545,0.2514869406889104,0.26552661977659714,21,dp_accu,60218
"loo_enc,most_freq_imp,min_max_scale,no_samp,no_sel",0.18981142700030496,0.2061264768289457,0.2904306563651271,0.16151223856761154,0.27908966461327855,0.4626960846830761,0.3842893679210815,0.2643375245421853,0.21651998591842303,21,dp_accu,60218
"count_enc,most_freq_imp,no_sel,no_samp,max_abs_scale",0.1865919821334538,0.30427380591350334,0.385738992176161,0.17527102975952824,0.28685577307231325,0.5447009310036985,0.4442282244882073,0.301395772945215,0.13400654085453495,21,dp_accu,60218
"onehot_enc,most_freq_imp,no_sel,no_samp,min_max_scale",0.18460051293546587,0.16114078837374463,0.24047856280149135,0.15764257854488495,0.2814719173660426,0.4322152786634358,0.3656764265868776,0.25138272023786656,0.26557510007964197,21,dp_accu,60218
"onehot_enc,median_imp,max_abs_scale,no_sel,no_samp",0.184555676991858,0.1603902630059872,0.23996449616079757,0.15782684806977676,0.28181524547803616,0.43285295242953703,0.36620822347324167,0.25172178365813425,0.26535107752053605,21,dp_accu,60218
"count_enc,median_imp,no_sel,no_samp,max_abs_scale",0.1894320406949993,0.3086341100347852,0.39160945657996277,0.17462608642240718,0.2880188864843596,0.5384517280959061,0.43995666976168357,0.2988375145333899,0.13410443324018567,21,dp_accu,60218
"onehot_enc,most_freq_imp,min_max_scale,no_samp,no_sel",0.18460051293546587,0.16114078837374463,0.24047856280149135,0.15764257854488495,0.2814719173660426,0.4322152786634358,0.3656764265868776,0.25138272023786656,0.26557510007964197,21,dp_accu,60218
"onehot_enc,most_freq_imp,max_abs_scale,no_sel,no_samp",0.18450872771288668,0.16069047315309015,0.24009435017205843,0.15776542489481282,0.2817242492734905,0.43259788292309653,0.36601353758460986,0.2515942489049139,0.2656721138148309,21,dp_accu,60218
"onehot_enc,most_freq_imp,no_sel,no_samp,max_abs_scale",0.18450872771288668,0.16069047315309015,0.24009435017205843,0.15776542489481282,0.2817242492734905,0.43259788292309653,0.36601353758460986,0.2515942489049139,0.2656721138148309,21,dp_accu,60218
"count_enc,median_imp,max_abs_scale,no_sel,no_samp",0.1894320406949993,0.3086341100347852,0.39160945657996277,0.17462608642240718,0.2880188864843596,0.5384517280959061,0.43995666976168357,0.2988375145333899,0.13410443324018567,21,dp_accu,60218
"count_enc,median_imp,no_sel,no_samp,min_max_scale",0.18956866186118634,0.30808614376119264,0.39125979808003497,0.17462608642240718,0.2882688150913736,0.5380691238362454,0.43975251353441613,0.29870689201521006,0.1343878579305846,22,dp_accu,60218
"onehot_enc,median_imp,no_sel,no_samp,max_abs_scale",0.184555676991858,0.1603902630059872,0.23996449616079757,0.15782684806977676,0.28181524547803616,0.43285295242953703,0.36620822347324167,0.25172178365813425,0.26535107752053605,22,dp_accu,60218
"onehot_enc,most_freq_imp,no_sel,no_samp,max_abs_scale",0.18450872771288668,0.16069047315309015,0.24009435017205843,0.15776542489481282,0.2817242492734905,0.43259788292309653,0.36601353758460986,0.2515942489049139,0.2656721138148309,22,dp_accu,60218
"onehot_enc,median_imp,no_sel,no_samp,min_max_scale",0.18464640554675543,0.16099068330019312,0.24046066291038298,0.1577347133073309,0.28174923350008063,0.43234281341665604,0.36586408320273545,0.2514869406889104,0.26552661977659714,22,dp_accu,60218
"loo_enc,median_imp,max_abs_scale,no_sel,no_samp",0.1908743537337374,0.2119136067002627,0.2968788121486599,0.16206504714228676,0.28070475538829964,0.4637163627088382,0.38554833053262216,0.26504992892723467,0.21347349321896036,22,dp_accu,60218
"onehot_enc,most_freq_imp,min_max_scale,no_samp,no_sel",0.18460051293546587,0.16114078837374463,0.24047856280149135,0.15764257854488495,0.2814719173660426,0.4322152786634358,0.3656764265868776,0.25138272023786656,0.26557510007964197,22,dp_accu,60218
"count_enc,median_imp,no_sel,no_samp,max_abs_scale",0.1894320406949993,0.3086341100347852,0.39160945657996277,0.17462608642240718,0.2880188864843596,0.5384517280959061,0.43995666976168357,0.2988375145333899,0.13410443324018567,22,dp_accu,60218
"onehot_enc,most_freq_imp,no_sel,no_samp,min_max_scale",0.18460051293546587,0.16114078837374463,0.24047856280149135,0.15764257854488495,0.2814719173660426,0.4322152786634358,0.3656764265868776,0.25138272023786656,0.26557510007964197,22,dp_accu,60218
"count_enc,median_imp,max_abs_scale,k_best_sel,no_samp",0.18925375358824958,0.30378555064881296,0.38795339014488517,0.1752096065845643,0.2890995260663507,0.5408748884070909,0.4420767144517629,0.30004909468898233,0.132371283255216,22,dp_accu,60218
"onehot_enc,median_imp,max_abs_scale,no_sel,no_samp",0.184555676991858,0.1603902630059872,0.23996449616079757,0.15782684806977676,0.28181524547803616,0.43285295242953703,0.36620822347324167,0.25172178365813425,0.26535107752053605,22,dp_accu,60218
"onehot_enc,most_freq_imp,no_sel,no_samp,min_max_scale",0.18460051293546587,0.16114078837374463,0.24047856280149135,0.15764257854488495,0.2814719173660426,0.4322152786634358,0.3656764265868776,0.25138272023786656,0.26557510007964197,23,dp_accu,60218
"onehot_enc,most_freq_imp,no_sel,no_samp,max_abs_scale",0.18450872771288668,0.16069047315309015,0.24009435017205843,0.15776542489481282,0.2817242492734905,0.43259788292309653,0.36601353758460986,0.2515942489049139,0.2656721138148309,23,dp_accu,60218
"onehot_enc,median_imp,min_max_scale,no_samp,no_sel",0.18464640554675543,0.16099068330019312,0.24046066291038298,0.1577347133073309,0.28174923350008063,0.43234281341665604,0.36586408320273545,0.2514869406889104,0.26552661977659714,23,dp_accu,60218
"count_enc,median_imp,no_sel,no_samp,min_max_scale",0.18956866186118634,0.30808614376119264,0.39125979808003497,0.17462608642240718,0.2882688150913736,0.5380691238362454,0.43975251353441613,0.29870689201521006,0.1343878579305846,23,dp_accu,60218
"count_enc,median_imp,no_sel,no_samp,max_abs_scale",0.1894320406949993,0.3086341100347852,0.39160945657996277,0.17462608642240718,0.2880188864843596,0.5384517280959061,0.43995666976168357,0.2988375145333899,0.13410443324018567,23,dp_accu,60218
"onehot_enc,most_freq_imp,min_max_scale,no_samp,no_sel",0.18460051293546587,0.16114078837374463,0.24047856280149135,0.15764257854488495,0.2814719173660426,0.4322152786634358,0.3656764265868776,0.25138272023786656,0.26557510007964197,23,dp_accu,60218
"onehot_enc,median_imp,max_abs_scale,no_sel,no_samp",0.184555676991858,0.1603902630059872,0.23996449616079757,0.15782684806977676,0.28181524547803616,0.43285295242953703,0.36620822347324167,0.25172178365813425,0.26535107752053605,23,dp_accu,60218
"onehot_enc,most_freq_imp,no_sel,no_samp,no_scale",0.18327959311817904,0.1309663583847115,0.21192119294850495,0.15592272964589537,0.27958532695374805,0.4239255197041194,0.3597902345687761,0.24741987959316014,0.276117032074475,23,dp_accu,60218
"onehot_enc,median_imp,no_sel,no_samp,max_abs_scale",0.184555676991858,0.1603902630059872,0.23996449616079757,0.15782684806977676,0.28181524547803616,0.43285295242953703,0.36620822347324167,0.25172178365813425,0.26535107752053605,23,dp_accu,60218
"loo_enc,median_imp,max_abs_scale,no_sel,no_samp",0.1908743537337374,0.2119136067002627,0.2968788121486599,0.16206504714228676,0.28070475538829964,0.4637163627088382,0.38554833053262216,0.26504992892723467,0.21347349321896036,23,dp_accu,60218
"onehot_enc,most_freq_imp,min_max_scale,no_samp,no_sel",0.18460051293546587,0.16114078837374463,0.24047856280149135,0.15764257854488495,0.2814719173660426,0.4322152786634358,0.3656764265868776,0.25138272023786656,0.26557510007964197,24,dp_accu,60218
"onehot_enc,median_imp,max_abs_scale,no_sel,no_samp",0.184555676991858,0.1603902630059872,0.23996449616079757,0.15782684806977676,0.28181524547803616,0.43285295242953703,0.36620822347324167,0.25172178365813425,0.26535107752053605,24,dp_accu,60218
"onehot_enc,most_freq_imp,no_sel,no_samp,max_abs_scale",0.18450872771288668,0.16069047315309015,0.24009435017205843,0.15776542489481282,0.2817242492734905,0.43259788292309653,0.36601353758460986,0.2515942489049139,0.2656721138148309,24,dp_accu,60218
"onehot_enc,median_imp,no_sel,no_samp,max_abs_scale",0.184555676991858,0.1603902630059872,0.23996449616079757,0.15782684806977676,0.28181524547803616,0.43285295242953703,0.36620822347324167,0.25172178365813425,0.26535107752053605,24,dp_accu,60218
"onehot_enc,median_imp,min_max_scale,no_sel,no_samp",0.18464640554675543,0.16099068330019312,0.24046066291038298,0.1577347133073309,0.28174923350008063,0.43234281341665604,0.36586408320273545,0.2514869406889104,0.26552661977659714,24,dp_accu,60218
"onehot_enc,most_freq_imp,max_abs_scale,no_samp,no_sel",0.18450872771288668,0.16069047315309015,0.24009435017205843,0.15776542489481282,0.2817242492734905,0.43259788292309653,0.36601353758460986,0.2515942489049139,0.2656721138148309,24,dp_accu,60218
"loo_enc,median_imp,max_abs_scale,no_sel,no_samp",0.1908743537337374,0.2119136067002627,0.2968788121486599,0.16206504714228676,0.28070475538829964,0.4637163627088382,0.38554833053262216,0.26504992892723467,0.21347349321896036,24,dp_accu,60218
"onehot_enc,most_freq_imp,no_sel,no_samp,min_max_scale",0.18460051293546587,0.16114078837374463,0.24047856280149135,0.15764257854488495,0.2814719173660426,0.4322152786634358,0.3656764265868776,0.25138272023786656,0.26557510007964197,24,dp_accu,60218
"onehot_enc,most_freq_imp,no_sel,no_samp,no_scale",0.18327959311817904,0.1309663583847115,0.21192119294850495,0.15592272964589537,0.27958532695374805,0.4239255197041194,0.3597902345687761,0.24741987959316014,0.276117032074475,24,dp_accu,60218
"count_enc,median_imp,no_sel,no_samp,min_max_scale",0.18956866186118634,0.30808614376119264,0.39125979808003497,0.17462608642240718,0.2882688150913736,0.5380691238362454,0.43975251353441613,0.29870689201521006,0.1343878579305846,24,dp_accu,60218
"onehot_enc,median_imp,max_abs_scale,no_sel,no_samp",0.184555676991858,0.1603902630059872,0.23996449616079757,0.15782684806977676,0.28181524547803616,0.43285295242953703,0.36620822347324167,0.25172178365813425,0.26535107752053605,25,dp_accu,60218
"loo_enc,median_imp,max_abs_scale,no_sel,no_samp",0.1908743537337374,0.2119136067002627,0.2968788121486599,0.16206504714228676,0.28070475538829964,0.4637163627088382,0.38554833053262216,0.26504992892723467,0.21347349321896036,25,dp_accu,60218
"onehot_enc,most_freq_imp,no_sel,no_samp,no_scale",0.18327959311817904,0.1309663583847115,0.21192119294850495,0.15592272964589537,0.27958532695374805,0.4239255197041194,0.3597902345687761,0.24741987959316014,0.276117032074475,25,dp_accu,60218
"onehot_enc,most_freq_imp,min_max_scale,no_samp,no_sel",0.18460051293546587,0.16114078837374463,0.24047856280149135,0.15764257854488495,0.2814719173660426,0.4322152786634358,0.3656764265868776,0.25138272023786656,0.26557510007964197,25,dp_accu,60218
"onehot_enc,most_freq_imp,no_sel,no_samp,min_max_scale",0.18460051293546587,0.16114078837374463,0.24047856280149135,0.15764257854488495,0.2814719173660426,0.4322152786634358,0.3656764265868776,0.25138272023786656,0.26557510007964197,25,dp_accu,60218
"onehot_enc,median_imp,min_max_scale,no_sel,no_samp",0.18464640554675543,0.16099068330019312,0.24046066291038298,0.1577347133073309,0.28174923350008063,0.43234281341665604,0.36586408320273545,0.2514869406889104,0.26552661977659714,25,dp_accu,60218
"onehot_enc,median_imp,no_sel,no_samp,max_abs_scale",0.184555676991858,0.1603902630059872,0.23996449616079757,0.15782684806977676,0.28181524547803616,0.43285295242953703,0.36620822347324167,0.25172178365813425,0.26535107752053605,25,dp_accu,60218
"onehot_enc,most_freq_imp,no_sel,no_samp,max_abs_scale",0.18450872771288668,0.16069047315309015,0.24009435017205843,0.15776542489481282,0.2817242492734905,0.43259788292309653,0.36601353758460986,0.2515942489049139,0.2656721138148309,25,dp_accu,60218
"onehot_enc,most_freq_imp,max_abs_scale,no_samp,no_sel",0.18450872771288668,0.16069047315309015,0.24009435017205843,0.15776542489481282,0.2817242492734905,0.43259788292309653,0.36601353758460986,0.2515942489049139,0.2656721138148309,25,dp_accu,60218
"onehot_enc,median_imp,min_max_scale,no_sel,under_samp",0.3925579863054949,0.18751994080334608,0.42994520125253843,0.1907282234408877,0.20839345839345835,0.1604387195510777,0.18512100018567812,0.19072822344088758,0.38213944460482274,25,dp_accu,60218
"onehot_enc,most_freq_imp,no_sel,no_samp,max_abs_scale",0.18450872771288668,0.16069047315309015,0.24009435017205843,0.15776542489481282,0.2817242492734905,0.43259788292309653,0.36601353758460986,0.2515942489049139,0.2656721138148309,26,dp_accu,60218
"onehot_enc,most_freq_imp,max_abs_scale,no_samp,no_sel",0.18450872771288668,0.16069047315309015,0.24009435017205843,0.15776542489481282,0.2817242492734905,0.43259788292309653,0.36601353758460986,0.2515942489049139,0.2656721138148309,26,dp_accu,60218
"loo_enc,median_imp,max_abs_scale,no_samp,no_sel",0.1908743537337374,0.2119136067002627,0.2968788121486599,0.16206504714228676,0.28070475538829964,0.4637163627088382,0.38554833053262216,0.26504992892723467,0.21347349321896036,26,dp_accu,60218
"onehot_enc,most_freq_imp,max_abs_scale,no_sel,no_samp",0.18450872771288668,0.16069047315309015,0.24009435017205843,0.15776542489481282,0.2817242492734905,0.43259788292309653,0.36601353758460986,0.2515942489049139,0.2656721138148309,26,dp_accu,60218
"onehot_enc,most_freq_imp,no_sel,no_samp,no_scale",0.18327959311817904,0.1309663583847115,0.21192119294850495,0.15592272964589537,0.27958532695374805,0.4239255197041194,0.3597902345687761,0.24741987959316014,0.276117032074475,26,dp_accu,60218
"onehot_enc,median_imp,min_max_scale,no_sel,under_samp",0.4064222203927057,0.19461281930430183,0.45292726013749696,0.19257747736258135,0.2121103547115729,0.1586532330059941,0.18625878870112245,0.19257747736258135,0.3689774788089893,26,dp_accu,60218
"onehot_enc,most_freq_imp,min_max_scale,no_samp,no_sel",0.18460051293546587,0.16114078837374463,0.24047856280149135,0.15764257854488495,0.2814719173660426,0.4322152786634358,0.3656764265868776,0.25138272023786656,0.26557510007964197,26,dp_accu,60218
"onehot_enc,median_imp,min_max_scale,no_sel,no_samp",0.18464640554675543,0.16099068330019312,0.24046066291038298,0.1577347133073309,0.28174923350008063,0.43234281341665604,0.36586408320273545,0.2514869406889104,0.26552661977659714,26,dp_accu,60218
"onehot_enc,median_imp,no_sel,no_samp,max_abs_scale",0.184555676991858,0.1603902630059872,0.23996449616079757,0.15782684806977676,0.28181524547803616,0.43285295242953703,0.36620822347324167,0.25172178365813425,0.26535107752053605,26,dp_accu,60218
"loo_enc,median_imp,max_abs_scale,no_sel,no_samp",0.1908743537337374,0.2119136067002627,0.2968788121486599,0.16206504714228676,0.28070475538829964,0.4637163627088382,0.38554833053262216,0.26504992892723467,0.21347349321896036,26,dp_accu,60218
"onehot_enc,most_freq_imp,no_sel,no_samp,no_scale",0.18327959311817904,0.1309663583847115,0.21192119294850495,0.15592272964589537,0.27958532695374805,0.4239255197041194,0.3597902345687761,0.24741987959316014,0.276117032074475,27,dp_accu,60218
"onehot_enc,most_freq_imp,no_sel,no_samp,max_abs_scale",0.18450872771288668,0.16069047315309015,0.24009435017205843,0.15776542489481282,0.2817242492734905,0.43259788292309653,0.36601353758460986,0.2515942489049139,0.2656721138148309,27,dp_accu,60218
"onehot_enc,median_imp,max_abs_scale,no_sel,no_samp",0.184555676991858,0.1603902630059872,0.23996449616079757,0.15782684806977676,0.28181524547803616,0.43285295242953703,0.36620822347324167,0.25172178365813425,0.26535107752053605,27,dp_accu,60218
"loo_enc,median_imp,min_max_scale,no_sel,no_samp",0.19114865273379314,0.21211616579442755,0.2971474738340463,0.16185006602991303,0.2804440649017933,0.4626960846830761,0.384783878504673,0.26456001645157046,0.21353301679204062,27,dp_accu,60218
"onehot_enc,median_imp,min_max_scale,no_sel,no_samp",0.18464640554675543,0.16099068330019312,0.24046066291038298,0.1577347133073309,0.28174923350008063,0.43234281341665604,0.36586408320273545,0.2514869406889104,0.26552661977659714,27,dp_accu,60218
"onehot_enc,median_imp,no_sel,no_samp,max_abs_scale",0.184555676991858,0.1603902630059872,0.23996449616079757,0.15782684806977676,0.28181524547803616,0.43285295242953703,0.36620822347324167,0.25172178365813425,0.26535107752053605,27,dp_accu,60218
"onehot_enc,most_freq_imp,max_abs_scale,no_samp,no_sel",0.18450872771288668,0.16069047315309015,0.24009435017205843,0.15776542489481282,0.2817242492734905,0.43259788292309653,0.36601353758460986,0.2515942489049139,0.2656721138148309,27,dp_accu,60218
"onehot_enc,most_freq_imp,max_abs_scale,no_sel,no_samp",0.18450872771288668,0.16069047315309015,0.24009435017205843,0.15776542489481282,0.2817242492734905,0.43259788292309653,0.36601353758460986,0.2515942489049139,0.2656721138148309,27,dp_accu,60218
"loo_enc,median_imp,max_abs_scale,no_samp,no_sel",0.1908743537337374,0.2119136067002627,0.2968788121486599,0.16206504714228676,0.28070475538829964,0.4637163627088382,0.38554833053262216,0.26504992892723467,0.21347349321896036,27,dp_accu,60218
"onehot_enc,most_freq_imp,min_max_scale,no_samp,no_sel",0.18460051293546587,0.16114078837374463,0.24047856280149135,0.15764257854488495,0.2814719173660426,0.4322152786634358,0.3656764265868776,0.25138272023786656,0.26557510007964197,27,dp_accu,60218
"onehot_enc,most_freq_imp,no_sel,no_samp,max_abs_scale",0.18450872771288668,0.16069047315309015,0.24009435017205843,0.15776542489481282,0.2817242492734905,0.43259788292309653,0.36601353758460986,0.2515942489049139,0.2656721138148309,28,dp_accu,60218
"onehot_enc,most_freq_imp,no_sel,no_samp,no_scale",0.18327959311817904,0.1309663583847115,0.21192119294850495,0.15592272964589537,0.27958532695374805,0.4239255197041194,0.3597902345687761,0.24741987959316014,0.276117032074475,28,dp_accu,60218
"loo_enc,most_freq_imp,min_max_scale,no_sel,no_samp",0.18981142700030496,0.2061264768289457,0.2904306563651271,0.16151223856761154,0.27908966461327855,0.4626960846830761,0.3842893679210815,0.2643375245421853,0.21651998591842303,28,dp_accu,60218
"onehot_enc,median_imp,min_max_scale,no_samp,no_sel",0.18464640554675543,0.16099068330019312,0.24046066291038298,0.1577347133073309,0.28174923350008063,0.43234281341665604,0.36586408320273545,0.2514869406889104,0.26552661977659714,28,dp_accu,60218
"onehot_enc,most_freq_imp,max_abs_scale,no_sel,no_samp",0.18450872771288668,0.16069047315309015,0.24009435017205843,0.15776542489481282,0.2817242492734905,0.43259788292309653,0.36601353758460986,0.2515942489049139,0.2656721138148309,28,dp_accu,60218
"onehot_enc,most_freq_imp,min_max_scale,no_samp,no_sel",0.18460051293546587,0.16114078837374463,0.24047856280149135,0.15764257854488495,0.2814719173660426,0.4322152786634358,0.3656764265868776,0.25138272023786656,0.26557510007964197,28,dp_accu,60218
"onehot_enc,median_imp,min_max_scale,no_sel,no_samp",0.18464640554675543,0.16099068330019312,0.24046066291038298,0.1577347133073309,0.28174923350008063,0.43234281341665604,0.36586408320273545,0.2514869406889104,0.26552661977659714,28,dp_accu,60218
"onehot_enc,most_freq_imp,max_abs_scale,no_samp,no_sel",0.18450872771288668,0.16069047315309015,0.24009435017205843,0.15776542489481282,0.2817242492734905,0.43259788292309653,0.36601353758460986,0.2515942489049139,0.2656721138148309,28,dp_accu,60218
"onehot_enc,median_imp,max_abs_scale,no_sel,no_samp",0.184555676991858,0.1603902630059872,0.23996449616079757,0.15782684806977676,0.28181524547803616,0.43285295242953703,0.36620822347324167,0.25172178365813425,0.26535107752053605,28,dp_accu,60218
"loo_enc,median_imp,min_max_scale,no_sel,no_samp",0.19114865273379314,0.21211616579442755,0.2971474738340463,0.16185006602991303,0.2804440649017933,0.4626960846830761,0.384783878504673,0.26456001645157046,0.21353301679204062,28,dp_accu,60218
"onehot_enc,most_freq_imp,min_max_scale,no_sel,no_samp",0.18460051293546587,0.16114078837374463,0.24047856280149135,0.15764257854488495,0.2814719173660426,0.4322152786634358,0.3656764265868776,0.25138272023786656,0.26557510007964197,29,dp_accu,60218
"onehot_enc,median_imp,min_max_scale,no_samp,no_sel",0.18464640554675543,0.16099068330019312,0.24046066291038298,0.1577347133073309,0.28174923350008063,0.43234281341665604,0.36586408320273545,0.2514869406889104,0.26552661977659714,29,dp_accu,60218
"onehot_enc,most_freq_imp,min_max_scale,no_samp,no_sel",0.18460051293546587,0.16114078837374463,0.24047856280149135,0.15764257854488495,0.2814719173660426,0.4322152786634358,0.3656764265868776,0.25138272023786656,0.26557510007964197,29,dp_accu,60218
"onehot_enc,most_freq_imp,no_sel,no_samp,max_abs_scale",0.18450872771288668,0.16069047315309015,0.24009435017205843,0.15776542489481282,0.2817242492734905,0.43259788292309653,0.36601353758460986,0.2515942489049139,0.2656721138148309,29,dp_accu,60218
"onehot_enc,most_freq_imp,max_abs_scale,no_samp,no_sel",0.18450872771288668,0.16069047315309015,0.24009435017205843,0.15776542489481282,0.2817242492734905,0.43259788292309653,0.36601353758460986,0.2515942489049139,0.2656721138148309,29,dp_accu,60218
"onehot_enc,most_freq_imp,no_sel,no_samp,no_scale",0.18327959311817904,0.1309663583847115,0.21192119294850495,0.15592272964589537,0.27958532695374805,0.4239255197041194,0.3597902345687761,0.24741987959316014,0.276117032074475,29,dp_accu,60218
"onehot_enc,median_imp,min_max_scale,no_sel,no_samp",0.18464640554675543,0.16099068330019312,0.24046066291038298,0.1577347133073309,0.28174923350008063,0.43234281341665604,0.36586408320273545,0.2514869406889104,0.26552661977659714,29,dp_accu,60218
"loo_enc,most_freq_imp,min_max_scale,no_sel,no_samp",0.18981142700030496,0.2061264768289457,0.2904306563651271,0.16151223856761154,0.27908966461327855,0.4626960846830761,0.3842893679210815,0.2643375245421853,0.21651998591842303,29,dp_accu,60218
"loo_enc,median_imp,min_max_scale,no_sel,no_samp",0.19114865273379314,0.21211616579442755,0.2971474738340463,0.16185006602991303,0.2804440649017933,0.4626960846830761,0.384783878504673,0.26456001645157046,0.21353301679204062,29,dp_accu,60218
"onehot_enc,most_freq_imp,max_abs_scale,no_sel,no_samp",0.18450872771288668,0.16069047315309015,0.24009435017205843,0.15776542489481282,0.2817242492734905,0.43259788292309653,0.36601353758460986,0.2515942489049139,0.2656721138148309,29,dp_accu,60218
"onehot_enc,most_freq_imp,min_max_scale,no_samp,no_sel",0.18460051293546587,0.16114078837374463,0.24047856280149135,0.15764257854488495,0.2814719173660426,0.4322152786634358,0.3656764265868776,0.25138272023786656,0.26557510007964197,30,dp_accu,60218
"onehot_enc,median_imp,min_max_scale,no_sel,no_samp",0.18464640554675543,0.16099068330019312,0.24046066291038298,0.1577347133073309,0.28174923350008063,0.43234281341665604,0.36586408320273545,0.2514869406889104,0.26552661977659714,30,dp_accu,60218
"onehot_enc,most_freq_imp,min_max_scale,no_sel,no_samp",0.18460051293546587,0.16114078837374463,0.24047856280149135,0.15764257854488495,0.2814719173660426,0.4322152786634358,0.3656764265868776,0.25138272023786656,0.26557510007964197,30,dp_accu,60218
"onehot_enc,most_freq_imp,max_abs_scale,no_samp,no_sel",0.18450872771288668,0.16069047315309015,0.24009435017205843,0.15776542489481282,0.2817242492734905,0.43259788292309653,0.36601353758460986,0.2515942489049139,0.2656721138148309,30,dp_accu,60218
"onehot_enc,most_freq_imp,max_abs_scale,no_sel,no_samp",0.18450872771288668,0.16069047315309015,0.24009435017205843,0.15776542489481282,0.2817242492734905,0.43259788292309653,0.36601353758460986,0.2515942489049139,0.2656721138148309,30,dp_accu,60218
"onehot_enc,most_freq_imp,no_sel,no_samp,no_scale",0.18327959311817904,0.1309663583847115,0.21192119294850495,0.15592272964589537,0.27958532695374805,0.4239255197041194,0.3597902345687761,0.24741987959316014,0.276117032074475,30,dp_accu,60218
"loo_enc,most_freq_imp,min_max_scale,no_sel,no_samp",0.18981142700030496,0.2061264768289457,0.2904306563651271,0.16151223856761154,0.27908966461327855,0.4626960846830761,0.3842893679210815,0.2643375245421853,0.21651998591842303,30,dp_accu,60218
"onehot_enc,most_freq_imp,no_sel,no_samp,max_abs_scale",0.18450872771288668,0.16069047315309015,0.24009435017205843,0.15776542489481282,0.2817242492734905,0.43259788292309653,0.36601353758460986,0.2515942489049139,0.2656721138148309,30,dp_accu,60218
"onehot_enc,median_imp,min_max_scale,no_samp,no_sel",0.18464640554675543,0.16099068330019312,0.24046066291038298,0.1577347133073309,0.28174923350008063,0.43234281341665604,0.36586408320273545,0.2514869406889104,0.26552661977659714,30,dp_accu,60218
"onehot_enc,median_imp,no_sel,no_samp,max_abs_scale",0.184555676991858,0.1603902630059872,0.23996449616079757,0.15782684806977676,0.28181524547803616,0.43285295242953703,0.36620822347324167,0.25172178365813425,0.26535107752053605,30,dp_accu,60218
"onehot_enc,median_imp,min_max_scale,no_sel,no_samp",0.18464640554675543,0.16099068330019312,0.24046066291038298,0.1577347133073309,0.28174923350008063,0.43234281341665604,0.36586408320273545,0.2514869406889104,0.26552661977659714,31,dp_accu,60218
"onehot_enc,most_freq_imp,min_max_scale,no_sel,no_samp",0.18460051293546587,0.16114078837374463,0.24047856280149135,0.15764257854488495,0.2814719173660426,0.4322152786634358,0.3656764265868776,0.25138272023786656,0.26557510007964197,31,dp_accu,60218
"onehot_enc,most_freq_imp,no_sel,no_samp,min_max_scale",0.18460051293546587,0.16114078837374463,0.24047856280149135,0.15764257854488495,0.2814719173660426,0.4322152786634358,0.3656764265868776,0.25138272023786656,0.26557510007964197,31,dp_accu,60218
"onehot_enc,median_imp,max_abs_scale,no_samp,no_sel",0.184555676991858,0.1603902630059872,0.23996449616079757,0.15782684806977676,0.28181524547803616,0.43285295242953703,0.36620822347324167,0.25172178365813425,0.26535107752053605,31,dp_accu,60218
"onehot_enc,most_freq_imp,no_sel,no_samp,no_scale",0.18327959311817904,0.1309663583847115,0.21192119294850495,0.15592272964589537,0.27958532695374805,0.4239255197041194,0.3597902345687761,0.24741987959316014,0.276117032074475,31,dp_accu,60218
"onehot_enc,most_freq_imp,min_max_scale,no_samp,no_sel",0.18460051293546587,0.16114078837374463,0.24047856280149135,0.15764257854488495,0.2814719173660426,0.4322152786634358,0.3656764265868776,0.25138272023786656,0.26557510007964197,31,dp_accu,60218
"onehot_enc,median_imp,min_max_scale,no_samp,no_sel",0.18464640554675543,0.16099068330019312,0.24046066291038298,0.1577347133073309,0.28174923350008063,0.43234281341665604,0.36586408320273545,0.2514869406889104,0.26552661977659714,31,dp_accu,60218
"onehot_enc,most_freq_imp,no_sel,no_samp,max_abs_scale",0.18450872771288668,0.16069047315309015,0.24009435017205843,0.15776542489481282,0.2817242492734905,0.43259788292309653,0.36601353758460986,0.2515942489049139,0.2656721138148309,31,dp_accu,60218
"onehot_enc,most_freq_imp,max_abs_scale,no_samp,no_sel",0.18450872771288668,0.16069047315309015,0.24009435017205843,0.15776542489481282,0.2817242492734905,0.43259788292309653,0.36601353758460986,0.2515942489049139,0.2656721138148309,31,dp_accu,60218
"onehot_enc,most_freq_imp,max_abs_scale,no_sel,no_samp",0.18450872771288668,0.16069047315309015,0.24009435017205843,0.15776542489481282,0.2817242492734905,0.43259788292309653,0.36601353758460986,0.2515942489049139,0.2656721138148309,31,dp_accu,60218
"onehot_enc,most_freq_imp,no_sel,no_samp,min_max_scale",0.18460051293546587,0.16114078837374463,0.24047856280149135,0.15764257854488495,0.2814719173660426,0.4322152786634358,0.3656764265868776,0.25138272023786656,0.26557510007964197,32,dp_accu,60218
"onehot_enc,most_freq_imp,no_sel,no_samp,no_scale",0.18327959311817904,0.1309663583847115,0.21192119294850495,0.15592272964589537,0.27958532695374805,0.4239255197041194,0.3597902345687761,0.24741987959316014,0.276117032074475,32,dp_accu,60218
"onehot_enc,most_freq_imp,no_sel,no_samp,max_abs_scale",0.18450872771288668,0.16069047315309015,0.24009435017205843,0.15776542489481282,0.2817242492734905,0.43259788292309653,0.36601353758460986,0.2515942489049139,0.2656721138148309,32,dp_accu,60218
"onehot_enc,most_freq_imp,min_max_scale,no_samp,no_sel",0.18460051293546587,0.16114078837374463,0.24047856280149135,0.15764257854488495,0.2814719173660426,0.4322152786634358,0.3656764265868776,0.25138272023786656,0.26557510007964197,32,dp_accu,60218
"onehot_enc,most_freq_imp,min_max_scale,no_sel,no_samp",0.18460051293546587,0.16114078837374463,0.24047856280149135,0.15764257854488495,0.2814719173660426,0.4322152786634358,0.3656764265868776,0.25138272023786656,0.26557510007964197,32,dp_accu,60218
"onehot_enc,median_imp,min_max_scale,no_sel,no_samp",0.18464640554675543,0.16099068330019312,0.24046066291038298,0.1577347133073309,0.28174923350008063,0.43234281341665604,0.36586408320273545,0.2514869406889104,0.26552661977659714,32,dp_accu,60218
"onehot_enc,median_imp,min_max_scale,no_samp,no_sel",0.18464640554675543,0.16099068330019312,0.24046066291038298,0.1577347133073309,0.28174923350008063,0.43234281341665604,0.36586408320273545,0.2514869406889104,0.26552661977659714,32,dp_accu,60218
"onehot_enc,most_freq_imp,max_abs_scale,no_sel,no_samp",0.18450872771288668,0.16069047315309015,0.24009435017205843,0.15776542489481282,0.2817242492734905,0.43259788292309653,0.36601353758460986,0.2515942489049139,0.2656721138148309,32,dp_accu,60218
"onehot_enc,most_freq_imp,max_abs_scale,no_samp,no_sel",0.18450872771288668,0.16069047315309015,0.24009435017205843,0.15776542489481282,0.2817242492734905,0.43259788292309653,0.36601353758460986,0.2515942489049139,0.2656721138148309,32,dp_accu,60218
"onehot_enc,median_imp,min_max_scale,under_samp,no_sel",0.38342023418763166,0.1783925592698604,0.41741736311488553,0.19174850146664968,0.21123058542413387,0.15801555923989286,0.18549133304546295,0.19174850146664968,0.3961222863654206,32,dp_accu,60218
"onehot_enc,most_freq_imp,no_sel,no_samp,no_scale",0.18327959311817904,0.1309663583847115,0.21192119294850495,0.15592272964589537,0.27958532695374805,0.4239255197041194,0.3597902345687761,0.24741987959316014,0.276117032074475,33,dp_accu,60218
"onehot_enc,median_imp,min_max_scale,no_samp,no_sel",0.18464640554675543,0.16099068330019312,0.24046066291038298,0.1577347133073309,0.28174923350008063,0.43234281341665604,0.36586408320273545,0.2514869406889104,0.26552661977659714,33,dp_accu,60218
"onehot_enc,most_freq_imp,min_max_scale,no_sel,no_samp",0.18460051293546587,0.16114078837374463,0.24047856280149135,0.15764257854488495,0.2814719173660426,0.4322152786634358,0.3656764265868776,0.25138272023786656,0.26557510007964197,33,dp_accu,60218
"onehot_enc,median_imp,min_max_scale,no_sel,no_samp",0.18464640554675543,0.16099068330019312,0.24046066291038298,0.1577347133073309,0.28174923350008063,0.43234281341665604,0.36586408320273545,0.2514869406889104,0.26552661977659714,33,dp_accu,60218
"onehot_enc,most_freq_imp,max_abs_scale,no_samp,no_sel",0.18450872771288668,0.16069047315309015,0.24009435017205843,0.15776542489481282,0.2817242492734905,0.43259788292309653,0.36601353758460986,0.2515942489049139,0.2656721138148309,33,dp_accu,60218
"onehot_enc,median_imp,min_max_scale,under_samp,no_sel",0.39089674753136244,0.18572593690901698,0.4320762035238338,0.19200357097309018,0.2108477011494253,0.1594184415253157,0.18594454393873894,0.19200357097309018,0.3854595719884635,33,dp_accu,60218
"onehot_enc,most_freq_imp,no_sel,no_samp,min_max_scale",0.18460051293546587,0.16114078837374463,0.24047856280149135,0.15764257854488495,0.2814719173660426,0.4322152786634358,0.3656764265868776,0.25138272023786656,0.26557510007964197,33,dp_accu,60218
"onehot_enc,most_freq_imp,min_max_scale,no_samp,no_sel",0.18460051293546587,0.16114078837374463,0.24047856280149135,0.15764257854488495,0.2814719173660426,0.4322152786634358,0.3656764265868776,0.25138272023786656,0.26557510007964197,33,dp_accu,60218
"onehot_enc,most_freq_imp,no_sel,no_samp,max_abs_scale",0.18450872771288668,0.16069047315309015,0.24009435017205843,0.15776542489481282,0.2817242492734905,0.43259788292309653,0.36601353758460986,0.2515942489049139,0.2656721138148309,33,dp_accu,60218
"woe_enc,median_imp,min_max_scale,under_samp,no_sel",0.43469102410831784,0.23814660083941708,0.5175010536661215,0.194426731284275,0.2164497041420118,0.15559239892870802,0.18715855380271307,0.1944267312842749,0.3393741084879863,33,dp_accu,60218
"onehot_enc,most_freq_imp,min_max_scale,no_samp,no_sel",0.18460051293546587,0.16114078837374463,0.24047856280149135,0.15764257854488495,0.2814719173660426,0.4322152786634358,0.3656764265868776,0.25138272023786656,0.26557510007964197,34,dp_accu,60218
"onehot_enc,most_freq_imp,max_abs_scale,no_samp,no_sel",0.18450872771288668,0.16069047315309015,0.24009435017205843,0.15776542489481282,0.2817242492734905,0.43259788292309653,0.36601353758460986,0.2515942489049139,0.2656721138148309,34,dp_accu,60218
"onehot_enc,most_freq_imp,min_max_scale,no_sel,no_samp",0.18460051293546587,0.16114078837374463,0.24047856280149135,0.15764257854488495,0.2814719173660426,0.4322152786634358,0.3656764265868776,0.25138272023786656,0.26557510007964197,34,dp_accu,60218
"onehot_enc,median_imp,min_max_scale,no_samp,no_sel",0.18464640554675543,0.16099068330019312,0.24046066291038298,0.1577347133073309,0.28174923350008063,0.43234281341665604,0.36586408320273545,0.2514869406889104,0.26552661977659714,34,dp_accu,60218
"onehot_enc,most_freq_imp,no_sel,no_samp,no_scale",0.18327959311817904,0.1309663583847115,0.21192119294850495,0.15592272964589537,0.27958532695374805,0.4239255197041194,0.3597902345687761,0.24741987959316014,0.276117032074475,34,dp_accu,60218
"onehot_enc,most_freq_imp,no_sel,no_samp,min_max_scale",0.18460051293546587,0.16114078837374463,0.24047856280149135,0.15764257854488495,0.2814719173660426,0.4322152786634358,0.3656764265868776,0.25138272023786656,0.26557510007964197,34,dp_accu,60218
"onehot_enc,most_freq_imp,no_sel,no_samp,max_abs_scale",0.18450872771288668,0.16069047315309015,0.24009435017205843,0.15776542489481282,0.2817242492734905,0.43259788292309653,0.36601353758460986,0.2515942489049139,0.2656721138148309,34,dp_accu,60218
"onehot_enc,median_imp,min_max_scale,no_sel,no_samp",0.18464640554675543,0.16099068330019312,0.24046066291038298,0.1577347133073309,0.28174923350008063,0.43234281341665604,0.36586408320273545,0.2514869406889104,0.26552661977659714,34,dp_accu,60218
"onehot_enc,median_imp,no_sel,no_samp,no_scale",0.18081769802474296,0.11999251893628332,0.1992894961017248,0.15564632535855782,0.2799555626091097,0.4213748246397143,0.35836515344364295,0.2463670239703427,0.2862286884131976,34,dp_accu,60218
"onehot_enc,median_imp,min_max_scale,under_samp,no_sel",0.3896444530533433,0.17982664200818435,0.41954090332472765,0.1906644560642775,0.20702983452107737,0.16273434510904217,0.18548387096774188,0.1906644560642775,0.38416409508456295,34,dp_accu,60218
"onehot_enc,most_freq_imp,no_sel,no_samp,min_max_scale",0.18460051293546587,0.16114078837374463,0.24047856280149135,0.15764257854488495,0.2814719173660426,0.4322152786634358,0.3656764265868776,0.25138272023786656,0.26557510007964197,35,dp_accu,60218
"onehot_enc,median_imp,no_sel,no_samp,no_scale",0.18081769802474296,0.11999251893628332,0.1992894961017248,0.15564632535855782,0.2799555626091097,0.4213748246397143,0.35836515344364295,0.2463670239703427,0.2862286884131976,35,dp_accu,60218
"onehot_enc,most_freq_imp,min_max_scale,no_samp,no_sel",0.18460051293546587,0.16114078837374463,0.24047856280149135,0.15764257854488495,0.2814719173660426,0.4322152786634358,0.3656764265868776,0.25138272023786656,0.26557510007964197,35,dp_accu,60218
"onehot_enc,median_imp,min_max_scale,no_sel,no_samp",0.18464640554675543,0.16099068330019312,0.24046066291038298,0.1577347133073309,0.28174923350008063,0.43234281341665604,0.36586408320273545,0.2514869406889104,0.26552661977659714,35,dp_accu,60218
"onehot_enc,median_imp,min_max_scale,under_samp,no_sel",0.39676934219298476,0.1771320076725464,0.42787771822539605,0.19232240785614085,0.20965218437838484,0.16247927560260167,0.18674922600619193,0.19232240785614074,0.37766478108802154,35,dp_accu,60218
"onehot_enc,median_imp,min_max_scale,no_samp,no_sel",0.18464640554675543,0.16099068330019312,0.24046066291038298,0.1577347133073309,0.28174923350008063,0.43234281341665604,0.36586408320273545,0.2514869406889104,0.26552661977659714,35,dp_accu,60218
"onehot_enc,most_freq_imp,min_max_scale,no_sel,no_samp",0.18460051293546587,0.16114078837374463,0.24047856280149135,0.15764257854488495,0.2814719173660426,0.4322152786634358,0.3656764265868776,0.25138272023786656,0.26557510007964197,35,dp_accu,60218
"onehot_enc,most_freq_imp,no_sel,no_samp,no_scale",0.18327959311817904,0.1309663583847115,0.21192119294850495,0.15592272964589537,0.27958532695374805,0.4239255197041194,0.3597902345687761,0.24741987959316014,0.276117032074475,35,dp_accu,60218
"onehot_enc,most_freq_imp,max_abs_scale,no_samp,no_sel",0.18450872771288668,0.16069047315309015,0.24009435017205843,0.15776542489481282,0.2817242492734905,0.43259788292309653,0.36601353758460986,0.2515942489049139,0.2656721138148309,35,dp_accu,60218
"ordinal_enc,most_freq_imp,min_max_scale,no_samp,no_sel",0.1624061200828683,0.27839207547064115,0.34780619149981934,0.1848837566413808,0.29064152678776733,0.606555286315521,0.4938474159146842,0.3288439861998317,0.1328523997535652,35,dp_accu,60218
"onehot_enc,most_freq_imp,min_max_scale,no_sel,no_samp",0.18460051293546587,0.16114078837374463,0.24047856280149135,0.15764257854488495,0.2814719173660426,0.4322152786634358,0.3656764265868776,0.25138272023786656,0.26557510007964197,36,dp_accu,60218
"ordinal_enc,most_freq_imp,min_max_scale,no_samp,no_sel",0.1624061200828683,0.27839207547064115,0.34780619149981934,0.1848837566413808,0.29064152678776733,0.606555286315521,0.4938474159146842,0.3288439861998317,0.1328523997535652,36,dp_accu,60218
"onehot_enc,most_freq_imp,no_sel,no_samp,min_max_scale",0.18460051293546587,0.16114078837374463,0.24047856280149135,0.15764257854488495,0.2814719173660426,0.4322152786634358,0.3656764265868776,0.25138272023786656,0.26557510007964197,36,dp_accu,60218
"onehot_enc,most_freq_imp,no_scale,no_sel,no_samp",0.18327959311817904,0.1309663583847115,0.21192119294850495,0.15592272964589537,0.27958532695374805,0.4239255197041194,0.3597902345687761,0.24741987959316014,0.276117032074475,36,dp_accu,60218
"onehot_enc,median_imp,no_sel,no_samp,min_max_scale",0.18464640554675543,0.16099068330019312,0.24046066291038298,0.1577347133073309,0.28174923350008063,0.43234281341665604,0.36586408320273545,0.2514869406889104,0.26552661977659714,36,dp_accu,60218
"onehot_enc,most_freq_imp,no_sel,no_samp,no_scale",0.18327959311817904,0.1309663583847115,0.21192119294850495,0.15592272964589537,0.27958532695374805,0.4239255197041194,0.3597902345687761,0.24741987959316014,0.276117032074475,36,dp_accu,60218
"onehot_enc,median_imp,min_max_scale,no_sel,no_samp",0.18464640554675543,0.16099068330019312,0.24046066291038298,0.1577347133073309,0.28174923350008063,0.43234281341665604,0.36586408320273545,0.2514869406889104,0.26552661977659714,36,dp_accu,60218
"onehot_enc,most_freq_imp,min_max_scale,no_samp,no_sel",0.18460051293546587,0.16114078837374463,0.24047856280149135,0.15764257854488495,0.2814719173660426,0.4322152786634358,0.3656764265868776,0.25138272023786656,0.26557510007964197,36,dp_accu,60218
"onehot_enc,median_imp,no_sel,no_samp,no_scale",0.18081769802474296,0.11999251893628332,0.1992894961017248,0.15564632535855782,0.2799555626091097,0.4213748246397143,0.35836515344364295,0.2463670239703427,0.2862286884131976,36,dp_accu,60218
"onehot_enc,median_imp,min_max_scale,no_samp,no_sel",0.18464640554675543,0.16099068330019312,0.24046066291038298,0.1577347133073309,0.28174923350008063,0.43234281341665604,0.36586408320273545,0.2514869406889104,0.26552661977659714,36,dp_accu,60218
"onehot_enc,median_imp,no_sel,no_samp,min_max_scale",0.18464640554675543,0.16099068330019312,0.24046066291038298,0.1577347133073309,0.28174923350008063,0.43234281341665604,0.36586408320273545,0.2514869406889104,0.26552661977659714,37,dp_accu,60218
"onehot_enc,most_freq_imp,no_scale,no_sel,no_samp",0.18327959311817904,0.1309663583847115,0.21192119294850495,0.15592272964589537,0.27958532695374805,0.4239255197041194,0.3597902345687761,0.24741987959316014,0.276117032074475,37,dp_accu,60218
"onehot_enc,most_freq_imp,no_sel,no_samp,min_max_scale",0.18460051293546587,0.16114078837374463,0.24047856280149135,0.15764257854488495,0.2814719173660426,0.4322152786634358,0.3656764265868776,0.25138272023786656,0.26557510007964197,37,dp_accu,60218
"onehot_enc,most_freq_imp,min_max_scale,no_sel,no_samp",0.18460051293546587,0.16114078837374463,0.24047856280149135,0.15764257854488495,0.2814719173660426,0.4322152786634358,0.3656764265868776,0.25138272023786656,0.26557510007964197,37,dp_accu,60218
"onehot_enc,most_freq_imp,no_sel,no_samp,no_scale",0.18327959311817904,0.1309663583847115,0.21192119294850495,0.15592272964589537,0.27958532695374805,0.4239255197041194,0.3597902345687761,0.24741987959316014,0.276117032074475,37,dp_accu,60218
"onehot_enc,median_imp,min_max_scale,no_sel,no_samp",0.18464640554675543,0.16099068330019312,0.24046066291038298,0.1577347133073309,0.28174923350008063,0.43234281341665604,0.36586408320273545,0.2514869406889104,0.26552661977659714,37,dp_accu,60218
"onehot_enc,median_imp,no_sel,no_samp,no_scale",0.18081769802474296,0.11999251893628332,0.1992894961017248,0.15564632535855782,0.2799555626091097,0.4213748246397143,0.35836515344364295,0.2463670239703427,0.2862286884131976,37,dp_accu,60218
"onehot_enc,most_freq_imp,min_max_scale,no_samp,no_sel",0.18460051293546587,0.16114078837374463,0.24047856280149135,0.15764257854488495,0.2814719173660426,0.4322152786634358,0.3656764265868776,0.25138272023786656,0.26557510007964197,37,dp_accu,60218
"target_enc,most_freq_imp,no_sel,no_samp,no_scale",0.17860246240212352,0.16040083019946028,0.23844036958293202,0.15976167808114006,0.2710393892070102,0.4642265017217192,0.38238753307850626,0.26370710199354574,0.24343941373595043,37,dp_accu,60218
"onehot_enc,median_imp,min_max_scale,no_samp,no_sel",0.18464640554675543,0.16099068330019312,0.24046066291038298,0.1577347133073309,0.28174923350008063,0.43234281341665604,0.36586408320273545,0.2514869406889104,0.26552661977659714,37,dp_accu,60218
"onehot_enc,most_freq_imp,no_scale,no_sel,no_samp",0.18327959311817904,0.1309663583847115,0.21192119294850495,0.15592272964589537,0.27958532695374805,0.4239255197041194,0.3597902345687761,0.24741987959316014,0.276117032074475,38,dp_accu,60218
"onehot_enc,median_imp,no_sel,no_samp,min_max_scale",0.18464640554675543,0.16099068330019312,0.24046066291038298,0.1577347133073309,0.28174923350008063,0.43234281341665604,0.36586408320273545,0.2514869406889104,0.26552661977659714,38,dp_accu,60218
"onehot_enc,most_freq_imp,no_sel,no_samp,no_scale",0.18327959311817904,0.1309663583847115,0.21192119294850495,0.15592272964589537,0.27958532695374805,0.4239255197041194,0.3597902345687761,0.24741987959316014,0.276117032074475,38,dp_accu,60218
"onehot_enc,most_freq_imp,min_max_scale,no_sel,no_samp",0.18460051293546587,0.16114078837374463,0.24047856280149135,0.15764257854488495,0.2814719173660426,0.4322152786634358,0.3656764265868776,0.25138272023786656,0.26557510007964197,38,dp_accu,60218
"onehot_enc,most_freq_imp,no_sel,no_samp,min_max_scale",0.18460051293546587,0.16114078837374463,0.24047856280149135,0.15764257854488495,0.2814719173660426,0.4322152786634358,0.3656764265868776,0.25138272023786656,0.26557510007964197,38,dp_accu,60218
"onehot_enc,median_imp,no_sel,no_samp,no_scale",0.18081769802474296,0.11999251893628332,0.1992894961017248,0.15564632535855782,0.2799555626091097,0.4213748246397143,0.35836515344364295,0.2463670239703427,0.2862286884131976,38,dp_accu,60218
"onehot_enc,most_freq_imp,min_max_scale,no_samp,no_sel",0.18460051293546587,0.16114078837374463,0.24047856280149135,0.15764257854488495,0.2814719173660426,0.4322152786634358,0.3656764265868776,0.25138272023786656,0.26557510007964197,38,dp_accu,60218
"onehot_enc,mean_imp,no_sel,no_samp,no_scale",0.18263392655707972,0.1332179344879838,0.21233964881981948,0.15484782408402686,0.2766161213088587,0.42201249840581556,0.3574365518219197,0.24605883819967156,0.2776196660593997,38,dp_accu,60218
"onehot_enc,median_imp,min_max_scale,no_samp,no_sel",0.18464640554675543,0.16099068330019312,0.24046066291038298,0.1577347133073309,0.28174923350008063,0.43234281341665604,0.36586408320273545,0.2514869406889104,0.26552661977659714,38,dp_accu,60218
"onehot_enc,median_imp,min_max_scale,no_sel,no_samp",0.18464640554675543,0.16099068330019312,0.24046066291038298,0.1577347133073309,0.28174923350008063,0.43234281341665604,0.36586408320273545,0.2514869406889104,0.26552661977659714,38,dp_accu,60218
"onehot_enc,median_imp,no_sel,no_samp,min_max_scale",0.18464640554675543,0.16099068330019312,0.24046066291038298,0.1577347133073309,0.28174923350008063,0.43234281341665604,0.36586408320273545,0.2514869406889104,0.26552661977659714,39,dp_accu,60218
"onehot_enc,median_imp,no_sel,no_samp,no_scale",0.18081769802474296,0.11999251893628332,0.1992894961017248,0.15564632535855782,0.2799555626091097,0.4213748246397143,0.35836515344364295,0.2463670239703427,0.2862286884131976,39,dp_accu,60218
"onehot_enc,most_freq_imp,no_scale,no_sel,no_samp",0.18327959311817904,0.1309663583847115,0.21192119294850495,0.15592272964589537,0.27958532695374805,0.4239255197041194,0.3597902345687761,0.24741987959316014,0.276117032074475,39,dp_accu,60218
"onehot_enc,median_imp,min_max_scale,no_sel,no_samp",0.18464640554675543,0.16099068330019312,0.24046066291038298,0.1577347133073309,0.28174923350008063,0.43234281341665604,0.36586408320273545,0.2514869406889104,0.26552661977659714,39,dp_accu,60218
"onehot_enc,most_freq_imp,no_sel,no_samp,min_max_scale",0.18460051293546587,0.16114078837374463,0.24047856280149135,0.15764257854488495,0.2814719173660426,0.4322152786634358,0.3656764265868776,0.25138272023786656,0.26557510007964197,39,dp_accu,60218
"onehot_enc,most_freq_imp,min_max_scale,no_samp,no_sel",0.18460051293546587,0.16114078837374463,0.24047856280149135,0.15764257854488495,0.2814719173660426,0.4322152786634358,0.3656764265868776,0.25138272023786656,0.26557510007964197,39,dp_accu,60218
"onehot_enc,most_freq_imp,no_sel,no_samp,no_scale",0.18327959311817904,0.1309663583847115,0.21192119294850495,0.15592272964589537,0.27958532695374805,0.4239255197041194,0.3597902345687761,0.24741987959316014,0.276117032074475,39,dp_accu,60218
"onehot_enc,most_freq_imp,min_max_scale,no_sel,no_samp",0.18460051293546587,0.16114078837374463,0.24047856280149135,0.15764257854488495,0.2814719173660426,0.4322152786634358,0.3656764265868776,0.25138272023786656,0.26557510007964197,39,dp_accu,60218
"onehot_enc,mean_imp,no_sel,no_samp,no_scale",0.18263392655707972,0.1332179344879838,0.21233964881981948,0.15484782408402686,0.2766161213088587,0.42201249840581556,0.3574365518219197,0.24605883819967156,0.2776196660593997,39,dp_accu,60218
"onehot_enc,median_imp,min_max_scale,no_samp,no_sel",0.18464640554675543,0.16099068330019312,0.24046066291038298,0.1577347133073309,0.28174923350008063,0.43234281341665604,0.36586408320273545,0.2514869406889104,0.26552661977659714,39,dp_accu,60218
"onehot_enc,median_imp,no_sel,no_samp,no_scale",0.18081769802474296,0.11999251893628332,0.1992894961017248,0.15564632535855782,0.2799555626091097,0.4213748246397143,0.35836515344364295,0.2463670239703427,0.2862286884131976,40,dp_accu,60218
"onehot_enc,most_freq_imp,min_max_scale,no_sel,no_samp",0.18460051293546587,0.16114078837374463,0.24047856280149135,0.15764257854488495,0.2814719173660426,0.4322152786634358,0.3656764265868776,0.25138272023786656,0.26557510007964197,40,dp_accu,60218
"onehot_enc,most_freq_imp,no_scale,no_sel,no_samp",0.18327959311817904,0.1309663583847115,0.21192119294850495,0.15592272964589537,0.27958532695374805,0.4239255197041194,0.3597902345687761,0.24741987959316014,0.276117032074475,40,dp_accu,60218
"onehot_enc,most_freq_imp,no_sel,no_samp,min_max_scale",0.18460051293546587,0.16114078837374463,0.24047856280149135,0.15764257854488495,0.2814719173660426,0.4322152786634358,0.3656764265868776,0.25138272023786656,0.26557510007964197,40,dp_accu,60218
"onehot_enc,median_imp,min_max_scale,no_samp,no_sel",0.18464640554675543,0.16099068330019312,0.24046066291038298,0.1577347133073309,0.28174923350008063,0.43234281341665604,0.36586408320273545,0.2514869406889104,0.26552661977659714,40,dp_accu,60218
"onehot_enc,mean_imp,no_sel,no_samp,no_scale",0.18263392655707972,0.1332179344879838,0.21233964881981948,0.15484782408402686,0.2766161213088587,0.42201249840581556,0.3574365518219197,0.24605883819967156,0.2776196660593997,40,dp_accu,60218
"onehot_enc,median_imp,min_max_scale,no_sel,no_samp",0.18464640554675543,0.16099068330019312,0.24046066291038298,0.1577347133073309,0.28174923350008063,0.43234281341665604,0.36586408320273545,0.2514869406889104,0.26552661977659714,40,dp_accu,60218
"onehot_enc,most_freq_imp,no_sel,no_samp,no_scale",0.18327959311817904,0.1309663583847115,0.21192119294850495,0.15592272964589537,0.27958532695374805,0.4239255197041194,0.3597902345687761,0.24741987959316014,0.276117032074475,40,dp_accu,60218
"onehot_enc,most_freq_imp,min_max_scale,no_samp,no_sel",0.18460051293546587,0.16114078837374463,0.24047856280149135,0.15764257854488495,0.2814719173660426,0.4322152786634358,0.3656764265868776,0.25138272023786656,0.26557510007964197,40,dp_accu,60218
"onehot_enc,median_imp,no_sel,no_samp,min_max_scale",0.18464640554675543,0.16099068330019312,0.24046066291038298,0.1577347133073309,0.28174923350008063,0.43234281341665604,0.36586408320273545,0.2514869406889104,0.26552661977659714,40,dp_accu,60218
