pipe,dp,eo,eqOdds,accu,precision,recall,f1,roc_auc,dpr,gen,dp_acc_ratio,seed
"loo_enc,median_imp,min_max_scale,no_samp,k_best_sel",0.903983927408405,0.8495097846202307,1.6655116839554633,0.19753086419753085,0.24382716049382713,0.283625730994152,0.2642642642642641,0.21376186367558248,0.04748002279785514,0,"(0, 10)",89594
"onehot_enc,median_imp,k_best_sel,over_samp,quant_scale",0.8232484076433121,0.6375,1.5242521367521367,0.21493624772313302,0.23063683304647165,0.18579234972677594,0.20884955752212397,0.2149362477231329,0.1767515923566879,0,"(0, 10)",89594
"target_enc,most_freq_imp,under_samp,no_sel,min_max_scale",0.8387096774193549,0.5963302752293578,1.5249017038007864,0.19590643274853803,0.19942196531791911,0.1900584795321637,0.19476744186046513,0.19590643274853792,0.16129032258064516,0,"(0, 10)",89594
"ordinal_enc,median_imp,no_sel,min_max_scale,no_samp",0.8782247292717659,0.8415167145725873,1.6140713204605266,0.20314253647586977,0.24764890282131657,0.29824561403508776,0.27382753403933435,0.2210718051960502,0.052362319617407255,0,"(0, 10)",89594
"loo_enc,mean_imp,no_sel,over_samp,quant_scale",0.8480948862107833,0.6863905325443787,1.5740923369128497,0.21493624772313302,0.21699819168173595,0.21129326047358832,0.21415607985480933,0.21493624772313302,0.14820971123492133,0,"(0, 10)",89594
"woe_enc,median_imp,no_sel,max_abs_scale,no_samp",0.8631897912550089,0.7761152892073867,1.4831428295682603,0.17732884399551063,0.2142857142857143,0.26023391812865493,0.23795180722891562,0.1929584891189723,0.0621398115776028,0,"(0, 10)",89594
"woe_enc,mean_imp,no_sel,under_samp,norm_scale",0.2964824120603015,0.4954128440366973,0.7134059236214724,0.33040935672514615,0.3079470198675497,0.38888888888888884,0.3509316770186335,0.33040935672514615,-1.0,0,"(0, 10)",89594
"woe_enc,most_freq_imp,max_abs_scale,k_best_sel,no_samp",0.8953184161432404,0.7895814466275545,1.5975111712239456,0.18518518518518523,0.23100303951367784,0.26023391812865493,0.24590163934426224,0.19933371680567524,0.05661079641282728,0,"(0, 10)",89594
"ordinal_enc,most_freq_imp,under_samp,no_sel,norm_scale",0.30904522613065327,0.45871559633027525,0.680168883527507,0.33040935672514615,0.2972027972027972,0.4122807017543859,0.3598726114649681,0.33040935672514615,-1.0,0,"(0, 10)",89594
"loo_enc,median_imp,k_best_sel,no_scale,over_samp",0.7791565500496633,0.5504214062592091,1.3593007984719345,0.20765027322404372,0.21693121693121697,0.1912568306010929,0.20430107526881724,0.20765027322404372,0.20648111723052717,0,"(0, 10)",89594
"loo_enc,most_freq_imp,under_samp,no_sel,min_max_scale",0.8365550188532624,0.6287356774422176,1.5296710515918774,0.20467836257309946,0.20467836257309946,0.20467836257309946,0.20467836257309946,0.20467836257309946,0.15744817097574643,1,"(0, 10)",89594
"target_enc,median_imp,min_max_scale,no_samp,k_best_sel",0.9007992140326089,0.8495097846202307,1.6531660049431176,0.19640852974186307,0.24148606811145512,0.283625730994152,0.26315789473684204,0.21285111686319613,0.047639888194480916,1,"(0, 10)",89594
"loo_enc,median_imp,k_best_sel,no_scale,over_samp",0.8301733762730039,0.6144505546902317,1.4575179810909913,0.1912568306010929,0.1934900542495479,0.1876138433515483,0.19056261343012704,0.191256830601093,0.15351317310154394,1,"(0, 10)",89594
"onehot_enc,median_imp,k_best_sel,over_samp,quant_scale",0.7878315132605305,0.5780346820809249,1.4434192974655402,0.2222222222222222,0.24283305227655982,0.18214936247723135,0.21366024518388782,0.22222222222222232,0.2121684867394696,1,"(0, 10)",89594
"woe_enc,most_freq_imp,under_samp,no_sel,norm_scale",0.3032581453634085,0.48623853211009177,0.7103764631445746,0.3172514619883041,0.29508196721311475,0.3713450292397661,0.33539412673879443,0.317251461988304,-1.0,1,"(0, 10)",89594
"ordinal_enc,most_freq_imp,max_abs_scale,k_best_sel,no_samp",0.9071686407842012,0.8452179391266685,1.6859111964865925,0.2008978675645342,0.24923076923076926,0.2865497076023392,0.26836581709145435,0.21704534560444833,0.04732122673498606,1,"(0, 10)",89594
"woe_enc,most_freq_imp,max_abs_scale,k_best_sel,no_samp",0.8953184161432404,0.7895814466275545,1.5975111712239456,0.18518518518518523,0.23100303951367784,0.26023391812865493,0.24590163934426224,0.19933371680567524,0.05661079641282728,1,"(0, 10)",89594
"target_enc,most_freq_imp,under_samp,no_sel,min_max_scale",0.8068440130245131,0.601803362601882,1.4409237329722524,0.21198830409356728,0.21613832853025938,0.20467836257309946,0.2104499274310596,0.21198830409356728,0.17298488664987408,1,"(0, 10)",89594
"woe_enc,median_imp,no_sel,max_abs_scale,no_samp",0.8631897912550089,0.7761152892073867,1.4831428295682603,0.17732884399551063,0.2142857142857143,0.26023391812865493,0.23795180722891562,0.1929584891189723,0.0621398115776028,1,"(0, 10)",89594
"loo_enc,median_imp,min_max_scale,no_samp,k_best_sel",0.903983927408405,0.8495097846202307,1.6655116839554633,0.19753086419753085,0.24382716049382713,0.283625730994152,0.2642642642642641,0.21376186367558248,0.04748002279785514,1,"(0, 10)",89594
"target_enc,median_imp,no_sel,max_abs_scale,no_samp",0.8912450739052203,0.8311611607670197,1.6020538483263738,0.18855218855218858,0.22812500000000002,0.2777777777777778,0.2537764350453172,0.2053734061930783,0.048126009502587865,2,"(0, 10)",89594
"loo_enc,median_imp,min_max_scale,no_samp,k_best_sel",0.903983927408405,0.8495097846202307,1.6655116839554633,0.19753086419753085,0.24382716049382713,0.283625730994152,0.2642642642642641,0.21376186367558248,0.04748002279785514,2,"(0, 10)",89594
"target_enc,median_imp,min_max_scale,no_samp,k_best_sel",0.9007992140326089,0.8495097846202307,1.6531660049431176,0.19640852974186307,0.24148606811145512,0.283625730994152,0.26315789473684204,0.21285111686319613,0.047639888194480916,2,"(0, 10)",89594
"onehot_enc,median_imp,no_sel,over_samp,quant_scale",0.7828296665662072,0.606968714982283,1.3864084110886457,0.21948998178506374,0.22887323943661975,0.20218579234972678,0.21575649059982094,0.21948998178506374,0.199459255004693,2,"(0, 10)",89594
"target_enc,most_freq_imp,under_samp,k_best_sel,min_max_scale",0.8045112781954886,0.5602236484624169,1.419772720080454,0.20029239766081874,0.20797720797720798,0.1871345029239766,0.1976911976911978,0.20029239766081874,0.18112244897959184,2,"(0, 10)",89594
"target_enc,most_freq_imp,under_samp,no_sel,min_max_scale",0.8330157722028158,0.6109776745284876,1.5053149316156227,0.20029239766081874,0.19584569732937684,0.20760233918128657,0.20176730486008831,0.20029239766081863,0.15194784201735007,2,"(0, 10)",89594
"woe_enc,median_imp,min_max_scale,no_samp,no_sel",0.8649228935080419,0.7852896011339922,1.492317141494866,0.17845117845117842,0.2149532710280374,0.26315789473684215,0.23981900452488691,0.1944204774230659,0.06025678698434211,2,"(0, 10)",89594
"woe_enc,median_imp,no_sel,max_abs_scale,no_samp",0.8631897912550089,0.7761152892073867,1.4831428295682603,0.17732884399551063,0.2142857142857143,0.26023391812865493,0.23795180722891562,0.1929584891189723,0.0621398115776028,2,"(0, 10)",89594
"ordinal_enc,most_freq_imp,max_abs_scale,k_best_sel,no_samp",0.9071686407842012,0.8452179391266685,1.6859111964865925,0.2008978675645342,0.24923076923076926,0.2865497076023392,0.26836581709145435,0.21704534560444833,0.04732122673498606,2,"(0, 10)",89594
"loo_enc,most_freq_imp,under_samp,no_sel,min_max_scale",0.8304577464788733,0.5736898058825846,1.4887898665253982,0.19444444444444442,0.19884726224783866,0.1871345029239766,0.19303338171262696,0.19444444444444442,0.16365248226950355,2,"(0, 10)",89594
"loo_enc,most_freq_imp,under_samp,no_sel,min_max_scale",0.8350457984866586,0.6152695200220499,1.5042236915849172,0.19590643274853803,0.19047619047619047,0.20467836257309946,0.1976401179941003,0.19590643274853803,0.15280808080808084,3,"(0, 10)",89594
"target_enc,most_freq_imp,under_samp,k_best_sel,min_max_scale",0.8254419191919192,0.5920384297357956,1.4825040616648422,0.20467836257309946,0.2114285714285714,0.19298245614035092,0.20231213872832376,0.20467836257309946,0.16586921850079744,3,"(0, 10)",89594
"target_enc,median_imp,min_max_scale,no_samp,k_best_sel",0.9007992140326089,0.8495097846202307,1.6531660049431176,0.19640852974186307,0.24148606811145512,0.283625730994152,0.26315789473684204,0.21285111686319613,0.047639888194480916,3,"(0, 10)",89594
"woe_enc,median_imp,min_max_scale,no_samp,no_sel",0.8649228935080419,0.7852896011339922,1.492317141494866,0.17845117845117842,0.2149532710280374,0.26315789473684215,0.23981900452488691,0.1944204774230659,0.06025678698434211,3,"(0, 10)",89594
"woe_enc,median_imp,no_samp,no_sel,max_abs_scale",0.8631897912550089,0.7761152892073867,1.4831428295682603,0.17732884399551063,0.2142857142857143,0.26023391812865493,0.23795180722891562,0.1929584891189723,0.0621398115776028,3,"(0, 10)",89594
"loo_enc,most_freq_imp,no_sel,min_max_scale,under_samp",0.7948375885342157,0.583454738748671,1.3855380720820043,0.20614035087719296,0.21037463976945248,0.19883040935672514,0.20464441219158203,0.20614035087719296,0.17943025931899317,3,"(0, 10)",89594
"target_enc,median_imp,no_sel,max_abs_scale,no_samp",0.8912450739052203,0.8311611607670197,1.6020538483263738,0.18855218855218858,0.22812500000000002,0.2777777777777778,0.2537764350453172,0.2053734061930783,0.048126009502587865,3,"(0, 10)",89594
"onehot_enc,median_imp,no_sel,over_samp,quant_scale",0.7825961538461539,0.6291882504416564,1.3758644137844862,0.2222222222222222,0.22522522522522526,0.21675774134790526,0.22101449275362317,0.2222222222222222,0.19215880893300247,3,"(0, 10)",89594
"woe_enc,median_imp,no_sel,max_abs_scale,no_samp",0.8631897912550089,0.7761152892073867,1.4831428295682603,0.17732884399551063,0.2142857142857143,0.26023391812865493,0.23795180722891562,0.1929584891189723,0.0621398115776028,3,"(0, 10)",89594
"ordinal_enc,most_freq_imp,max_abs_scale,k_best_sel,no_samp",0.9071686407842012,0.8452179391266685,1.6859111964865925,0.2008978675645342,0.24923076923076926,0.2865497076023392,0.26836581709145435,0.21704534560444833,0.04732122673498606,3,"(0, 10)",89594
"loo_enc,median_imp,no_sel,max_abs_scale,no_samp",0.8912450739052203,0.8311611607670197,1.6020538483263738,0.18855218855218858,0.22812500000000002,0.2777777777777778,0.2537764350453172,0.2053734061930783,0.048126009502587865,4,"(0, 10)",89594
"target_enc,most_freq_imp,no_sel,min_max_scale,under_samp",0.8401137377144724,0.6238532110091743,1.5281899457030519,0.20029239766081874,0.2011661807580175,0.19883040935672514,0.20000000000000007,0.20029239766081863,0.15688585607940447,4,"(0, 10)",89594
"target_enc,median_imp,min_max_scale,no_samp,no_sel",0.8730254225126671,0.8036382249872032,1.5332203712360162,0.18406285072951745,0.22360248447204967,0.26900584795321636,0.24698795180722888,0.20007669446841148,0.057972568147843746,4,"(0, 10)",89594
"woe_enc,most_freq_imp,under_samp,k_best_sel,min_max_scale",0.7750638499548004,0.5553411820293735,1.3481652561034476,0.21052631578947367,0.22651933701657456,0.18128654970760238,0.20454545454545447,0.21052631578947367,0.2083867439963427,4,"(0, 10)",89594
"woe_enc,median_imp,no_sel,max_abs_scale,no_samp",0.8631897912550089,0.7761152892073867,1.4831428295682603,0.17732884399551063,0.2142857142857143,0.26023391812865493,0.23795180722891562,0.1929584891189723,0.0621398115776028,4,"(0, 10)",89594
"woe_enc,median_imp,no_samp,no_sel,max_abs_scale",0.8631897912550089,0.7761152892073867,1.4831428295682603,0.17732884399551063,0.2142857142857143,0.26023391812865493,0.23795180722891562,0.1929584891189723,0.0621398115776028,4,"(0, 10)",89594
"target_enc,median_imp,min_max_scale,no_samp,k_best_sel",0.9007992140326089,0.8495097846202307,1.6531660049431176,0.19640852974186307,0.24148606811145512,0.283625730994152,0.26315789473684204,0.21285111686319613,0.047639888194480916,4,"(0, 10)",89594
"loo_enc,most_freq_imp,under_samp,no_sel,min_max_scale",0.8489697442766034,0.6422018348623854,1.5490047634773947,0.19590643274853803,0.19047619047619047,0.20467836257309946,0.1976401179941003,0.19590643274853803,0.147954278389061,4,"(0, 10)",89594
"loo_enc,most_freq_imp,no_sel,min_max_scale,under_samp",0.8419366197183099,0.6605504587155964,1.526125554733385,0.20760233918128657,0.20588235294117652,0.21052631578947367,0.2082111436950147,0.20760233918128657,0.1490747330960854,4,"(0, 10)",89594
"woe_enc,median_imp,min_max_scale,no_samp,no_sel",0.8649228935080419,0.7852896011339922,1.492317141494866,0.17845117845117842,0.2149532710280374,0.26315789473684215,0.23981900452488691,0.1944204774230659,0.06025678698434211,4,"(0, 10)",89594
"loo_enc,median_imp,no_sel,min_max_scale,no_samp",0.8762101358884633,0.8128125369138087,1.552603610038215,0.1874298540965208,0.22910216718266252,0.27192982456140347,0.2511278195488722,0.20336017639727733,0.05777403195555661,5,"(0, 10)",89594
"target_enc,median_imp,max_abs_scale,no_samp,k_best_sel",0.9222035788009582,0.8721502539670041,1.7192537677371844,0.19753086419753085,0.2422360248447205,0.2865497076023392,0.2650602409638555,0.21431310516728985,0.03796703075248881,5,"(0, 10)",89594
"woe_enc,median_imp,no_sel,max_abs_scale,no_samp",0.8631897912550089,0.7761152892073867,1.4831428295682603,0.17732884399551063,0.2142857142857143,0.26023391812865493,0.23795180722891562,0.1929584891189723,0.0621398115776028,5,"(0, 10)",89594
"loo_enc,median_imp,no_sel,max_abs_scale,no_samp",0.8912450739052203,0.8311611607670197,1.6020538483263738,0.18855218855218858,0.22812500000000002,0.2777777777777778,0.2537764350453172,0.2053734061930783,0.048126009502587865,5,"(0, 10)",89594
"woe_enc,median_imp,min_max_scale,no_samp,no_sel",0.8649228935080419,0.7852896011339922,1.492317141494866,0.17845117845117842,0.2149532710280374,0.26315789473684215,0.23981900452488691,0.1944204774230659,0.06025678698434211,5,"(0, 10)",89594
"woe_enc,median_imp,no_samp,no_sel,max_abs_scale",0.8631897912550089,0.7761152892073867,1.4831428295682603,0.17732884399551063,0.2142857142857143,0.26023391812865493,0.23795180722891562,0.1929584891189723,0.0621398115776028,5,"(0, 10)",89594
"loo_enc,most_freq_imp,under_samp,no_sel,min_max_scale",0.8163732394366198,0.6336181438752609,1.4658396922884407,0.21198830409356728,0.2128279883381924,0.21052631578947367,0.2116788321167884,0.21198830409356717,0.1660071942446043,5,"(0, 10)",89594
"target_enc,median_imp,min_max_scale,no_samp,no_sel",0.8730254225126671,0.8036382249872032,1.5332203712360162,0.18406285072951745,0.22360248447204967,0.26900584795321636,0.24698795180722888,0.20007669446841148,0.057972568147843746,5,"(0, 10)",89594
"target_enc,median_imp,min_max_scale,no_samp,k_best_sel",0.9007992140326089,0.8495097846202307,1.6531660049431176,0.19640852974186307,0.24148606811145512,0.283625730994152,0.26315789473684204,0.21285111686319613,0.047639888194480916,5,"(0, 10)",89594
"loo_enc,median_imp,no_sel,min_max_scale,under_samp",0.8283602518477963,0.6103870535890066,1.4590265093713195,0.19298245614035092,0.18934911242603547,0.19883040935672514,0.1941176470588235,0.1929824561403508,0.15663322185061318,5,"(0, 10)",89594
"woe_enc,median_imp,no_sel,max_abs_scale,no_samp",0.8631897912550089,0.7761152892073867,1.4831428295682603,0.17732884399551063,0.2142857142857143,0.26023391812865493,0.23795180722891562,0.1929584891189723,0.0621398115776028,6,"(0, 10)",89594
"woe_enc,median_imp,min_max_scale,no_samp,no_sel",0.8649228935080419,0.7852896011339922,1.492317141494866,0.17845117845117842,0.2149532710280374,0.26315789473684215,0.23981900452488691,0.1944204774230659,0.06025678698434211,6,"(0, 10)",89594
"target_enc,median_imp,k_best_sel,max_abs_scale,no_samp",0.9222035788009582,0.8721502539670041,1.7192537677371844,0.19753086419753085,0.2422360248447205,0.2865497076023392,0.2650602409638555,0.21431310516728985,0.03796703075248881,6,"(0, 10)",89594
"loo_enc,median_imp,min_max_scale,under_samp,no_sel",0.8457984866587016,0.6330275229357798,1.5403424465550513,0.19736842105263153,0.19469026548672563,0.20175438596491224,0.19823788546255516,0.19736842105263153,0.15115907274180657,6,"(0, 10)",89594
"loo_enc,median_imp,no_sel,max_abs_scale,no_samp",0.8912450739052203,0.8311611607670197,1.6020538483263738,0.18855218855218858,0.22812500000000002,0.2777777777777778,0.2537764350453172,0.2053734061930783,0.048126009502587865,6,"(0, 10)",89594
"target_enc,median_imp,min_max_scale,no_samp,no_sel",0.8730254225126671,0.8036382249872032,1.5332203712360162,0.18406285072951745,0.22360248447204967,0.26900584795321636,0.24698795180722888,0.20007669446841148,0.057972568147843746,6,"(0, 10)",89594
"woe_enc,median_imp,no_samp,no_sel,max_abs_scale",0.8631897912550089,0.7761152892073867,1.4831428295682603,0.17732884399551063,0.2142857142857143,0.26023391812865493,0.23795180722891562,0.1929584891189723,0.0621398115776028,6,"(0, 10)",89594
"target_enc,mean_imp,min_max_scale,no_samp,no_sel",0.876491627018733,0.8128125369138087,1.5445314352993738,0.18406285072951745,0.22187500000000004,0.27192982456140347,0.24773413897280971,0.20062793596011885,0.054232402460886085,6,"(0, 10)",89594
"loo_enc,median_imp,no_sel,min_max_scale,no_samp",0.8762101358884633,0.8128125369138087,1.552603610038215,0.1874298540965208,0.22910216718266252,0.27192982456140347,0.2511278195488722,0.20336017639727733,0.05777403195555661,6,"(0, 10)",89594
"target_enc,median_imp,min_max_scale,no_samp,k_best_sel",0.9007992140326089,0.8495097846202307,1.6531660049431176,0.19640852974186307,0.24148606811145512,0.283625730994152,0.26315789473684204,0.21285111686319613,0.047639888194480916,6,"(0, 10)",89594
"woe_enc,median_imp,no_samp,no_sel,max_abs_scale",0.8631897912550089,0.7761152892073867,1.4831428295682603,0.17732884399551063,0.2142857142857143,0.26023391812865493,0.23795180722891562,0.1929584891189723,0.0621398115776028,7,"(0, 10)",89594
"woe_enc,median_imp,min_max_scale,no_samp,no_sel",0.8649228935080419,0.7852896011339922,1.492317141494866,0.17845117845117842,0.2149532710280374,0.26315789473684215,0.23981900452488691,0.1944204774230659,0.06025678698434211,7,"(0, 10)",89594
"loo_enc,median_imp,min_max_scale,no_samp,no_sel",0.8762101358884633,0.8128125369138087,1.552603610038215,0.1874298540965208,0.22910216718266252,0.27192982456140347,0.2511278195488722,0.20336017639727733,0.05777403195555661,7,"(0, 10)",89594
"woe_enc,median_imp,no_sel,max_abs_scale,no_samp",0.8631897912550089,0.7761152892073867,1.4831428295682603,0.17732884399551063,0.2142857142857143,0.26023391812865493,0.23795180722891562,0.1929584891189723,0.0621398115776028,7,"(0, 10)",89594
"target_enc,median_imp,min_max_scale,no_samp,no_sel",0.8730254225126671,0.8036382249872032,1.5332203712360162,0.18406285072951745,0.22360248447204967,0.26900584795321636,0.24698795180722888,0.20007669446841148,0.057972568147843746,7,"(0, 10)",89594
"woe_enc,median_imp,k_best_sel,max_abs_scale,no_samp",0.8921337027674442,0.7895814466275545,1.5851654922115999,0.18406285072951745,0.22865853658536583,0.26023391812865493,0.24477611940298516,0.19842296999328912,0.05680140515495801,7,"(0, 10)",89594
"target_enc,mean_imp,min_max_scale,no_samp,no_sel",0.876491627018733,0.8128125369138087,1.5445314352993738,0.18406285072951745,0.22187500000000004,0.27192982456140347,0.24773413897280971,0.20062793596011885,0.054232402460886085,7,"(0, 10)",89594
"loo_enc,median_imp,no_sel,max_abs_scale,no_samp",0.8912450739052203,0.8311611607670197,1.6020538483263738,0.18855218855218858,0.22812500000000002,0.2777777777777778,0.2537764350453172,0.2053734061930783,0.048126009502587865,7,"(0, 10)",89594
"loo_enc,median_imp,no_sel,min_max_scale,no_samp",0.8762101358884633,0.8128125369138087,1.552603610038215,0.1874298540965208,0.22910216718266252,0.27192982456140347,0.2511278195488722,0.20336017639727733,0.05777403195555661,7,"(0, 10)",89594
"target_enc,median_imp,min_max_scale,no_samp,k_best_sel",0.9007992140326089,0.8495097846202307,1.6531660049431176,0.19640852974186307,0.24148606811145512,0.283625730994152,0.26315789473684204,0.21285111686319613,0.047639888194480916,7,"(0, 10)",89594
"loo_enc,median_imp,no_samp,no_sel,max_abs_scale",0.8912450739052203,0.8311611607670197,1.6020538483263738,0.18855218855218858,0.22812500000000002,0.2777777777777778,0.2537764350453172,0.2053734061930783,0.048126009502587865,8,"(0, 10)",89594
"woe_enc,median_imp,no_sel,max_abs_scale,no_samp",0.8631897912550089,0.7761152892073867,1.4831428295682603,0.17732884399551063,0.2142857142857143,0.26023391812865493,0.23795180722891562,0.1929584891189723,0.0621398115776028,8,"(0, 10)",89594
"woe_enc,median_imp,k_best_sel,max_abs_scale,no_samp",0.8921337027674442,0.7895814466275545,1.5851654922115999,0.18406285072951745,0.22865853658536583,0.26023391812865493,0.24477611940298516,0.19842296999328912,0.05680140515495801,8,"(0, 10)",89594
"loo_enc,median_imp,no_sel,max_abs_scale,no_samp",0.8912450739052203,0.8311611607670197,1.6020538483263738,0.18855218855218858,0.22812500000000002,0.2777777777777778,0.2537764350453172,0.2053734061930783,0.048126009502587865,8,"(0, 10)",89594
"woe_enc,median_imp,min_max_scale,no_samp,no_sel",0.8649228935080419,0.7852896011339922,1.492317141494866,0.17845117845117842,0.2149532710280374,0.26315789473684215,0.23981900452488691,0.1944204774230659,0.06025678698434211,8,"(0, 10)",89594
"target_enc,median_imp,min_max_scale,no_samp,no_sel",0.8730254225126671,0.8036382249872032,1.5332203712360162,0.18406285072951745,0.22360248447204967,0.26900584795321636,0.24698795180722888,0.20007669446841148,0.057972568147843746,8,"(0, 10)",89594
"loo_enc,median_imp,min_max_scale,no_samp,no_sel",0.8762101358884633,0.8128125369138087,1.552603610038215,0.1874298540965208,0.22910216718266252,0.27192982456140347,0.2511278195488722,0.20336017639727733,0.05777403195555661,8,"(0, 10)",89594
"woe_enc,median_imp,no_samp,no_sel,max_abs_scale",0.8631897912550089,0.7761152892073867,1.4831428295682603,0.17732884399551063,0.2142857142857143,0.26023391812865493,0.23795180722891562,0.1929584891189723,0.0621398115776028,8,"(0, 10)",89594
"loo_enc,median_imp,no_sel,min_max_scale,no_samp",0.8762101358884633,0.8128125369138087,1.552603610038215,0.1874298540965208,0.22910216718266252,0.27192982456140347,0.2511278195488722,0.20336017639727733,0.05777403195555661,8,"(0, 10)",89594
"target_enc,mean_imp,min_max_scale,no_samp,no_sel",0.876491627018733,0.8128125369138087,1.5445314352993738,0.18406285072951745,0.22187500000000004,0.27192982456140347,0.24773413897280971,0.20062793596011885,0.054232402460886085,8,"(0, 10)",89594
"loo_enc,median_imp,min_max_scale,no_samp,no_sel",0.8762101358884633,0.8128125369138087,1.552603610038215,0.1874298540965208,0.22910216718266252,0.27192982456140347,0.2511278195488722,0.20336017639727733,0.05777403195555661,9,"(0, 10)",89594
"loo_enc,median_imp,no_samp,no_sel,max_abs_scale",0.8912450739052203,0.8311611607670197,1.6020538483263738,0.18855218855218858,0.22812500000000002,0.2777777777777778,0.2537764350453172,0.2053734061930783,0.048126009502587865,9,"(0, 10)",89594
"target_enc,median_imp,min_max_scale,no_samp,no_sel",0.8730254225126671,0.8036382249872032,1.5332203712360162,0.18406285072951745,0.22360248447204967,0.26900584795321636,0.24698795180722888,0.20007669446841148,0.057972568147843746,9,"(0, 10)",89594
"woe_enc,median_imp,min_max_scale,no_samp,no_sel",0.8649228935080419,0.7852896011339922,1.492317141494866,0.17845117845117842,0.2149532710280374,0.26315789473684215,0.23981900452488691,0.1944204774230659,0.06025678698434211,9,"(0, 10)",89594
"target_enc,median_imp,no_samp,no_sel,max_abs_scale",0.8912450739052203,0.8311611607670197,1.6020538483263738,0.18855218855218858,0.22812500000000002,0.2777777777777778,0.2537764350453172,0.2053734061930783,0.048126009502587865,9,"(0, 10)",89594
"target_enc,mean_imp,min_max_scale,no_samp,no_sel",0.876491627018733,0.8128125369138087,1.5445314352993738,0.18406285072951745,0.22187500000000004,0.27192982456140347,0.24773413897280971,0.20062793596011885,0.054232402460886085,9,"(0, 10)",89594
"woe_enc,median_imp,no_samp,no_sel,max_abs_scale",0.8631897912550089,0.7761152892073867,1.4831428295682603,0.17732884399551063,0.2142857142857143,0.26023391812865493,0.23795180722891562,0.1929584891189723,0.0621398115776028,9,"(0, 10)",89594
"woe_enc,median_imp,k_best_sel,max_abs_scale,no_samp",0.8921337027674442,0.7895814466275545,1.5851654922115999,0.18406285072951745,0.22865853658536583,0.26023391812865493,0.24477611940298516,0.19842296999328912,0.05680140515495801,9,"(0, 10)",89594
"woe_enc,median_imp,no_sel,max_abs_scale,no_samp",0.8631897912550089,0.7761152892073867,1.4831428295682603,0.17732884399551063,0.2142857142857143,0.26023391812865493,0.23795180722891562,0.1929584891189723,0.0621398115776028,9,"(0, 10)",89594
"target_enc,mean_imp,min_max_scale,under_samp,no_sel",0.8198232334358451,0.5963302752293578,1.4541384944074398,0.19883040935672514,0.20402298850574707,0.1900584795321637,0.19710144927536222,0.19883040935672525,0.1713929462059138,9,"(0, 10)",89594
"woe_enc,median_imp,no_sel,max_abs_scale,no_samp",0.8631897912550089,0.7761152892073867,1.4831428295682603,0.17732884399551063,0.2142857142857143,0.26023391812865493,0.23795180722891562,0.1929584891189723,0.0621398115776028,10,"(0, 10)",89594
"target_enc,median_imp,no_samp,no_sel,max_abs_scale",0.8912450739052203,0.8311611607670197,1.6020538483263738,0.18855218855218858,0.22812500000000002,0.2777777777777778,0.2537764350453172,0.2053734061930783,0.048126009502587865,10,"(0, 10)",89594
"woe_enc,median_imp,no_samp,no_sel,min_max_scale",0.8649228935080419,0.7852896011339922,1.492317141494866,0.17845117845117842,0.2149532710280374,0.26315789473684215,0.23981900452488691,0.1944204774230659,0.06025678698434211,10,"(0, 10)",89594
"woe_enc,median_imp,max_abs_scale,no_samp,no_sel",0.8631897912550089,0.7761152892073867,1.4831428295682603,0.17732884399551063,0.2142857142857143,0.26023391812865493,0.23795180722891562,0.1929584891189723,0.0621398115776028,10,"(0, 10)",89594
"woe_enc,median_imp,no_samp,no_sel,max_abs_scale",0.8631897912550089,0.7761152892073867,1.4831428295682603,0.17732884399551063,0.2142857142857143,0.26023391812865493,0.23795180722891562,0.1929584891189723,0.0621398115776028,10,"(0, 10)",89594
"target_enc,median_imp,min_max_scale,no_samp,no_sel",0.8730254225126671,0.8036382249872032,1.5332203712360162,0.18406285072951745,0.22360248447204967,0.26900584795321636,0.24698795180722888,0.20007669446841148,0.057972568147843746,10,"(0, 10)",89594
"woe_enc,median_imp,min_max_scale,no_samp,no_sel",0.8649228935080419,0.7852896011339922,1.492317141494866,0.17845117845117842,0.2149532710280374,0.26315789473684215,0.23981900452488691,0.1944204774230659,0.06025678698434211,10,"(0, 10)",89594
"loo_enc,median_imp,no_samp,no_sel,max_abs_scale",0.8912450739052203,0.8311611607670197,1.6020538483263738,0.18855218855218858,0.22812500000000002,0.2777777777777778,0.2537764350453172,0.2053734061930783,0.048126009502587865,10,"(0, 10)",89594
"woe_enc,median_imp,k_best_sel,max_abs_scale,no_samp",0.8921337027674442,0.7895814466275545,1.5851654922115999,0.18406285072951745,0.22865853658536583,0.26023391812865493,0.24477611940298516,0.19842296999328912,0.05680140515495801,10,"(0, 10)",89594
"loo_enc,median_imp,min_max_scale,no_samp,no_sel",0.8762101358884633,0.8128125369138087,1.552603610038215,0.1874298540965208,0.22910216718266252,0.27192982456140347,0.2511278195488722,0.20336017639727733,0.05777403195555661,10,"(0, 10)",89594
"loo_enc,median_imp,min_max_scale,no_samp,no_sel",0.8762101358884633,0.8128125369138087,1.552603610038215,0.1874298540965208,0.22910216718266252,0.27192982456140347,0.2511278195488722,0.20336017639727733,0.05777403195555661,11,"(0, 10)",89594
"woe_enc,median_imp,no_samp,no_sel,max_abs_scale",0.8631897912550089,0.7761152892073867,1.4831428295682603,0.17732884399551063,0.2142857142857143,0.26023391812865493,0.23795180722891562,0.1929584891189723,0.0621398115776028,11,"(0, 10)",89594
"woe_enc,median_imp,min_max_scale,no_samp,no_sel",0.8649228935080419,0.7852896011339922,1.492317141494866,0.17845117845117842,0.2149532710280374,0.26315789473684215,0.23981900452488691,0.1944204774230659,0.06025678698434211,11,"(0, 10)",89594
"woe_enc,median_imp,no_samp,no_sel,min_max_scale",0.8649228935080419,0.7852896011339922,1.492317141494866,0.17845117845117842,0.2149532710280374,0.26315789473684215,0.23981900452488691,0.1944204774230659,0.06025678698434211,11,"(0, 10)",89594
"woe_enc,median_imp,no_sel,max_abs_scale,no_samp",0.8631897912550089,0.7761152892073867,1.4831428295682603,0.17732884399551063,0.2142857142857143,0.26023391812865493,0.23795180722891562,0.1929584891189723,0.0621398115776028,11,"(0, 10)",89594
"target_enc,median_imp,min_max_scale,no_samp,no_sel",0.8730254225126671,0.8036382249872032,1.5332203712360162,0.18406285072951745,0.22360248447204967,0.26900584795321636,0.24698795180722888,0.20007669446841148,0.057972568147843746,11,"(0, 10)",89594
"woe_enc,median_imp,max_abs_scale,no_samp,no_sel",0.8631897912550089,0.7761152892073867,1.4831428295682603,0.17732884399551063,0.2142857142857143,0.26023391812865493,0.23795180722891562,0.1929584891189723,0.0621398115776028,11,"(0, 10)",89594
"woe_enc,median_imp,k_best_sel,max_abs_scale,no_samp",0.8921337027674442,0.7895814466275545,1.5851654922115999,0.18406285072951745,0.22865853658536583,0.26023391812865493,0.24477611940298516,0.19842296999328912,0.05680140515495801,11,"(0, 10)",89594
"target_enc,median_imp,no_samp,no_sel,max_abs_scale",0.8912450739052203,0.8311611607670197,1.6020538483263738,0.18855218855218858,0.22812500000000002,0.2777777777777778,0.2537764350453172,0.2053734061930783,0.048126009502587865,11,"(0, 10)",89594
"loo_enc,median_imp,no_samp,no_sel,max_abs_scale",0.8912450739052203,0.8311611607670197,1.6020538483263738,0.18855218855218858,0.22812500000000002,0.2777777777777778,0.2537764350453172,0.2053734061930783,0.048126009502587865,11,"(0, 10)",89594
"woe_enc,median_imp,min_max_scale,no_samp,no_sel",0.8649228935080419,0.7852896011339922,1.492317141494866,0.17845117845117842,0.2149532710280374,0.26315789473684215,0.23981900452488691,0.1944204774230659,0.06025678698434211,12,"(0, 10)",89594
"woe_enc,median_imp,no_samp,no_sel,max_abs_scale",0.8631897912550089,0.7761152892073867,1.4831428295682603,0.17732884399551063,0.2142857142857143,0.26023391812865493,0.23795180722891562,0.1929584891189723,0.0621398115776028,12,"(0, 10)",89594
"woe_enc,median_imp,no_sel,max_abs_scale,no_samp",0.8631897912550089,0.7761152892073867,1.4831428295682603,0.17732884399551063,0.2142857142857143,0.26023391812865493,0.23795180722891562,0.1929584891189723,0.0621398115776028,12,"(0, 10)",89594
"target_enc,median_imp,no_sel,min_max_scale,no_samp",0.8730254225126671,0.8036382249872032,1.5332203712360162,0.18406285072951745,0.22360248447204967,0.26900584795321636,0.24698795180722888,0.20007669446841148,0.057972568147843746,12,"(0, 10)",89594
"woe_enc,median_imp,max_abs_scale,no_samp,no_sel",0.8631897912550089,0.7761152892073867,1.4831428295682603,0.17732884399551063,0.2142857142857143,0.26023391812865493,0.23795180722891562,0.1929584891189723,0.0621398115776028,12,"(0, 10)",89594
"target_enc,median_imp,min_max_scale,no_samp,no_sel",0.8730254225126671,0.8036382249872032,1.5332203712360162,0.18406285072951745,0.22360248447204967,0.26900584795321636,0.24698795180722888,0.20007669446841148,0.057972568147843746,12,"(0, 10)",89594
"loo_enc,median_imp,min_max_scale,no_samp,no_sel",0.8762101358884633,0.8128125369138087,1.552603610038215,0.1874298540965208,0.22910216718266252,0.27192982456140347,0.2511278195488722,0.20336017639727733,0.05777403195555661,12,"(0, 10)",89594
"woe_enc,median_imp,no_samp,no_sel,min_max_scale",0.8649228935080419,0.7852896011339922,1.492317141494866,0.17845117845117842,0.2149532710280374,0.26315789473684215,0.23981900452488691,0.1944204774230659,0.06025678698434211,12,"(0, 10)",89594
"woe_enc,median_imp,k_best_sel,max_abs_scale,no_samp",0.8921337027674442,0.7895814466275545,1.5851654922115999,0.18406285072951745,0.22865853658536583,0.26023391812865493,0.24477611940298516,0.19842296999328912,0.05680140515495801,12,"(0, 10)",89594
"woe_enc,median_imp,under_samp,no_sel,max_abs_scale",0.8240509347156115,0.6201519864550931,1.4339274966591748,0.19298245614035092,0.18181818181818177,0.21052631578947367,0.1964285714285714,0.1929824561403508,0.1486826740621807,12,"(0, 10)",89594
"target_enc,median_imp,no_sel,min_max_scale,no_samp",0.8730254225126671,0.8036382249872032,1.5332203712360162,0.18406285072951745,0.22360248447204967,0.26900584795321636,0.24698795180722888,0.20007669446841148,0.057972568147843746,13,"(0, 10)",89594
"woe_enc,median_imp,no_sel,min_max_scale,no_samp",0.8649228935080419,0.7852896011339922,1.492317141494866,0.17845117845117842,0.2149532710280374,0.26315789473684215,0.23981900452488691,0.1944204774230659,0.06025678698434211,13,"(0, 10)",89594
"target_enc,median_imp,max_abs_scale,no_samp,no_sel",0.8912450739052203,0.8311611607670197,1.6020538483263738,0.18855218855218858,0.22812500000000002,0.2777777777777778,0.2537764350453172,0.2053734061930783,0.048126009502587865,13,"(0, 10)",89594
"woe_enc,median_imp,no_samp,no_sel,min_max_scale",0.8649228935080419,0.7852896011339922,1.492317141494866,0.17845117845117842,0.2149532710280374,0.26315789473684215,0.23981900452488691,0.1944204774230659,0.06025678698434211,13,"(0, 10)",89594
"woe_enc,median_imp,no_samp,no_sel,max_abs_scale",0.8631897912550089,0.7761152892073867,1.4831428295682603,0.17732884399551063,0.2142857142857143,0.26023391812865493,0.23795180722891562,0.1929584891189723,0.0621398115776028,13,"(0, 10)",89594
"target_enc,median_imp,min_max_scale,over_samp,no_sel",0.7960971533466671,0.5397801265937794,1.3764372965842826,0.19307832422586524,0.19748653500897662,0.18579234972677594,0.1916817359855335,0.19307832422586524,0.1840455480437789,13,"(0, 10)",89594
"woe_enc,median_imp,max_abs_scale,no_samp,no_sel",0.8631897912550089,0.7761152892073867,1.4831428295682603,0.17732884399551063,0.2142857142857143,0.26023391812865493,0.23795180722891562,0.1929584891189723,0.0621398115776028,13,"(0, 10)",89594
"woe_enc,median_imp,min_max_scale,no_samp,no_sel",0.8649228935080419,0.7852896011339922,1.492317141494866,0.17845117845117842,0.2149532710280374,0.26315789473684215,0.23981900452488691,0.1944204774230659,0.06025678698434211,13,"(0, 10)",89594
"target_enc,median_imp,min_max_scale,no_samp,no_sel",0.8730254225126671,0.8036382249872032,1.5332203712360162,0.18406285072951745,0.22360248447204967,0.26900584795321636,0.24698795180722888,0.20007669446841148,0.057972568147843746,13,"(0, 10)",89594
"woe_enc,median_imp,no_sel,max_abs_scale,no_samp",0.8631897912550089,0.7761152892073867,1.4831428295682603,0.17732884399551063,0.2142857142857143,0.26023391812865493,0.23795180722891562,0.1929584891189723,0.0621398115776028,13,"(0, 10)",89594
"woe_enc,median_imp,no_sel,min_max_scale,no_samp",0.8649228935080419,0.7852896011339922,1.492317141494866,0.17845117845117842,0.2149532710280374,0.26315789473684215,0.23981900452488691,0.1944204774230659,0.06025678698434211,14,"(0, 10)",89594
"woe_enc,median_imp,min_max_scale,no_samp,no_sel",0.8649228935080419,0.7852896011339922,1.492317141494866,0.17845117845117842,0.2149532710280374,0.26315789473684215,0.23981900452488691,0.1944204774230659,0.06025678698434211,14,"(0, 10)",89594
"woe_enc,median_imp,no_samp,no_sel,max_abs_scale",0.8631897912550089,0.7761152892073867,1.4831428295682603,0.17732884399551063,0.2142857142857143,0.26023391812865493,0.23795180722891562,0.1929584891189723,0.0621398115776028,14,"(0, 10)",89594
"target_enc,median_imp,no_sel,min_max_scale,no_samp",0.8730254225126671,0.8036382249872032,1.5332203712360162,0.18406285072951745,0.22360248447204967,0.26900584795321636,0.24698795180722888,0.20007669446841148,0.057972568147843746,14,"(0, 10)",89594
"target_enc,median_imp,no_samp,no_sel,max_abs_scale",0.8912450739052203,0.8311611607670197,1.6020538483263738,0.18855218855218858,0.22812500000000002,0.2777777777777778,0.2537764350453172,0.2053734061930783,0.048126009502587865,14,"(0, 10)",89594
"woe_enc,median_imp,no_sel,max_abs_scale,no_samp",0.8631897912550089,0.7761152892073867,1.4831428295682603,0.17732884399551063,0.2142857142857143,0.26023391812865493,0.23795180722891562,0.1929584891189723,0.0621398115776028,14,"(0, 10)",89594
"target_enc,median_imp,min_max_scale,no_samp,no_sel",0.8730254225126671,0.8036382249872032,1.5332203712360162,0.18406285072951745,0.22360248447204967,0.26900584795321636,0.24698795180722888,0.20007669446841148,0.057972568147843746,14,"(0, 10)",89594
"woe_enc,median_imp,max_abs_scale,no_samp,no_sel",0.8631897912550089,0.7761152892073867,1.4831428295682603,0.17732884399551063,0.2142857142857143,0.26023391812865493,0.23795180722891562,0.1929584891189723,0.0621398115776028,14,"(0, 10)",89594
"target_enc,median_imp,max_abs_scale,no_samp,no_sel",0.8912450739052203,0.8311611607670197,1.6020538483263738,0.18855218855218858,0.22812500000000002,0.2777777777777778,0.2537764350453172,0.2053734061930783,0.048126009502587865,14,"(0, 10)",89594
"woe_enc,median_imp,min_max_scale,no_samp,k_best_sel",0.8921337027674442,0.817104382407371,1.60627817158116,0.19079685746352415,0.23780487804878048,0.26900584795321636,0.25373134328358204,0.20554117534272842,0.05680140515495801,14,"(0, 10)",89594
"woe_enc,median_imp,max_abs_scale,no_samp,no_sel",0.8631897912550089,0.7761152892073867,1.4831428295682603,0.17732884399551063,0.2142857142857143,0.26023391812865493,0.23795180722891562,0.1929584891189723,0.0621398115776028,15,"(0, 10)",89594
"woe_enc,median_imp,no_sel,max_abs_scale,no_samp",0.8631897912550089,0.7761152892073867,1.4831428295682603,0.17732884399551063,0.2142857142857143,0.26023391812865493,0.23795180722891562,0.1929584891189723,0.0621398115776028,15,"(0, 10)",89594
"target_enc,median_imp,no_samp,no_sel,min_max_scale",0.8730254225126671,0.8036382249872032,1.5332203712360162,0.18406285072951745,0.22360248447204967,0.26900584795321636,0.24698795180722888,0.20007669446841148,0.057972568147843746,15,"(0, 10)",89594
"target_enc,median_imp,max_abs_scale,no_samp,no_sel",0.8912450739052203,0.8311611607670197,1.6020538483263738,0.18855218855218858,0.22812500000000002,0.2777777777777778,0.2537764350453172,0.2053734061930783,0.048126009502587865,15,"(0, 10)",89594
"target_enc,median_imp,no_samp,no_sel,max_abs_scale",0.8912450739052203,0.8311611607670197,1.6020538483263738,0.18855218855218858,0.22812500000000002,0.2777777777777778,0.2537764350453172,0.2053734061930783,0.048126009502587865,15,"(0, 10)",89594
"woe_enc,median_imp,min_max_scale,no_samp,no_sel",0.8649228935080419,0.7852896011339922,1.492317141494866,0.17845117845117842,0.2149532710280374,0.26315789473684215,0.23981900452488691,0.1944204774230659,0.06025678698434211,15,"(0, 10)",89594
"woe_enc,median_imp,no_samp,no_sel,max_abs_scale",0.8631897912550089,0.7761152892073867,1.4831428295682603,0.17732884399551063,0.2142857142857143,0.26023391812865493,0.23795180722891562,0.1929584891189723,0.0621398115776028,15,"(0, 10)",89594
"woe_enc,median_imp,no_sel,min_max_scale,no_samp",0.8649228935080419,0.7852896011339922,1.492317141494866,0.17845117845117842,0.2149532710280374,0.26315789473684215,0.23981900452488691,0.1944204774230659,0.06025678698434211,15,"(0, 10)",89594
"target_enc,median_imp,min_max_scale,no_samp,k_best_sel",0.9007992140326089,0.8495097846202307,1.6531660049431176,0.19640852974186307,0.24148606811145512,0.283625730994152,0.26315789473684204,0.21285111686319613,0.047639888194480916,15,"(0, 10)",89594
"target_enc,median_imp,no_sel,min_max_scale,no_samp",0.8730254225126671,0.8036382249872032,1.5332203712360162,0.18406285072951745,0.22360248447204967,0.26900584795321636,0.24698795180722888,0.20007669446841148,0.057972568147843746,15,"(0, 10)",89594
"target_enc,median_imp,min_max_scale,no_samp,no_sel",0.8730254225126671,0.8036382249872032,1.5332203712360162,0.18406285072951745,0.22360248447204967,0.26900584795321636,0.24698795180722888,0.20007669446841148,0.057972568147843746,16,"(0, 10)",89594
"woe_enc,median_imp,no_samp,no_sel,max_abs_scale",0.8631897912550089,0.7761152892073867,1.4831428295682603,0.17732884399551063,0.2142857142857143,0.26023391812865493,0.23795180722891562,0.1929584891189723,0.0621398115776028,16,"(0, 10)",89594
"woe_enc,median_imp,min_max_scale,no_samp,no_sel",0.8649228935080419,0.7852896011339922,1.492317141494866,0.17845117845117842,0.2149532710280374,0.26315789473684215,0.23981900452488691,0.1944204774230659,0.06025678698434211,16,"(0, 10)",89594
"target_enc,median_imp,no_sel,min_max_scale,no_samp",0.8730254225126671,0.8036382249872032,1.5332203712360162,0.18406285072951745,0.22360248447204967,0.26900584795321636,0.24698795180722888,0.20007669446841148,0.057972568147843746,16,"(0, 10)",89594
"target_enc,median_imp,no_samp,no_sel,max_abs_scale",0.8912450739052203,0.8311611607670197,1.6020538483263738,0.18855218855218858,0.22812500000000002,0.2777777777777778,0.2537764350453172,0.2053734061930783,0.048126009502587865,16,"(0, 10)",89594
"target_enc,median_imp,min_max_scale,no_samp,k_best_sel",0.9007992140326089,0.8495097846202307,1.6531660049431176,0.19640852974186307,0.24148606811145512,0.283625730994152,0.26315789473684204,0.21285111686319613,0.047639888194480916,16,"(0, 10)",89594
"woe_enc,median_imp,no_sel,max_abs_scale,no_samp",0.8631897912550089,0.7761152892073867,1.4831428295682603,0.17732884399551063,0.2142857142857143,0.26023391812865493,0.23795180722891562,0.1929584891189723,0.0621398115776028,16,"(0, 10)",89594
"target_enc,median_imp,max_abs_scale,no_samp,no_sel",0.8912450739052203,0.8311611607670197,1.6020538483263738,0.18855218855218858,0.22812500000000002,0.2777777777777778,0.2537764350453172,0.2053734061930783,0.048126009502587865,16,"(0, 10)",89594
"woe_enc,median_imp,max_abs_scale,no_samp,no_sel",0.8631897912550089,0.7761152892073867,1.4831428295682603,0.17732884399551063,0.2142857142857143,0.26023391812865493,0.23795180722891562,0.1929584891189723,0.0621398115776028,16,"(0, 10)",89594
"woe_enc,median_imp,no_sel,min_max_scale,no_samp",0.8649228935080419,0.7852896011339922,1.492317141494866,0.17845117845117842,0.2149532710280374,0.26315789473684215,0.23981900452488691,0.1944204774230659,0.06025678698434211,16,"(0, 10)",89594
"woe_enc,median_imp,max_abs_scale,no_samp,no_sel",0.8631897912550089,0.7761152892073867,1.4831428295682603,0.17732884399551063,0.2142857142857143,0.26023391812865493,0.23795180722891562,0.1929584891189723,0.0621398115776028,17,"(0, 10)",89594
"woe_enc,median_imp,min_max_scale,no_samp,no_sel",0.8649228935080419,0.7852896011339922,1.492317141494866,0.17845117845117842,0.2149532710280374,0.26315789473684215,0.23981900452488691,0.1944204774230659,0.06025678698434211,17,"(0, 10)",89594
"woe_enc,median_imp,no_sel,max_abs_scale,no_samp",0.8631897912550089,0.7761152892073867,1.4831428295682603,0.17732884399551063,0.2142857142857143,0.26023391812865493,0.23795180722891562,0.1929584891189723,0.0621398115776028,17,"(0, 10)",89594
"woe_enc,median_imp,no_samp,no_sel,max_abs_scale",0.8631897912550089,0.7761152892073867,1.4831428295682603,0.17732884399551063,0.2142857142857143,0.26023391812865493,0.23795180722891562,0.1929584891189723,0.0621398115776028,17,"(0, 10)",89594
"target_enc,median_imp,no_sel,min_max_scale,no_samp",0.8730254225126671,0.8036382249872032,1.5332203712360162,0.18406285072951745,0.22360248447204967,0.26900584795321636,0.24698795180722888,0.20007669446841148,0.057972568147843746,17,"(0, 10)",89594
"target_enc,median_imp,max_abs_scale,no_samp,no_sel",0.8912450739052203,0.8311611607670197,1.6020538483263738,0.18855218855218858,0.22812500000000002,0.2777777777777778,0.2537764350453172,0.2053734061930783,0.048126009502587865,17,"(0, 10)",89594
"target_enc,median_imp,no_samp,no_sel,max_abs_scale",0.8912450739052203,0.8311611607670197,1.6020538483263738,0.18855218855218858,0.22812500000000002,0.2777777777777778,0.2537764350453172,0.2053734061930783,0.048126009502587865,17,"(0, 10)",89594
"woe_enc,median_imp,no_sel,min_max_scale,no_samp",0.8649228935080419,0.7852896011339922,1.492317141494866,0.17845117845117842,0.2149532710280374,0.26315789473684215,0.23981900452488691,0.1944204774230659,0.06025678698434211,17,"(0, 10)",89594
"target_enc,median_imp,min_max_scale,no_samp,no_sel",0.8730254225126671,0.8036382249872032,1.5332203712360162,0.18406285072951745,0.22360248447204967,0.26900584795321636,0.24698795180722888,0.20007669446841148,0.057972568147843746,17,"(0, 10)",89594
"target_enc,median_imp,k_best_sel,min_max_scale,no_samp",0.9007992140326089,0.8495097846202307,1.6531660049431176,0.19640852974186307,0.24148606811145512,0.283625730994152,0.26315789473684204,0.21285111686319613,0.047639888194480916,17,"(0, 10)",89594
"woe_enc,median_imp,min_max_scale,no_samp,no_sel",0.8649228935080419,0.7852896011339922,1.492317141494866,0.17845117845117842,0.2149532710280374,0.26315789473684215,0.23981900452488691,0.1944204774230659,0.06025678698434211,18,"(0, 10)",89594
"target_enc,median_imp,no_sel,min_max_scale,no_samp",0.8730254225126671,0.8036382249872032,1.5332203712360162,0.18406285072951745,0.22360248447204967,0.26900584795321636,0.24698795180722888,0.20007669446841148,0.057972568147843746,18,"(0, 10)",89594
"woe_enc,median_imp,no_sel,max_abs_scale,no_samp",0.8631897912550089,0.7761152892073867,1.4831428295682603,0.17732884399551063,0.2142857142857143,0.26023391812865493,0.23795180722891562,0.1929584891189723,0.0621398115776028,18,"(0, 10)",89594
"woe_enc,median_imp,max_abs_scale,no_samp,no_sel",0.8631897912550089,0.7761152892073867,1.4831428295682603,0.17732884399551063,0.2142857142857143,0.26023391812865493,0.23795180722891562,0.1929584891189723,0.0621398115776028,18,"(0, 10)",89594
"target_enc,median_imp,no_samp,no_sel,max_abs_scale",0.8912450739052203,0.8311611607670197,1.6020538483263738,0.18855218855218858,0.22812500000000002,0.2777777777777778,0.2537764350453172,0.2053734061930783,0.048126009502587865,18,"(0, 10)",89594
"woe_enc,median_imp,no_samp,no_sel,max_abs_scale",0.8631897912550089,0.7761152892073867,1.4831428295682603,0.17732884399551063,0.2142857142857143,0.26023391812865493,0.23795180722891562,0.1929584891189723,0.0621398115776028,18,"(0, 10)",89594
"woe_enc,median_imp,no_sel,min_max_scale,no_samp",0.8649228935080419,0.7852896011339922,1.492317141494866,0.17845117845117842,0.2149532710280374,0.26315789473684215,0.23981900452488691,0.1944204774230659,0.06025678698434211,18,"(0, 10)",89594
"target_enc,median_imp,max_abs_scale,no_samp,no_sel",0.8912450739052203,0.8311611607670197,1.6020538483263738,0.18855218855218858,0.22812500000000002,0.2777777777777778,0.2537764350453172,0.2053734061930783,0.048126009502587865,18,"(0, 10)",89594
"target_enc,median_imp,min_max_scale,no_samp,no_sel",0.8730254225126671,0.8036382249872032,1.5332203712360162,0.18406285072951745,0.22360248447204967,0.26900584795321636,0.24698795180722888,0.20007669446841148,0.057972568147843746,18,"(0, 10)",89594
"woe_enc,median_imp,over_samp,no_sel,max_abs_scale",0.7973089446466195,0.5918687545698269,1.366797529498602,0.19854280510018218,0.19408502772643255,0.20582877959927137,0.20000000000000007,0.19854280510018207,0.1697746310331073,18,"(0, 10)",89594
"woe_enc,median_imp,no_sel,max_abs_scale,no_samp",0.8631897912550089,0.7761152892073867,1.4831428295682603,0.17732884399551063,0.2142857142857143,0.26023391812865493,0.23795180722891562,0.1929584891189723,0.0621398115776028,19,"(0, 10)",89594
"woe_enc,median_imp,min_max_scale,no_samp,no_sel",0.8649228935080419,0.7852896011339922,1.492317141494866,0.17845117845117842,0.2149532710280374,0.26315789473684215,0.23981900452488691,0.1944204774230659,0.06025678698434211,19,"(0, 10)",89594
"target_enc,median_imp,no_sel,min_max_scale,no_samp",0.8730254225126671,0.8036382249872032,1.5332203712360162,0.18406285072951745,0.22360248447204967,0.26900584795321636,0.24698795180722888,0.20007669446841148,0.057972568147843746,19,"(0, 10)",89594
"target_enc,median_imp,no_samp,no_sel,max_abs_scale",0.8912450739052203,0.8311611607670197,1.6020538483263738,0.18855218855218858,0.22812500000000002,0.2777777777777778,0.2537764350453172,0.2053734061930783,0.048126009502587865,19,"(0, 10)",89594
"woe_enc,median_imp,max_abs_scale,no_samp,no_sel",0.8631897912550089,0.7761152892073867,1.4831428295682603,0.17732884399551063,0.2142857142857143,0.26023391812865493,0.23795180722891562,0.1929584891189723,0.0621398115776028,19,"(0, 10)",89594
"woe_enc,median_imp,no_samp,no_sel,max_abs_scale",0.8631897912550089,0.7761152892073867,1.4831428295682603,0.17732884399551063,0.2142857142857143,0.26023391812865493,0.23795180722891562,0.1929584891189723,0.0621398115776028,19,"(0, 10)",89594
"target_enc,median_imp,max_abs_scale,no_samp,no_sel",0.8912450739052203,0.8311611607670197,1.6020538483263738,0.18855218855218858,0.22812500000000002,0.2777777777777778,0.2537764350453172,0.2053734061930783,0.048126009502587865,19,"(0, 10)",89594
"woe_enc,median_imp,no_sel,min_max_scale,no_samp",0.8649228935080419,0.7852896011339922,1.492317141494866,0.17845117845117842,0.2149532710280374,0.26315789473684215,0.23981900452488691,0.1944204774230659,0.06025678698434211,19,"(0, 10)",89594
"target_enc,median_imp,min_max_scale,no_samp,no_sel",0.8730254225126671,0.8036382249872032,1.5332203712360162,0.18406285072951745,0.22360248447204967,0.26900584795321636,0.24698795180722888,0.20007669446841148,0.057972568147843746,19,"(0, 10)",89594
"woe_enc,most_freq_imp,no_sel,min_max_scale,no_samp",0.8646414023777722,0.7761152892073867,1.4933517564438539,0.1795735129068462,0.21913580246913578,0.26023391812865493,0.24024024024024027,0.19477998274374464,0.0638020677702743,19,"(0, 10)",89594
"woe_enc,median_imp,no_sel,max_abs_scale,no_samp",0.8631897912550089,0.7761152892073867,1.4831428295682603,0.17732884399551063,0.2142857142857143,0.26023391812865493,0.23795180722891562,0.1929584891189723,0.0621398115776028,20,"(0, 10)",89594
"woe_enc,median_imp,no_samp,no_sel,max_abs_scale",0.8631897912550089,0.7761152892073867,1.4831428295682603,0.17732884399551063,0.2142857142857143,0.26023391812865493,0.23795180722891562,0.1929584891189723,0.0621398115776028,20,"(0, 10)",89594
"woe_enc,median_imp,max_abs_scale,no_samp,no_sel",0.8631897912550089,0.7761152892073867,1.4831428295682603,0.17732884399551063,0.2142857142857143,0.26023391812865493,0.23795180722891562,0.1929584891189723,0.0621398115776028,20,"(0, 10)",89594
"target_enc,median_imp,min_max_scale,no_samp,no_sel",0.8730254225126671,0.8036382249872032,1.5332203712360162,0.18406285072951745,0.22360248447204967,0.26900584795321636,0.24698795180722888,0.20007669446841148,0.057972568147843746,20,"(0, 10)",89594
"woe_enc,most_freq_imp,no_sel,min_max_scale,no_samp",0.8646414023777722,0.7761152892073867,1.4933517564438539,0.1795735129068462,0.21913580246913578,0.26023391812865493,0.24024024024024027,0.19477998274374464,0.0638020677702743,20,"(0, 10)",89594
"woe_enc,median_imp,min_max_scale,no_samp,no_sel",0.8649228935080419,0.7852896011339922,1.492317141494866,0.17845117845117842,0.2149532710280374,0.26315789473684215,0.23981900452488691,0.1944204774230659,0.06025678698434211,20,"(0, 10)",89594
"woe_enc,median_imp,no_sel,min_max_scale,no_samp",0.8649228935080419,0.7852896011339922,1.492317141494866,0.17845117845117842,0.2149532710280374,0.26315789473684215,0.23981900452488691,0.1944204774230659,0.06025678698434211,20,"(0, 10)",89594
"target_enc,mean_imp,max_abs_scale,no_samp,no_sel",0.8912450739052203,0.8311611607670197,1.6020538483263738,0.18855218855218858,0.22812500000000002,0.2777777777777778,0.2537764350453172,0.2053734061930783,0.048126009502587865,20,"(0, 10)",89594
"target_enc,median_imp,no_samp,no_sel,max_abs_scale",0.8912450739052203,0.8311611607670197,1.6020538483263738,0.18855218855218858,0.22812500000000002,0.2777777777777778,0.2537764350453172,0.2053734061930783,0.048126009502587865,20,"(0, 10)",89594
"target_enc,median_imp,no_sel,min_max_scale,no_samp",0.8730254225126671,0.8036382249872032,1.5332203712360162,0.18406285072951745,0.22360248447204967,0.26900584795321636,0.24698795180722888,0.20007669446841148,0.057972568147843746,20,"(0, 10)",89594
"loo_enc,median_imp,min_max_scale,no_samp,k_best_sel",0.903983927408405,0.8495097846202307,1.6655116839554633,0.19753086419753085,0.24382716049382713,0.283625730994152,0.2642642642642641,0.21376186367558248,0.04748002279785514,0,"(1, 9)",89594
"onehot_enc,median_imp,k_best_sel,over_samp,quant_scale",0.8232484076433121,0.6375,1.5242521367521367,0.21493624772313302,0.23063683304647165,0.18579234972677594,0.20884955752212397,0.2149362477231329,0.1767515923566879,0,"(1, 9)",89594
"target_enc,most_freq_imp,under_samp,no_sel,min_max_scale",0.8387096774193549,0.5963302752293578,1.5249017038007864,0.19590643274853803,0.19942196531791911,0.1900584795321637,0.19476744186046513,0.19590643274853792,0.16129032258064516,0,"(1, 9)",89594
"ordinal_enc,median_imp,no_sel,min_max_scale,no_samp",0.8782247292717659,0.8415167145725873,1.6140713204605266,0.20314253647586977,0.24764890282131657,0.29824561403508776,0.27382753403933435,0.2210718051960502,0.052362319617407255,0,"(1, 9)",89594
"loo_enc,mean_imp,no_sel,over_samp,quant_scale",0.8480948862107833,0.6863905325443787,1.5740923369128497,0.21493624772313302,0.21699819168173595,0.21129326047358832,0.21415607985480933,0.21493624772313302,0.14820971123492133,0,"(1, 9)",89594
"woe_enc,median_imp,no_sel,max_abs_scale,no_samp",0.8631897912550089,0.7761152892073867,1.4831428295682603,0.17732884399551063,0.2142857142857143,0.26023391812865493,0.23795180722891562,0.1929584891189723,0.0621398115776028,0,"(1, 9)",89594
"woe_enc,mean_imp,no_sel,under_samp,norm_scale",0.2964824120603015,0.4954128440366973,0.7134059236214724,0.33040935672514615,0.3079470198675497,0.38888888888888884,0.3509316770186335,0.33040935672514615,-1.0,0,"(1, 9)",89594
"woe_enc,most_freq_imp,max_abs_scale,k_best_sel,no_samp",0.8953184161432404,0.7895814466275545,1.5975111712239456,0.18518518518518523,0.23100303951367784,0.26023391812865493,0.24590163934426224,0.19933371680567524,0.05661079641282728,0,"(1, 9)",89594
"ordinal_enc,most_freq_imp,under_samp,no_sel,norm_scale",0.30904522613065327,0.45871559633027525,0.680168883527507,0.33040935672514615,0.2972027972027972,0.4122807017543859,0.3598726114649681,0.33040935672514615,-1.0,0,"(1, 9)",89594
"loo_enc,median_imp,k_best_sel,no_scale,over_samp",0.7791565500496633,0.5504214062592091,1.3593007984719345,0.20765027322404372,0.21693121693121697,0.1912568306010929,0.20430107526881724,0.20765027322404372,0.20648111723052717,0,"(1, 9)",89594
"loo_enc,most_freq_imp,under_samp,no_sel,min_max_scale",0.8365550188532624,0.6287356774422176,1.5296710515918774,0.20467836257309946,0.20467836257309946,0.20467836257309946,0.20467836257309946,0.20467836257309946,0.15744817097574643,1,"(1, 9)",89594
"target_enc,median_imp,k_best_sel,no_scale,over_samp",0.8301733762730039,0.6144505546902317,1.4575179810909913,0.1912568306010929,0.1934900542495479,0.1876138433515483,0.19056261343012704,0.191256830601093,0.15351317310154394,1,"(1, 9)",89594
"ordinal_enc,median_imp,no_sel,min_max_scale,no_samp",0.8782247292717659,0.8415167145725873,1.6140713204605266,0.20314253647586977,0.24764890282131657,0.29824561403508776,0.27382753403933435,0.2210718051960502,0.052362319617407255,1,"(1, 9)",89594
"onehot_enc,median_imp,k_best_sel,over_samp,quant_scale",0.7878315132605305,0.5780346820809249,1.4434192974655402,0.2222222222222222,0.24283305227655982,0.18214936247723135,0.21366024518388782,0.22222222222222232,0.2121684867394696,1,"(1, 9)",89594
"woe_enc,most_freq_imp,under_samp,no_sel,norm_scale",0.3032581453634085,0.48623853211009177,0.7103764631445746,0.3172514619883041,0.29508196721311475,0.3713450292397661,0.33539412673879443,0.317251461988304,-1.0,1,"(1, 9)",89594
"ordinal_enc,most_freq_imp,max_abs_scale,k_best_sel,no_samp",0.9071686407842012,0.8452179391266685,1.6859111964865925,0.2008978675645342,0.24923076923076926,0.2865497076023392,0.26836581709145435,0.21704534560444833,0.04732122673498606,1,"(1, 9)",89594
"woe_enc,most_freq_imp,max_abs_scale,k_best_sel,no_samp",0.8953184161432404,0.7895814466275545,1.5975111712239456,0.18518518518518523,0.23100303951367784,0.26023391812865493,0.24590163934426224,0.19933371680567524,0.05661079641282728,1,"(1, 9)",89594
"target_enc,most_freq_imp,under_samp,no_sel,min_max_scale",0.8068440130245131,0.601803362601882,1.4409237329722524,0.21198830409356728,0.21613832853025938,0.20467836257309946,0.2104499274310596,0.21198830409356728,0.17298488664987408,1,"(1, 9)",89594
"woe_enc,median_imp,no_sel,max_abs_scale,no_samp",0.8631897912550089,0.7761152892073867,1.4831428295682603,0.17732884399551063,0.2142857142857143,0.26023391812865493,0.23795180722891562,0.1929584891189723,0.0621398115776028,1,"(1, 9)",89594
"loo_enc,median_imp,k_best_sel,no_scale,over_samp",0.8082967032967032,0.6071653142497829,1.4310019714197733,0.20765027322404372,0.20976491862567814,0.20400728597449913,0.206896551724138,0.2076502732240436,0.17700699300699302,1,"(1, 9)",89594
"target_enc,median_imp,no_sel,max_abs_scale,no_samp",0.8912450739052203,0.8311611607670197,1.6020538483263738,0.18855218855218858,0.22812500000000002,0.2777777777777778,0.2537764350453172,0.2053734061930783,0.048126009502587865,2,"(1, 9)",89594
"target_enc,median_imp,k_best_sel,no_scale,over_samp",0.8107643683451472,0.600250626566416,1.4283607880099107,0.20127504553734066,0.20503597122302153,0.19489981785063748,0.19999999999999996,0.20127504553734066,0.1711785187741146,2,"(1, 9)",89594
"loo_enc,most_freq_imp,under_samp,no_sel,min_max_scale",0.7765927539796886,0.5742804268220656,1.33839872675025,0.20906432748538006,0.2165242165242165,0.19590643274853803,0.2063492063492064,0.20906432748538006,0.1952698273978589,2,"(1, 9)",89594
"ordinal_enc,median_imp,no_sel,min_max_scale,no_samp",0.8782247292717659,0.8415167145725873,1.6140713204605266,0.20314253647586977,0.24764890282131657,0.29824561403508776,0.27382753403933435,0.2210718051960502,0.052362319617407255,2,"(1, 9)",89594
"woe_enc,median_imp,no_sel,max_abs_scale,no_samp",0.8631897912550089,0.7761152892073867,1.4831428295682603,0.17732884399551063,0.2142857142857143,0.26023391812865493,0.23795180722891562,0.1929584891189723,0.0621398115776028,2,"(1, 9)",89594
"target_enc,most_freq_imp,under_samp,no_sel,min_max_scale",0.8234441301272984,0.5871559633027523,1.448749904882269,0.1900584795321637,0.19186046511627908,0.1871345029239766,0.18950437317784263,0.1900584795321637,0.16763770239839867,2,"(1, 9)",89594
"woe_enc,most_freq_imp,max_abs_scale,k_best_sel,no_samp",0.8953184161432404,0.7895814466275545,1.5975111712239456,0.18518518518518523,0.23100303951367784,0.26023391812865493,0.24590163934426224,0.19933371680567524,0.05661079641282728,2,"(1, 9)",89594
"woe_enc,median_imp,no_sel,no_scale,over_samp",0.7839557021516586,0.5641405653170359,1.285887953731091,0.18670309653916206,0.17910447761194026,0.19854280510018218,0.18894009216589858,0.18670309653916217,0.17239015202087085,2,"(1, 9)",89594
"loo_enc,median_imp,k_best_sel,no_scale,over_samp",0.8418021864462091,0.6694768630658403,1.510407537329848,0.20218579234972678,0.19889502762430944,0.20765027322404372,0.20329670329670335,0.20218579234972678,0.14154678129441536,2,"(1, 9)",89594
"ordinal_enc,most_freq_imp,max_abs_scale,k_best_sel,no_samp",0.9071686407842012,0.8452179391266685,1.6859111964865925,0.2008978675645342,0.24923076923076926,0.2865497076023392,0.26836581709145435,0.21704534560444833,0.04732122673498606,2,"(1, 9)",89594
"target_enc,most_freq_imp,under_samp,no_sel,min_max_scale",0.8170426065162907,0.5645154939559791,1.4220751756535919,0.1900584795321637,0.1936416184971098,0.1842105263157895,0.18895348837209303,0.1900584795321637,0.1683673469387755,3,"(1, 9)",89594
"target_enc,median_imp,no_sel,max_abs_scale,no_samp",0.8912450739052203,0.8311611607670197,1.6020538483263738,0.18855218855218858,0.22812500000000002,0.2777777777777778,0.2537764350453172,0.2053734061930783,0.048126009502587865,3,"(1, 9)",89594
"target_enc,median_imp,no_sel,no_scale,over_samp",0.7884983719593948,0.594869607604192,1.3306245933591776,0.19854280510018218,0.1918063314711359,0.20947176684881608,0.20073664825046045,0.19854280510018218,0.17134661835748793,3,"(1, 9)",89594
"woe_enc,median_imp,no_sel,max_abs_scale,no_samp",0.8631897912550089,0.7761152892073867,1.4831428295682603,0.17732884399551063,0.2142857142857143,0.26023391812865493,0.23795180722891562,0.1929584891189723,0.0621398115776028,3,"(1, 9)",89594
"target_enc,median_imp,k_best_sel,no_scale,over_samp",0.8216933361030045,0.6258953597010277,1.462552529691531,0.2030965391621129,0.20146520146520142,0.20582877959927137,0.20365296803652955,0.2030965391621128,0.15634604021495527,3,"(1, 9)",89594
"loo_enc,most_freq_imp,under_samp,no_sel,min_max_scale",0.82171346241698,0.6336181438752609,1.4905091799789365,0.2149122807017544,0.21739130434782605,0.21052631578947367,0.2139737991266376,0.2149122807017544,0.16366530159695275,3,"(1, 9)",89594
"ordinal_enc,most_freq_imp,max_abs_scale,k_best_sel,no_samp",0.9071686407842012,0.8452179391266685,1.6859111964865925,0.2008978675645342,0.24923076923076926,0.2865497076023392,0.26836581709145435,0.21704534560444833,0.04732122673498606,3,"(1, 9)",89594
"woe_enc,most_freq_imp,max_abs_scale,k_best_sel,no_samp",0.8953184161432404,0.7895814466275545,1.5975111712239456,0.18518518518518523,0.23100303951367784,0.26023391812865493,0.24590163934426224,0.19933371680567524,0.05661079641282728,3,"(1, 9)",89594
"ordinal_enc,median_imp,no_sel,min_max_scale,no_samp",0.8782247292717659,0.8415167145725873,1.6140713204605266,0.20314253647586977,0.24764890282131657,0.29824561403508776,0.27382753403933435,0.2210718051960502,0.052362319617407255,3,"(1, 9)",89594
"woe_enc,median_imp,k_best_sel,max_abs_scale,no_samp",0.8921337027674442,0.7895814466275545,1.5851654922115999,0.18406285072951745,0.22865853658536583,0.26023391812865493,0.24477611940298516,0.19842296999328912,0.05680140515495801,3,"(1, 9)",89594
"woe_enc,median_imp,k_best_sel,max_abs_scale,no_samp",0.8921337027674442,0.7895814466275545,1.5851654922115999,0.18406285072951745,0.22865853658536583,0.26023391812865493,0.24477611940298516,0.19842296999328912,0.05680140515495801,4,"(1, 9)",89594
"target_enc,median_imp,no_sel,no_scale,over_samp",0.8173776747989642,0.6521185783020331,1.4028308290142837,0.19763205828779595,0.18320610687022898,0.22040072859744986,0.20223671947809863,0.19763205828779595,0.14156682555359928,4,"(1, 9)",89594
"woe_enc,median_imp,no_sel,min_max_scale,no_samp",0.8649228935080419,0.7852896011339922,1.492317141494866,0.17845117845117842,0.2149532710280374,0.26315789473684215,0.23981900452488691,0.1944204774230659,0.06025678698434211,4,"(1, 9)",89594
"ordinal_enc,median_imp,k_best_sel,max_abs_scale,no_samp",0.9054355385311682,0.836043627200063,1.676736884559987,0.19977553310886642,0.24846625766871167,0.283625730994152,0.2664670658682634,0.21558335730035472,0.04914127391710091,4,"(1, 9)",89594
"loo_enc,median_imp,under_samp,no_sel,min_max_scale",0.8000707213578502,0.5877465842422334,1.4401086469901598,0.20906432748538006,0.2165242165242165,0.19590643274853803,0.2063492063492064,0.20906432748538006,0.18833405079638396,4,"(1, 9)",89594
"target_enc,most_freq_imp,no_sel,no_scale,over_samp",0.7814062516064251,0.6123659972821983,1.314882616465484,0.20491803278688525,0.1966292134831461,0.21857923497267762,0.2077562326869805,0.20491803278688525,0.17467395907611782,4,"(1, 9)",89594
"target_enc,median_imp,no_sel,max_abs_scale,no_samp",0.8912450739052203,0.8311611607670197,1.6020538483263738,0.18855218855218858,0.22812500000000002,0.2777777777777778,0.2537764350453172,0.2053734061930783,0.048126009502587865,4,"(1, 9)",89594
"ordinal_enc,median_imp,no_sel,min_max_scale,no_samp",0.8782247292717659,0.8415167145725873,1.6140713204605266,0.20314253647586977,0.24764890282131657,0.29824561403508776,0.27382753403933435,0.2210718051960502,0.052362319617407255,4,"(1, 9)",89594
"woe_enc,median_imp,no_sel,max_abs_scale,no_samp",0.8631897912550089,0.7761152892073867,1.4831428295682603,0.17732884399551063,0.2142857142857143,0.26023391812865493,0.23795180722891562,0.1929584891189723,0.0621398115776028,4,"(1, 9)",89594
"target_enc,most_freq_imp,under_samp,no_sel,min_max_scale",0.8499486125385407,0.6697247706422018,1.5512062521236833,0.20175438596491224,0.1946107784431138,0.21345029239766078,0.20414201183431957,0.20175438596491213,0.14389233954451344,4,"(1, 9)",89594
"target_enc,median_imp,no_sel,no_scale,over_samp",0.804047550211731,0.6216415336865536,1.3595332715782913,0.19398907103825136,0.18888888888888888,0.20218579234972678,0.1955922865013775,0.19398907103825136,0.15965233465455647,5,"(1, 9)",89594
"target_enc,most_freq_imp,no_sel,no_scale,over_samp",0.8106303709344066,0.6409607096794488,1.3729170249690976,0.19398907103825136,0.1842105263157895,0.20947176684881608,0.19703977798334882,0.19398907103825147,0.14902151105528355,5,"(1, 9)",89594
"target_enc,most_freq_imp,no_sel,no_scale,no_samp",0.8232842839638367,0.7540654408000945,1.4005516706196577,0.18855218855218858,0.2347560975609756,0.26608187134502925,0.25074626865671634,0.2031684402262487,0.08653263192705048,5,"(1, 9)",89594
"woe_enc,median_imp,k_best_sel,max_abs_scale,over_samp",0.7900245633187772,0.5126457343778916,1.3939372823361063,0.19763205828779595,0.21280276816609,0.17122040072859745,0.1925465838509317,0.19763205828779606,0.19948838495575222,5,"(1, 9)",89594
"loo_enc,median_imp,no_sel,max_abs_scale,no_samp",0.8912450739052203,0.8311611607670197,1.6020538483263738,0.18855218855218858,0.22812500000000002,0.2777777777777778,0.2537764350453172,0.2053734061930783,0.048126009502587865,5,"(1, 9)",89594
"woe_enc,median_imp,under_samp,no_sel,min_max_scale",0.8265925761280284,0.6152695200220499,1.4500314247839547,0.1885964912280702,0.17824773413897277,0.20467836257309946,0.19167904903417532,0.1885964912280702,0.1549704147390044,5,"(1, 9)",89594
"woe_enc,median_imp,k_best_sel,max_abs_scale,no_samp",0.8921337027674442,0.7895814466275545,1.5851654922115999,0.18406285072951745,0.22865853658536583,0.26023391812865493,0.24477611940298516,0.19842296999328912,0.05680140515495801,5,"(1, 9)",89594
"target_enc,median_imp,no_sel,max_abs_scale,no_samp",0.8912450739052203,0.8311611607670197,1.6020538483263738,0.18855218855218858,0.22812500000000002,0.2777777777777778,0.2537764350453172,0.2053734061930783,0.048126009502587865,5,"(1, 9)",89594
"woe_enc,median_imp,no_sel,max_abs_scale,no_samp",0.8631897912550089,0.7761152892073867,1.4831428295682603,0.17732884399551063,0.2142857142857143,0.26023391812865493,0.23795180722891562,0.1929584891189723,0.0621398115776028,5,"(1, 9)",89594
"woe_enc,median_imp,no_sel,min_max_scale,no_samp",0.8649228935080419,0.7852896011339922,1.492317141494866,0.17845117845117842,0.2149532710280374,0.26315789473684215,0.23981900452488691,0.1944204774230659,0.06025678698434211,5,"(1, 9)",89594
"woe_enc,median_imp,no_sel,max_abs_scale,over_samp",0.7986544384603473,0.5916691416691418,1.3810803477470146,0.20218579234972678,0.1955307262569832,0.21311475409836067,0.20441988950276235,0.20218579234972678,0.17155891581618993,6,"(1, 9)",89594
"woe_enc,median_imp,under_samp,k_best_sel,min_max_scale",0.8330746236883422,0.6012127416624011,1.5046599655794237,0.19298245614035092,0.19117647058823528,0.19590643274853803,0.19354838709677413,0.1929824561403508,0.16086665177574266,6,"(1, 9)",89594
"woe_enc,most_freq_imp,k_best_sel,max_abs_scale,no_samp",0.8953184161432404,0.7895814466275545,1.5975111712239456,0.18518518518518523,0.23100303951367784,0.26023391812865493,0.24590163934426224,0.19933371680567524,0.05661079641282728,6,"(1, 9)",89594
"target_enc,median_imp,no_sel,no_scale,over_samp",0.7597801865250763,0.5432995830851697,1.2662340560196426,0.20127504553734066,0.1996336996336996,0.20400728597449913,0.20182648401826486,0.20127504553734066,0.1989078884392812,6,"(1, 9)",89594
"woe_enc,most_freq_imp,under_samp,no_sel,min_max_scale",0.802394263597188,0.6109776745284876,1.4130610078618209,0.21052631578947367,0.21220930232558144,0.20760233918128657,0.20991253644314867,0.21052631578947367,0.17162894369642823,6,"(1, 9)",89594
"woe_enc,median_imp,no_sel,min_max_scale,no_samp",0.8649228935080419,0.7852896011339922,1.492317141494866,0.17845117845117842,0.2149532710280374,0.26315789473684215,0.23981900452488691,0.1944204774230659,0.06025678698434211,6,"(1, 9)",89594
"woe_enc,median_imp,k_best_sel,max_abs_scale,over_samp",0.8034661572052402,0.5470205416075504,1.4019588132124885,0.19307832422586524,0.2028218694885362,0.1766848816029144,0.18996415770609332,0.19307832422586524,0.1840631929046563,6,"(1, 9)",89594
"target_enc,median_imp,no_sel,norm_scale,no_samp",0.19584055459272098,0.6055045871559633,0.7550772367286129,0.31200897867564537,0.3677685950413223,0.5526315789473684,0.476027397260274,0.35737225577605214,-1.0,6,"(1, 9)",89594
"woe_enc,median_imp,no_sel,max_abs_scale,no_samp",0.8631897912550089,0.7761152892073867,1.4831428295682603,0.17732884399551063,0.2142857142857143,0.26023391812865493,0.23795180722891562,0.1929584891189723,0.0621398115776028,6,"(1, 9)",89594
"woe_enc,median_imp,under_samp,no_sel,min_max_scale",0.8131702545755752,0.5969208961688389,1.4215784304154142,0.19736842105263153,0.19648093841642233,0.19883040935672514,0.19765739385065884,0.19736842105263153,0.1662058621562037,6,"(1, 9)",89594
"woe_enc,median_imp,no_sel,min_max_scale,no_samp",0.8649228935080419,0.7852896011339922,1.492317141494866,0.17845117845117842,0.2149532710280374,0.26315789473684215,0.23981900452488691,0.1944204774230659,0.06025678698434211,7,"(1, 9)",89594
"woe_enc,median_imp,k_best_sel,max_abs_scale,over_samp",0.7855123784673688,0.5817460317460318,1.398697598697599,0.21766848816029138,0.2241992882562278,0.20582877959927137,0.2151215121512151,0.2176684881602915,0.19997469075263372,7,"(1, 9)",89594
"woe_enc,median_imp,under_samp,k_best_sel,min_max_scale",0.8194366197183098,0.6146788990825688,1.4665082906330034,0.20614035087719296,0.21203438395415475,0.19590643274853803,0.20405209840810423,0.20614035087719285,0.1718149466192171,7,"(1, 9)",89594
"woe_enc,median_imp,k_best_sel,max_abs_scale,no_samp",0.8921337027674442,0.7895814466275545,1.5851654922115999,0.18406285072951745,0.22865853658536583,0.26023391812865493,0.24477611940298516,0.19842296999328912,0.05680140515495801,7,"(1, 9)",89594
"woe_enc,most_freq_imp,under_samp,no_sel,min_max_scale",0.8124272255742564,0.5742804268220656,1.4073931941132825,0.1900584795321637,0.18639053254437865,0.19590643274853803,0.19117647058823528,0.1900584795321637,0.16385227148926898,7,"(1, 9)",89594
"count_enc,median_imp,no_sel,max_abs_scale,over_samp",0.8145187735694377,0.6038620689655173,1.426036807806923,0.19854280510018218,0.19963702359346647,0.19672131147540983,0.19818181818181813,0.19854280510018207,0.1672184736599472,7,"(1, 9)",89594
"woe_enc,median_imp,no_sel,max_abs_scale,no_samp",0.8631897912550089,0.7761152892073867,1.4831428295682603,0.17732884399551063,0.2142857142857143,0.26023391812865493,0.23795180722891562,0.1929584891189723,0.0621398115776028,7,"(1, 9)",89594
"woe_enc,most_freq_imp,k_best_sel,max_abs_scale,no_samp",0.8953184161432404,0.7895814466275545,1.5975111712239456,0.18518518518518523,0.23100303951367784,0.26023391812865493,0.24590163934426224,0.19933371680567524,0.05661079641282728,7,"(1, 9)",89594
"woe_enc,median_imp,no_sel,max_abs_scale,over_samp",0.7952350024227054,0.5683060109289617,1.3721996481559322,0.19854280510018218,0.19408502772643255,0.20582877959927137,0.20000000000000007,0.19854280510018207,0.1752435125685631,7,"(1, 9)",89594
"woe_enc,median_imp,under_samp,min_max_scale,k_best_sel",0.8152323488938288,0.6103870535890066,1.4740075871266538,0.20906432748538006,0.21489971346704873,0.19883040935672514,0.20694645441389292,0.20906432748538006,0.17600171187075375,7,"(1, 9)",89594
"woe_enc,median_imp,no_samp,max_abs_scale,k_best_sel",0.8921337027674442,0.7895814466275545,1.5851654922115999,0.18406285072951745,0.22865853658536583,0.26023391812865493,0.24477611940298516,0.19842296999328912,0.05680140515495801,8,"(1, 9)",89594
"woe_enc,median_imp,k_best_sel,min_max_scale,under_samp",0.8083942088242291,0.5645154939559791,1.4520497405313215,0.20321637426900585,0.21408450704225357,0.1842105263157895,0.19942611190817783,0.20321637426900574,0.18585209573929945,8,"(1, 9)",89594
"woe_enc,median_imp,over_samp,no_sel,max_abs_scale",0.8031864082969432,0.5623187958793412,1.370485937379816,0.1885245901639344,0.18795620437956206,0.18943533697632053,0.1886964448495897,0.18852459016393452,0.16961766365688488,8,"(1, 9)",89594
"count_enc,median_imp,no_sel,max_abs_scale,no_samp",0.8626268089944695,0.7675315982202623,1.51539484608351,0.18855218855218858,0.2347560975609756,0.26608187134502925,0.25074626865671634,0.2031684402262487,0.06919306520871672,8,"(1, 9)",89594
"woe_enc,median_imp,k_best_sel,max_abs_scale,over_samp",0.805603201829617,0.56285151856018,1.4011706068792682,0.19307832422586524,0.20386643233743407,0.17486338797814205,0.1896243291592128,0.19307832422586513,0.1820029027576197,8,"(1, 9)",89594
"woe_enc,median_imp,no_sel,min_max_scale,no_samp",0.8649228935080419,0.7852896011339922,1.492317141494866,0.17845117845117842,0.2149532710280374,0.26315789473684215,0.23981900452488691,0.1944204774230659,0.06025678698434211,8,"(1, 9)",89594
"woe_enc,most_freq_imp,under_samp,no_sel,min_max_scale",0.7907143795716352,0.5785722723156279,1.3517990455424012,0.20175438596491224,0.2068965517241379,0.19298245614035092,0.19999999999999996,0.20175438596491235,0.18094460323941744,8,"(1, 9)",89594
"woe_enc,median_imp,k_best_sel,max_abs_scale,no_samp",0.8921337027674442,0.7895814466275545,1.5851654922115999,0.18406285072951745,0.22865853658536583,0.26023391812865493,0.24477611940298516,0.19842296999328912,0.05680140515495801,8,"(1, 9)",89594
"woe_enc,median_imp,no_sel,max_abs_scale,no_samp",0.8631897912550089,0.7761152892073867,1.4831428295682603,0.17732884399551063,0.2142857142857143,0.26023391812865493,0.23795180722891562,0.1929584891189723,0.0621398115776028,8,"(1, 9)",89594
"woe_enc,median_imp,no_sel,max_abs_scale,over_samp",0.8128735225109567,0.5923699781999378,1.4043357901657498,0.192167577413479,0.19494584837545126,0.1876138433515483,0.1912964641885766,0.19216757741347912,0.16725623582766438,8,"(1, 9)",89594
"woe_enc,median_imp,k_best_sel,max_abs_scale,no_samp",0.8921337027674442,0.7895814466275545,1.5851654922115999,0.18406285072951745,0.22865853658536583,0.26023391812865493,0.24477611940298516,0.19842296999328912,0.05680140515495801,9,"(1, 9)",89594
"count_enc,median_imp,k_best_sel,min_max_scale,under_samp",0.8393631394434977,0.6654329251486396,1.5247016326316327,0.20760233918128657,0.20238095238095233,0.216374269005848,0.20943952802359866,0.20760233918128657,0.14851609319991757,9,"(1, 9)",89594
"woe_enc,median_imp,no_sel,max_abs_scale,no_samp",0.8631897912550089,0.7761152892073867,1.4831428295682603,0.17732884399551063,0.2142857142857143,0.26023391812865493,0.23795180722891562,0.1929584891189723,0.0621398115776028,9,"(1, 9)",89594
"woe_enc,median_imp,k_best_sel,max_abs_scale,over_samp",0.8139449090014756,0.589287356321839,1.442088875790025,0.20036429872495443,0.20677361853832443,0.18943533697632053,0.19819819819819828,0.20036429872495454,0.175202492211838,9,"(1, 9)",89594
"woe_enc,median_imp,no_samp,max_abs_scale,k_best_sel",0.8921337027674442,0.7895814466275545,1.5851654922115999,0.18406285072951745,0.22865853658536583,0.26023391812865493,0.24477611940298516,0.19842296999328912,0.05680140515495801,9,"(1, 9)",89594
"woe_enc,median_imp,no_sel,max_abs_scale,over_samp",0.827538503475535,0.6070929691137669,1.438289550310348,0.18943533697632053,0.18367346938775508,0.19854280510018218,0.19117647058823517,0.18943533697632065,0.14839438121085888,9,"(1, 9)",89594
"count_enc,median_imp,no_sel,max_abs_scale,no_samp",0.8626268089944695,0.7675315982202623,1.51539484608351,0.18855218855218858,0.2347560975609756,0.26608187134502925,0.25074626865671634,0.2031684402262487,0.06919306520871672,9,"(1, 9)",89594
"ordinal_enc,median_imp,over_samp,no_sel,max_abs_scale",0.8528470189071606,0.7362752863758225,1.5831413832419194,0.22404371584699456,0.2125237191650854,0.24408014571949,0.22862453531598503,0.22404371584699456,0.1299043896992114,9,"(1, 9)",89594
"woe_enc,median_imp,no_sel,min_max_scale,no_samp",0.8649228935080419,0.7852896011339922,1.492317141494866,0.17845117845117842,0.2149532710280374,0.26315789473684215,0.23981900452488691,0.1944204774230659,0.06025678698434211,9,"(1, 9)",89594
"woe_enc,median_imp,over_samp,no_sel,max_abs_scale",0.7979586817511067,0.5702068965517241,1.3902448832563774,0.1994535519125683,0.20108695652173914,0.19672131147540983,0.19891008174386926,0.1994535519125683,0.17676660887216136,9,"(1, 9)",89594
"woe_enc,median_imp,no_sel,max_abs_scale,over_samp",0.7839197531923363,0.5415265433581552,1.3121818140134258,0.18943533697632053,0.19279279279279282,0.1839708561020036,0.1884057971014491,0.18943533697632065,0.19085064555549652,10,"(1, 9)",89594
"woe_enc,median_imp,k_best_sel,min_max_scale,no_samp",0.8921337027674442,0.817104382407371,1.60627817158116,0.19079685746352415,0.23780487804878048,0.26900584795321636,0.25373134328358204,0.20554117534272842,0.05680140515495801,10,"(1, 9)",89594
"woe_enc,median_imp,no_sel,min_max_scale,no_samp",0.8649228935080419,0.7852896011339922,1.492317141494866,0.17845117845117842,0.2149532710280374,0.26315789473684215,0.23981900452488691,0.1944204774230659,0.06025678698434211,10,"(1, 9)",89594
"woe_enc,median_imp,no_samp,max_abs_scale,k_best_sel",0.8921337027674442,0.7895814466275545,1.5851654922115999,0.18406285072951745,0.22865853658536583,0.26023391812865493,0.24477611940298516,0.19842296999328912,0.05680140515495801,10,"(1, 9)",89594
"woe_enc,median_imp,k_best_sel,max_abs_scale,over_samp",0.8071394190559744,0.578957077850203,1.431758597318389,0.20218579234972678,0.20751341681574242,0.19307832422586524,0.20036101083032498,0.20218579234972667,0.17664572654334748,10,"(1, 9)",89594
"count_enc,median_imp,k_best_sel,min_max_scale,under_samp",0.8296296296296296,0.6697247706422018,1.5582382841557152,0.2222222222222222,0.2270114942528736,0.21345029239766078,0.22028985507246368,0.2222222222222221,0.17037037037037037,10,"(1, 9)",89594
"woe_enc,median_imp,no_sel,max_abs_scale,no_samp",0.8631897912550089,0.7761152892073867,1.4831428295682603,0.17732884399551063,0.2142857142857143,0.26023391812865493,0.23795180722891562,0.1929584891189723,0.0621398115776028,10,"(1, 9)",89594
"woe_enc,median_imp,over_samp,no_sel,max_abs_scale",0.8027053054006724,0.5815491469122753,1.4160695647660264,0.20400728597449913,0.20292504570383907,0.20582877959927137,0.2043795620437956,0.20400728597449902,0.17347010790935333,10,"(1, 9)",89594
"count_enc,median_imp,no_sel,max_abs_scale,no_samp",0.8626268089944695,0.7675315982202623,1.51539484608351,0.18855218855218858,0.2347560975609756,0.26608187134502925,0.25074626865671634,0.2031684402262487,0.06919306520871672,10,"(1, 9)",89594
"woe_enc,median_imp,k_best_sel,max_abs_scale,no_samp",0.8921337027674442,0.7895814466275545,1.5851654922115999,0.18406285072951745,0.22865853658536583,0.26023391812865493,0.24477611940298516,0.19842296999328912,0.05680140515495801,10,"(1, 9)",89594
"woe_enc,median_imp,no_samp,max_abs_scale,no_sel",0.8631897912550089,0.7761152892073867,1.4831428295682603,0.17732884399551063,0.2142857142857143,0.26023391812865493,0.23795180722891562,0.1929584891189723,0.0621398115776028,11,"(1, 9)",89594
"count_enc,median_imp,k_best_sel,max_abs_scale,no_samp",0.9005177229023391,0.8219868488404142,1.640125500312399,0.19304152637485972,0.23926380368098155,0.2748538011695907,0.2574850299401197,0.20846515195091553,0.051132332243843996,11,"(1, 9)",89594
"woe_enc,median_imp,no_sel,min_max_scale,no_samp",0.8649228935080419,0.7852896011339922,1.492317141494866,0.17845117845117842,0.2149532710280374,0.26315789473684215,0.23981900452488691,0.1944204774230659,0.06025678698434211,11,"(1, 9)",89594
"woe_enc,median_imp,k_best_sel,max_abs_scale,no_samp",0.8921337027674442,0.7895814466275545,1.5851654922115999,0.18406285072951745,0.22865853658536583,0.26023391812865493,0.24477611940298516,0.19842296999328912,0.05680140515495801,11,"(1, 9)",89594
"woe_enc,median_imp,no_sel,max_abs_scale,no_samp",0.8631897912550089,0.7761152892073867,1.4831428295682603,0.17732884399551063,0.2142857142857143,0.26023391812865493,0.23795180722891562,0.1929584891189723,0.0621398115776028,11,"(1, 9)",89594
"woe_enc,median_imp,no_samp,max_abs_scale,k_best_sel",0.8921337027674442,0.7895814466275545,1.5851654922115999,0.18406285072951745,0.22865853658536583,0.26023391812865493,0.24477611940298516,0.19842296999328912,0.05680140515495801,11,"(1, 9)",89594
"woe_enc,median_imp,no_sel,max_abs_scale,over_samp",0.8005236408439858,0.565518498268635,1.397902163985634,0.19854280510018218,0.20180180180180185,0.19307832422586524,0.19746376811594202,0.19854280510018218,0.1795538251078607,11,"(1, 9)",89594
"woe_enc,median_imp,k_best_sel,min_max_scale,no_samp",0.8921337027674442,0.817104382407371,1.60627817158116,0.19079685746352415,0.23780487804878048,0.26900584795321636,0.25373134328358204,0.20554117534272842,0.05680140515495801,11,"(1, 9)",89594
"woe_enc,median_imp,over_samp,no_sel,max_abs_scale",0.7711303699562018,0.5338624338624339,1.3265974765974766,0.20400728597449913,0.2093023255813954,0.19489981785063748,0.20216606498194956,0.20400728597449902,0.2054474459096146,11,"(1, 9)",89594
"count_enc,median_imp,no_sel,max_abs_scale,no_samp",0.8626268089944695,0.7675315982202623,1.51539484608351,0.18855218855218858,0.2347560975609756,0.26608187134502925,0.25074626865671634,0.2031684402262487,0.06919306520871672,11,"(1, 9)",89594
"woe_enc,median_imp,no_samp,max_abs_scale,k_best_sel",0.8921337027674442,0.7895814466275545,1.5851654922115999,0.18406285072951745,0.22865853658536583,0.26023391812865493,0.24477611940298516,0.19842296999328912,0.05680140515495801,12,"(1, 9)",89594
"woe_enc,median_imp,no_samp,max_abs_scale,no_sel",0.8631897912550089,0.7761152892073867,1.4831428295682603,0.17732884399551063,0.2142857142857143,0.26023391812865493,0.23795180722891562,0.1929584891189723,0.0621398115776028,12,"(1, 9)",89594
"woe_enc,median_imp,no_sel,max_abs_scale,no_samp",0.8631897912550089,0.7761152892073867,1.4831428295682603,0.17732884399551063,0.2142857142857143,0.26023391812865493,0.23795180722891562,0.1929584891189723,0.0621398115776028,12,"(1, 9)",89594
"woe_enc,median_imp,no_sel,min_max_scale,no_samp",0.8649228935080419,0.7852896011339922,1.492317141494866,0.17845117845117842,0.2149532710280374,0.26315789473684215,0.23981900452488691,0.1944204774230659,0.06025678698434211,12,"(1, 9)",89594
"woe_enc,median_imp,k_best_sel,max_abs_scale,no_samp",0.8921337027674442,0.7895814466275545,1.5851654922115999,0.18406285072951745,0.22865853658536583,0.26023391812865493,0.24477611940298516,0.19842296999328912,0.05680140515495801,12,"(1, 9)",89594
"woe_enc,median_imp,over_samp,no_sel,max_abs_scale",0.7789766483516483,0.5385513668892415,1.2989977106689188,0.19034608378870677,0.19090909090909092,0.18943533697632053,0.19017288444040026,0.19034608378870677,0.19029805461359986,12,"(1, 9)",89594
"count_enc,median_imp,no_sel,max_abs_scale,no_samp",0.8626268089944695,0.7675315982202623,1.51539484608351,0.18855218855218858,0.2347560975609756,0.26608187134502925,0.25074626865671634,0.2031684402262487,0.06919306520871672,12,"(1, 9)",89594
"woe_enc,median_imp,no_sel,max_abs_scale,over_samp",0.7929622305918155,0.5647893703759626,1.3644095033294288,0.19763205828779595,0.19597069597069594,0.20036429872495443,0.19817351598173527,0.19763205828779606,0.17787134253584183,12,"(1, 9)",89594
"woe_enc,median_imp,k_best_sel,min_max_scale,no_samp",0.8921337027674442,0.817104382407371,1.60627817158116,0.19079685746352415,0.23780487804878048,0.26900584795321636,0.25373134328358204,0.20554117534272842,0.05680140515495801,12,"(1, 9)",89594
"woe_enc,median_imp,no_sel,norm_scale,no_samp",0.1854419410745234,0.6146788990825688,0.7535677879714577,0.303030303030303,0.3548387096774194,0.5321637426900585,0.4576271186440678,0.346227590835011,-1.0,12,"(1, 9)",89594
"woe_enc,median_imp,no_sel,max_abs_scale,no_samp",0.8631897912550089,0.7761152892073867,1.4831428295682603,0.17732884399551063,0.2142857142857143,0.26023391812865493,0.23795180722891562,0.1929584891189723,0.0621398115776028,13,"(1, 9)",89594
"woe_enc,median_imp,no_samp,max_abs_scale,k_best_sel",0.8921337027674442,0.7895814466275545,1.5851654922115999,0.18406285072951745,0.22865853658536583,0.26023391812865493,0.24477611940298516,0.19842296999328912,0.05680140515495801,13,"(1, 9)",89594
"woe_enc,median_imp,k_best_sel,max_abs_scale,no_samp",0.8921337027674442,0.7895814466275545,1.5851654922115999,0.18406285072951745,0.22865853658536583,0.26023391812865493,0.24477611940298516,0.19842296999328912,0.05680140515495801,13,"(1, 9)",89594
"woe_enc,median_imp,k_best_sel,min_max_scale,no_samp",0.8921337027674442,0.817104382407371,1.60627817158116,0.19079685746352415,0.23780487804878048,0.26900584795321636,0.25373134328358204,0.20554117534272842,0.05680140515495801,13,"(1, 9)",89594
"woe_enc,median_imp,over_samp,no_sel,max_abs_scale",0.7810770573438062,0.5345817386550027,1.3073737614470256,0.18943533697632053,0.1916817359855335,0.18579234972677594,0.18874773139745904,0.18943533697632053,0.1884681032643482,13,"(1, 9)",89594
"woe_enc,median_imp,no_samp,max_abs_scale,no_sel",0.8631897912550089,0.7761152892073867,1.4831428295682603,0.17732884399551063,0.2142857142857143,0.26023391812865493,0.23795180722891562,0.1929584891189723,0.0621398115776028,13,"(1, 9)",89594
"woe_enc,median_imp,no_sel,norm_scale,no_samp",0.1854419410745234,0.6146788990825688,0.7535677879714577,0.303030303030303,0.3548387096774194,0.5321637426900585,0.4576271186440678,0.346227590835011,-1.0,13,"(1, 9)",89594
"count_enc,median_imp,no_sel,max_abs_scale,no_samp",0.8626268089944695,0.7675315982202623,1.51539484608351,0.18855218855218858,0.2347560975609756,0.26608187134502925,0.25074626865671634,0.2031684402262487,0.06919306520871672,13,"(1, 9)",89594
"woe_enc,median_imp,no_sel,min_max_scale,no_samp",0.8649228935080419,0.7852896011339922,1.492317141494866,0.17845117845117842,0.2149532710280374,0.26315789473684215,0.23981900452488691,0.1944204774230659,0.06025678698434211,13,"(1, 9)",89594
"count_enc,median_imp,no_samp,no_sel,max_abs_scale",0.8626268089944695,0.7675315982202623,1.51539484608351,0.18855218855218858,0.2347560975609756,0.26608187134502925,0.25074626865671634,0.2031684402262487,0.06919306520871672,13,"(1, 9)",89594
"woe_enc,median_imp,no_sel,max_abs_scale,no_samp",0.8631897912550089,0.7761152892073867,1.4831428295682603,0.17732884399551063,0.2142857142857143,0.26023391812865493,0.23795180722891562,0.1929584891189723,0.0621398115776028,14,"(1, 9)",89594
"woe_enc,median_imp,no_samp,max_abs_scale,k_best_sel",0.8921337027674442,0.7895814466275545,1.5851654922115999,0.18406285072951745,0.22865853658536583,0.26023391812865493,0.24477611940298516,0.19842296999328912,0.05680140515495801,14,"(1, 9)",89594
"woe_enc,median_imp,no_samp,k_best_sel,max_abs_scale",0.8921337027674442,0.7895814466275545,1.5851654922115999,0.18406285072951745,0.22865853658536583,0.26023391812865493,0.24477611940298516,0.19842296999328912,0.05680140515495801,14,"(1, 9)",89594
"woe_enc,median_imp,over_samp,max_abs_scale,no_sel",0.8038605677909543,0.5429196282121378,1.3698427051352147,0.18488160291438982,0.18430656934306566,0.18579234972677594,0.18505013673655424,0.18488160291438982,0.1723890063424947,14,"(1, 9)",89594
"count_enc,median_imp,no_samp,max_abs_scale,no_sel",0.8626268089944695,0.7675315982202623,1.51539484608351,0.18855218855218858,0.2347560975609756,0.26608187134502925,0.25074626865671634,0.2031684402262487,0.06919306520871672,14,"(1, 9)",89594
"woe_enc,median_imp,no_samp,max_abs_scale,no_sel",0.8631897912550089,0.7761152892073867,1.4831428295682603,0.17732884399551063,0.2142857142857143,0.26023391812865493,0.23795180722891562,0.1929584891189723,0.0621398115776028,14,"(1, 9)",89594
"woe_enc,median_imp,k_best_sel,max_abs_scale,no_samp",0.8921337027674442,0.7895814466275545,1.5851654922115999,0.18406285072951745,0.22865853658536583,0.26023391812865493,0.24477611940298516,0.19842296999328912,0.05680140515495801,14,"(1, 9)",89594
"woe_enc,median_imp,over_samp,no_sel,max_abs_scale",0.8225620036984662,0.6220862562521626,1.4200444708770439,0.1912568306010929,0.18669131238447323,0.19854280510018218,0.19266055045871555,0.191256830601093,0.1499581966234113,14,"(1, 9)",89594
"woe_enc,median_imp,no_sel,min_max_scale,no_samp",0.8649228935080419,0.7852896011339922,1.492317141494866,0.17845117845117842,0.2149532710280374,0.26315789473684215,0.23981900452488691,0.1944204774230659,0.06025678698434211,14,"(1, 9)",89594
"count_enc,median_imp,no_samp,no_sel,max_abs_scale",0.8626268089944695,0.7675315982202623,1.51539484608351,0.18855218855218858,0.2347560975609756,0.26608187134502925,0.25074626865671634,0.2031684402262487,0.06919306520871672,14,"(1, 9)",89594
"woe_enc,median_imp,no_sel,max_abs_scale,no_samp",0.8631897912550089,0.7761152892073867,1.4831428295682603,0.17732884399551063,0.2142857142857143,0.26023391812865493,0.23795180722891562,0.1929584891189723,0.0621398115776028,15,"(1, 9)",89594
"woe_enc,median_imp,no_samp,min_max_scale,no_sel",0.8649228935080419,0.7852896011339922,1.492317141494866,0.17845117845117842,0.2149532710280374,0.26315789473684215,0.23981900452488691,0.1944204774230659,0.06025678698434211,15,"(1, 9)",89594
"woe_enc,median_imp,k_best_sel,max_abs_scale,no_samp",0.8921337027674442,0.7895814466275545,1.5851654922115999,0.18406285072951745,0.22865853658536583,0.26023391812865493,0.24477611940298516,0.19842296999328912,0.05680140515495801,15,"(1, 9)",89594
"woe_enc,median_imp,no_sel,min_max_scale,no_samp",0.8649228935080419,0.7852896011339922,1.492317141494866,0.17845117845117842,0.2149532710280374,0.26315789473684215,0.23981900452488691,0.1944204774230659,0.06025678698434211,15,"(1, 9)",89594
"woe_enc,median_imp,no_samp,max_abs_scale,no_sel",0.8631897912550089,0.7761152892073867,1.4831428295682603,0.17732884399551063,0.2142857142857143,0.26023391812865493,0.23795180722891562,0.1929584891189723,0.0621398115776028,15,"(1, 9)",89594
"woe_enc,median_imp,over_samp,no_sel,max_abs_scale",0.7971304410163278,0.5505165416307958,1.366755857870112,0.1912568306010929,0.19237749546279492,0.18943533697632053,0.19090909090909092,0.1912568306010929,0.1758176209401317,15,"(1, 9)",89594
"woe_enc,median_imp,no_samp,k_best_sel,max_abs_scale",0.8921337027674442,0.7895814466275545,1.5851654922115999,0.18406285072951745,0.22865853658536583,0.26023391812865493,0.24477611940298516,0.19842296999328912,0.05680140515495801,15,"(1, 9)",89594
"woe_enc,median_imp,over_samp,max_abs_scale,no_sel",0.8148057058534186,0.5897011494252874,1.4102139699381078,0.192167577413479,0.19047619047619047,0.19489981785063748,0.19269406392694055,0.19216757741347912,0.1631725183127052,15,"(1, 9)",89594
"count_enc,median_imp,no_samp,no_sel,max_abs_scale",0.8626268089944695,0.7675315982202623,1.51539484608351,0.18855218855218858,0.2347560975609756,0.26608187134502925,0.25074626865671634,0.2031684402262487,0.06919306520871672,15,"(1, 9)",89594
"woe_enc,median_imp,no_samp,max_abs_scale,k_best_sel",0.8921337027674442,0.7895814466275545,1.5851654922115999,0.18406285072951745,0.22865853658536583,0.26023391812865493,0.24477611940298516,0.19842296999328912,0.05680140515495801,15,"(1, 9)",89594
"woe_enc,median_imp,no_samp,max_abs_scale,k_best_sel",0.8921337027674442,0.7895814466275545,1.5851654922115999,0.18406285072951745,0.22865853658536583,0.26023391812865493,0.24477611940298516,0.19842296999328912,0.05680140515495801,16,"(1, 9)",89594
"count_enc,median_imp,no_samp,no_sel,max_abs_scale",0.8626268089944695,0.7675315982202623,1.51539484608351,0.18855218855218858,0.2347560975609756,0.26608187134502925,0.25074626865671634,0.2031684402262487,0.06919306520871672,16,"(1, 9)",89594
"woe_enc,median_imp,no_samp,min_max_scale,no_sel",0.8649228935080419,0.7852896011339922,1.492317141494866,0.17845117845117842,0.2149532710280374,0.26315789473684215,0.23981900452488691,0.1944204774230659,0.06025678698434211,16,"(1, 9)",89594
"woe_enc,median_imp,no_sel,min_max_scale,no_samp",0.8649228935080419,0.7852896011339922,1.492317141494866,0.17845117845117842,0.2149532710280374,0.26315789473684215,0.23981900452488691,0.1944204774230659,0.06025678698434211,16,"(1, 9)",89594
"woe_enc,median_imp,no_samp,max_abs_scale,no_sel",0.8631897912550089,0.7761152892073867,1.4831428295682603,0.17732884399551063,0.2142857142857143,0.26023391812865493,0.23795180722891562,0.1929584891189723,0.0621398115776028,16,"(1, 9)",89594
"woe_enc,median_imp,over_samp,min_max_scale,no_sel",0.809277490405473,0.590392401121146,1.3760049367336817,0.1885245901639344,0.18450184501845024,0.19489981785063748,0.18973418881759863,0.1885245901639344,0.15973665973665974,16,"(1, 9)",89594
"woe_enc,median_imp,over_samp,no_sel,max_abs_scale",0.8498121375479866,0.6740251218597675,1.5197041342054465,0.19854280510018218,0.18714555765595464,0.21675774134790526,0.2022263450834879,0.19854280510018207,0.12752620545073376,16,"(1, 9)",89594
"woe_enc,median_imp,no_sel,max_abs_scale,no_samp",0.8631897912550089,0.7761152892073867,1.4831428295682603,0.17732884399551063,0.2142857142857143,0.26023391812865493,0.23795180722891562,0.1929584891189723,0.0621398115776028,16,"(1, 9)",89594
"woe_enc,median_imp,k_best_sel,max_abs_scale,no_samp",0.8921337027674442,0.7895814466275545,1.5851654922115999,0.18406285072951745,0.22865853658536583,0.26023391812865493,0.24477611940298516,0.19842296999328912,0.05680140515495801,16,"(1, 9)",89594
"woe_enc,median_imp,over_samp,max_abs_scale,no_sel",0.8059492980782336,0.5691603290392675,1.3773274705397425,0.1885245901639344,0.18795620437956206,0.18943533697632053,0.1886964448495897,0.18852459016393452,0.1668838716494664,16,"(1, 9)",89594
"woe_enc,median_imp,no_sel,max_abs_scale,no_samp",0.8631897912550089,0.7761152892073867,1.4831428295682603,0.17732884399551063,0.2142857142857143,0.26023391812865493,0.23795180722891562,0.1929584891189723,0.0621398115776028,17,"(1, 9)",89594
"woe_enc,median_imp,over_samp,min_max_scale,no_sel",0.7728945659233601,0.5382513661202186,1.2982228760917285,0.1958105646630237,0.2007168458781362,0.1876138433515483,0.19421860885275533,0.19581056466302382,0.20026881720430106,17,"(1, 9)",89594
"woe_enc,median_imp,no_samp,max_abs_scale,no_sel",0.8631897912550089,0.7761152892073867,1.4831428295682603,0.17732884399551063,0.2142857142857143,0.26023391812865493,0.23795180722891562,0.1929584891189723,0.0621398115776028,17,"(1, 9)",89594
"woe_enc,median_imp,no_sel,min_max_scale,no_samp",0.8649228935080419,0.7852896011339922,1.492317141494866,0.17845117845117842,0.2149532710280374,0.26315789473684215,0.23981900452488691,0.1944204774230659,0.06025678698434211,17,"(1, 9)",89594
"woe_enc,median_imp,over_samp,max_abs_scale,no_sel",0.8041084887119101,0.6091214667685255,1.4082667659138246,0.20491803278688525,0.2065217391304348,0.20218579234972678,0.20435967302452318,0.20491803278688525,0.17410979150356856,17,"(1, 9)",89594
"woe_enc,median_imp,no_samp,max_abs_scale,k_best_sel",0.8921337027674442,0.7895814466275545,1.5851654922115999,0.18406285072951745,0.22865853658536583,0.26023391812865493,0.24477611940298516,0.19842296999328912,0.05680140515495801,17,"(1, 9)",89594
"woe_enc,median_imp,over_samp,no_sel,max_abs_scale",0.7686505984587637,0.4575172413793103,1.226510593705996,0.16848816029143898,0.17844522968197885,0.15300546448087426,0.1659192825112107,0.16848816029143898,0.2033984706881903,17,"(1, 9)",89594
"woe_enc,median_imp,no_samp,min_max_scale,no_sel",0.8649228935080419,0.7852896011339922,1.492317141494866,0.17845117845117842,0.2149532710280374,0.26315789473684215,0.23981900452488691,0.1944204774230659,0.06025678698434211,17,"(1, 9)",89594
"count_enc,median_imp,no_samp,no_sel,max_abs_scale",0.8626268089944695,0.7675315982202623,1.51539484608351,0.18855218855218858,0.2347560975609756,0.26608187134502925,0.25074626865671634,0.2031684402262487,0.06919306520871672,17,"(1, 9)",89594
"woe_enc,median_imp,no_sel,quant_scale,no_samp",0.8762101358884633,0.7907626885065165,1.5697275508047122,0.19191919191919193,0.23529411764705888,0.2777777777777778,0.25714285714285723,0.20810564663023667,0.05777403195555661,17,"(1, 9)",89594
"woe_enc,median_imp,no_samp,max_abs_scale,k_best_sel",0.8921337027674442,0.7895814466275545,1.5851654922115999,0.18406285072951745,0.22865853658536583,0.26023391812865493,0.24477611940298516,0.19842296999328912,0.05680140515495801,18,"(1, 9)",89594
"woe_enc,median_imp,no_samp,max_abs_scale,no_sel",0.8631897912550089,0.7761152892073867,1.4831428295682603,0.17732884399551063,0.2142857142857143,0.26023391812865493,0.23795180722891562,0.1929584891189723,0.0621398115776028,18,"(1, 9)",89594
"woe_enc,median_imp,over_samp,no_sel,max_abs_scale",0.8205632002610681,0.5738934851678253,1.4050900663644064,0.18214936247723135,0.18098720292504566,0.1839708561020036,0.18248175182481752,0.18214936247723124,0.15578420194870146,18,"(1, 9)",89594
"woe_enc,median_imp,over_samp,k_best_sel,max_abs_scale",0.767059222055921,0.4865600046798678,1.326541011327541,0.19854280510018218,0.2121739130434782,0.17486338797814205,0.19395017793594294,0.19854280510018207,0.2205115775866914,18,"(1, 9)",89594
"woe_enc,median_imp,no_sel,min_max_scale,no_samp",0.8649228935080419,0.7852896011339922,1.492317141494866,0.17845117845117842,0.2149532710280374,0.26315789473684215,0.23981900452488691,0.1944204774230659,0.06025678698434211,18,"(1, 9)",89594
"woe_enc,median_imp,no_sel,max_abs_scale,no_samp",0.8631897912550089,0.7761152892073867,1.4831428295682603,0.17732884399551063,0.2142857142857143,0.26023391812865493,0.23795180722891562,0.1929584891189723,0.0621398115776028,18,"(1, 9)",89594
"woe_enc,median_imp,over_samp,min_max_scale,no_sel",0.7834872188279131,0.5537114994397165,1.3098843389458894,0.1912568306010929,0.1934900542495479,0.1876138433515483,0.19056261343012704,0.191256830601093,0.18776095662794332,18,"(1, 9)",89594
"woe_enc,median_imp,no_samp,min_max_scale,no_sel",0.8649228935080419,0.7852896011339922,1.492317141494866,0.17845117845117842,0.2149532710280374,0.26315789473684215,0.23981900452488691,0.1944204774230659,0.06025678698434211,18,"(1, 9)",89594
"woe_enc,median_imp,no_sel,quant_scale,no_samp",0.8762101358884633,0.7907626885065165,1.5697275508047122,0.19191919191919193,0.23529411764705888,0.2777777777777778,0.25714285714285723,0.20810564663023667,0.05777403195555661,18,"(1, 9)",89594
"woe_enc,median_imp,k_best_sel,max_abs_scale,no_samp",0.8921337027674442,0.7895814466275545,1.5851654922115999,0.18406285072951745,0.22865853658536583,0.26023391812865493,0.24477611940298516,0.19842296999328912,0.05680140515495801,18,"(1, 9)",89594
"woe_enc,median_imp,no_sel,max_abs_scale,no_samp",0.8631897912550089,0.7761152892073867,1.4831428295682603,0.17732884399551063,0.2142857142857143,0.26023391812865493,0.23795180722891562,0.1929584891189723,0.0621398115776028,19,"(1, 9)",89594
"woe_enc,median_imp,no_sel,min_max_scale,no_samp",0.8649228935080419,0.7852896011339922,1.492317141494866,0.17845117845117842,0.2149532710280374,0.26315789473684215,0.23981900452488691,0.1944204774230659,0.06025678698434211,19,"(1, 9)",89594
"woe_enc,median_imp,no_samp,min_max_scale,no_sel",0.8649228935080419,0.7852896011339922,1.492317141494866,0.17845117845117842,0.2149532710280374,0.26315789473684215,0.23981900452488691,0.1944204774230659,0.06025678698434211,19,"(1, 9)",89594
"woe_enc,median_imp,over_samp,max_abs_scale,no_sel",0.8188432529922938,0.5927816091954022,1.4197046861184792,0.1912568306010929,0.18669131238447323,0.19854280510018218,0.19266055045871555,0.191256830601093,0.15712748676188265,19,"(1, 9)",89594
"woe_enc,median_imp,no_samp,k_best_sel,max_abs_scale",0.8921337027674442,0.7895814466275545,1.5851654922115999,0.18406285072951745,0.22865853658536583,0.26023391812865493,0.24477611940298516,0.19842296999328912,0.05680140515495801,19,"(1, 9)",89594
"woe_enc,median_imp,no_sel,quant_scale,no_samp",0.8762101358884633,0.7907626885065165,1.5697275508047122,0.19191919191919193,0.23529411764705888,0.2777777777777778,0.25714285714285723,0.20810564663023667,0.05777403195555661,19,"(1, 9)",89594
"woe_enc,median_imp,over_samp,min_max_scale,no_sel",0.783592032967033,0.5413210767434201,1.3183866038089471,0.1912568306010929,0.1901279707495429,0.19307832422586524,0.19160583941605835,0.1912568306010929,0.18550062466535783,19,"(1, 9)",89594
"woe_enc,median_imp,no_samp,max_abs_scale,no_sel",0.8631897912550089,0.7761152892073867,1.4831428295682603,0.17732884399551063,0.2142857142857143,0.26023391812865493,0.23795180722891562,0.1929584891189723,0.0621398115776028,19,"(1, 9)",89594
"woe_enc,median_imp,over_samp,no_sel,max_abs_scale",0.8058626940263606,0.5731767310293937,1.3609260187786814,0.18579234972677594,0.18232044198895025,0.1912568306010929,0.18681318681318693,0.18579234972677594,0.16489965721077823,19,"(1, 9)",89594
"woe_enc,median_imp,k_best_sel,max_abs_scale,no_samp",0.8921337027674442,0.7895814466275545,1.5851654922115999,0.18406285072951745,0.22865853658536583,0.26023391812865493,0.24477611940298516,0.19842296999328912,0.05680140515495801,19,"(1, 9)",89594
"woe_enc,median_imp,no_sel,max_abs_scale,no_samp",0.8631897912550089,0.7761152892073867,1.4831428295682603,0.17732884399551063,0.2142857142857143,0.26023391812865493,0.23795180722891562,0.1929584891189723,0.0621398115776028,20,"(1, 9)",89594
"woe_enc,median_imp,no_sel,min_max_scale,no_samp",0.8649228935080419,0.7852896011339922,1.492317141494866,0.17845117845117842,0.2149532710280374,0.26315789473684215,0.23981900452488691,0.1944204774230659,0.06025678698434211,20,"(1, 9)",89594
"woe_enc,median_imp,no_samp,max_abs_scale,k_best_sel",0.8921337027674442,0.7895814466275545,1.5851654922115999,0.18406285072951745,0.22865853658536583,0.26023391812865493,0.24477611940298516,0.19842296999328912,0.05680140515495801,20,"(1, 9)",89594
"woe_enc,median_imp,no_samp,no_sel,min_max_scale",0.8649228935080419,0.7852896011339922,1.492317141494866,0.17845117845117842,0.2149532710280374,0.26315789473684215,0.23981900452488691,0.1944204774230659,0.06025678698434211,20,"(1, 9)",89594
"woe_enc,median_imp,no_samp,max_abs_scale,no_sel",0.8631897912550089,0.7761152892073867,1.4831428295682603,0.17732884399551063,0.2142857142857143,0.26023391812865493,0.23795180722891562,0.1929584891189723,0.0621398115776028,20,"(1, 9)",89594
"woe_enc,median_imp,no_samp,min_max_scale,no_sel",0.8649228935080419,0.7852896011339922,1.492317141494866,0.17845117845117842,0.2149532710280374,0.26315789473684215,0.23981900452488691,0.1944204774230659,0.06025678698434211,20,"(1, 9)",89594
"woe_enc,median_imp,over_samp,no_sel,max_abs_scale",0.8142277870626592,0.5932644840849208,1.4180508088712456,0.1958105646630237,0.18959107806691455,0.20582877959927137,0.19779208831646733,0.1958105646630235,0.15974666723214162,20,"(1, 9)",89594
"woe_enc,median_imp,no_samp,no_sel,max_abs_scale",0.8631897912550089,0.7761152892073867,1.4831428295682603,0.17732884399551063,0.2142857142857143,0.26023391812865493,0.23795180722891562,0.1929584891189723,0.0621398115776028,20,"(1, 9)",89594
"woe_enc,median_imp,over_samp,min_max_scale,no_sel",0.8087274360859267,0.5999718785151856,1.399592011468652,0.1958105646630237,0.19525547445255476,0.19672131147540983,0.19598906107566094,0.1958105646630237,0.1641340593474315,20,"(1, 9)",89594
"woe_enc,median_imp,k_best_sel,max_abs_scale,over_samp",0.8217777430881948,0.5776407387393114,1.4411260188912582,0.18943533697632053,0.19715808170515092,0.1766848816029144,0.18705035971223016,0.18943533697632065,0.16571694343002824,20,"(1, 9)",89594
"loo_enc,median_imp,min_max_scale,no_samp,k_best_sel",0.903983927408405,0.8495097846202307,1.6655116839554633,0.19753086419753085,0.24382716049382713,0.283625730994152,0.2642642642642641,0.21376186367558248,0.04748002279785514,0,"(2, 8)",89594
"onehot_enc,median_imp,k_best_sel,over_samp,quant_scale",0.8232484076433121,0.6375,1.5242521367521367,0.21493624772313302,0.23063683304647165,0.18579234972677594,0.20884955752212397,0.2149362477231329,0.1767515923566879,0,"(2, 8)",89594
"target_enc,most_freq_imp,under_samp,no_sel,min_max_scale",0.8387096774193549,0.5963302752293578,1.5249017038007864,0.19590643274853803,0.19942196531791911,0.1900584795321637,0.19476744186046513,0.19590643274853792,0.16129032258064516,0,"(2, 8)",89594
"ordinal_enc,median_imp,no_sel,min_max_scale,no_samp",0.8782247292717659,0.8415167145725873,1.6140713204605266,0.20314253647586977,0.24764890282131657,0.29824561403508776,0.27382753403933435,0.2210718051960502,0.052362319617407255,0,"(2, 8)",89594
"loo_enc,mean_imp,no_sel,over_samp,quant_scale",0.8480948862107833,0.6863905325443787,1.5740923369128497,0.21493624772313302,0.21699819168173595,0.21129326047358832,0.21415607985480933,0.21493624772313302,0.14820971123492133,0,"(2, 8)",89594
"woe_enc,median_imp,no_sel,max_abs_scale,no_samp",0.8631897912550089,0.7761152892073867,1.4831428295682603,0.17732884399551063,0.2142857142857143,0.26023391812865493,0.23795180722891562,0.1929584891189723,0.0621398115776028,0,"(2, 8)",89594
"woe_enc,mean_imp,no_sel,under_samp,norm_scale",0.2964824120603015,0.4954128440366973,0.7134059236214724,0.33040935672514615,0.3079470198675497,0.38888888888888884,0.3509316770186335,0.33040935672514615,-1.0,0,"(2, 8)",89594
"woe_enc,most_freq_imp,max_abs_scale,k_best_sel,no_samp",0.8953184161432404,0.7895814466275545,1.5975111712239456,0.18518518518518523,0.23100303951367784,0.26023391812865493,0.24590163934426224,0.19933371680567524,0.05661079641282728,0,"(2, 8)",89594
"ordinal_enc,most_freq_imp,under_samp,no_sel,norm_scale",0.30904522613065327,0.45871559633027525,0.680168883527507,0.33040935672514615,0.2972027972027972,0.4122807017543859,0.3598726114649681,0.33040935672514615,-1.0,0,"(2, 8)",89594
"loo_enc,median_imp,k_best_sel,no_scale,over_samp",0.7791565500496633,0.5504214062592091,1.3593007984719345,0.20765027322404372,0.21693121693121697,0.1912568306010929,0.20430107526881724,0.20765027322404372,0.20648111723052717,0,"(2, 8)",89594
"target_enc,mean_imp,no_sel,under_samp,norm_scale",0.33,0.43119266055045874,0.6717424887291529,0.3362573099415205,0.3082191780821918,0.4093567251461988,0.362776025236593,0.33625730994152037,-1.0,1,"(2, 8)",89594
"woe_enc,most_freq_imp,under_samp,no_sel,min_max_scale",0.8173943661971831,0.5693979603890224,1.441845908640488,0.19444444444444442,0.19710144927536233,0.1900584795321637,0.19359534206695772,0.19444444444444453,0.16795698924731184,1,"(2, 8)",89594
"woe_enc,median_imp,max_abs_scale,k_best_sel,no_samp",0.8921337027674442,0.7895814466275545,1.5851654922115999,0.18406285072951745,0.22865853658536583,0.26023391812865493,0.24477611940298516,0.19842296999328912,0.05680140515495801,1,"(2, 8)",89594
"onehot_enc,most_freq_imp,k_best_sel,over_samp,quant_scale",0.8260869565217391,0.6647727272727273,1.551524864024864,0.22859744990892528,0.23674911660777387,0.21311475409836067,0.22511210762331835,0.2285974499089254,0.17391304347826086,1,"(2, 8)",89594
"loo_enc,mean_imp,no_sel,over_samp,quant_scale",0.8460830341526282,0.6900584795321637,1.5369245763982606,0.20947176684881608,0.20626151012891347,0.21493624772313302,0.21062271062271076,0.20947176684881608,0.14271056804402574,1,"(2, 8)",89594
"loo_enc,median_imp,k_best_sel,no_scale,over_samp",0.8233439133170986,0.6480471606141848,1.4761573220576794,0.2103825136612022,0.20879120879120883,0.21311475409836067,0.21095890410958895,0.2103825136612023,0.16000418731244329,1,"(2, 8)",89594
"woe_enc,mean_imp,no_sel,under_samp,norm_scale",0.3094059405940594,0.48623853211009177,0.7201368371948376,0.32456140350877194,0.303921568627451,0.3771929824561403,0.34259259259259256,0.32456140350877183,-1.0,1,"(2, 8)",89594
"onehot_enc,median_imp,k_best_sel,over_samp,quant_scale",0.7990654205607477,0.6264367816091954,1.4896846448570586,0.23132969034608375,0.24786324786324787,0.19854280510018218,0.22398589065255725,0.23132969034608386,0.20093457943925233,1,"(2, 8)",89594
"woe_enc,median_imp,no_sel,max_abs_scale,no_samp",0.8631897912550089,0.7761152892073867,1.4831428295682603,0.17732884399551063,0.2142857142857143,0.26023391812865493,0.23795180722891562,0.1929584891189723,0.0621398115776028,1,"(2, 8)",89594
"woe_enc,most_freq_imp,max_abs_scale,k_best_sel,no_samp",0.8953184161432404,0.7895814466275545,1.5975111712239456,0.18518518518518523,0.23100303951367784,0.26023391812865493,0.24590163934426224,0.19933371680567524,0.05661079641282728,1,"(2, 8)",89594
"woe_enc,median_imp,max_abs_scale,k_best_sel,under_samp",0.7856691919191918,0.5553411820293735,1.3780842925773622,0.20906432748538006,0.22437673130193903,0.18128654970760238,0.20341394025604553,0.20906432748538017,0.20044972695149374,2,"(2, 8)",89594
"onehot_enc,median_imp,k_best_sel,over_samp,quant_scale",0.8383045525902668,0.6627218934911243,1.5644312952005262,0.21766848816029138,0.22517730496453903,0.20400728597449913,0.21473495058400716,0.21766848816029138,0.16169544740973313,2,"(2, 8)",89594
"woe_enc,median_imp,max_abs_scale,no_sel,no_samp",0.8631897912550089,0.7761152892073867,1.4831428295682603,0.17732884399551063,0.2142857142857143,0.26023391812865493,0.23795180722891562,0.1929584891189723,0.0621398115776028,2,"(2, 8)",89594
"woe_enc,median_imp,k_best_sel,max_abs_scale,no_samp",0.8921337027674442,0.7895814466275545,1.5851654922115999,0.18406285072951745,0.22865853658536583,0.26023391812865493,0.24477611940298516,0.19842296999328912,0.05680140515495801,2,"(2, 8)",89594
"woe_enc,most_freq_imp,under_samp,no_sel,min_max_scale",0.8102623300406229,0.5736898058825846,1.4149226825949133,0.19444444444444442,0.19884726224783866,0.1871345029239766,0.19303338171262696,0.19444444444444442,0.1751646064694379,2,"(2, 8)",89594
"woe_enc,median_imp,max_abs_scale,k_best_sel,no_samp",0.8921337027674442,0.7895814466275545,1.5851654922115999,0.18406285072951745,0.22865853658536583,0.26023391812865493,0.24477611940298516,0.19842296999328912,0.05680140515495801,2,"(2, 8)",89594
"woe_enc,mean_imp,no_sel,under_samp,norm_scale",0.3092269326683292,0.5045871559633027,0.744313183360563,0.33479532163742687,0.3159609120521173,0.38596491228070173,0.35285053929121735,0.33479532163742687,-1.0,2,"(2, 8)",89594
"target_enc,mean_imp,norm_scale,no_samp,no_sel",0.19584055459272098,0.6055045871559633,0.7550772367286129,0.31200897867564537,0.3677685950413223,0.5526315789473684,0.476027397260274,0.35737225577605214,-1.0,2,"(2, 8)",89594
"loo_enc,median_imp,no_sel,no_scale,over_samp",0.8222657845299355,0.6840082489688788,1.4100291416564381,0.1994535519125683,0.18146718146718144,0.22768670309653916,0.2052483598875351,0.1994535519125682,0.1326785560437667,2,"(2, 8)",89594
"woe_enc,median_imp,no_sel,max_abs_scale,no_samp",0.8631897912550089,0.7761152892073867,1.4831428295682603,0.17732884399551063,0.2142857142857143,0.26023391812865493,0.23795180722891562,0.1929584891189723,0.0621398115776028,2,"(2, 8)",89594
"woe_enc,median_imp,max_abs_scale,no_sel,no_samp",0.8631897912550089,0.7761152892073867,1.4831428295682603,0.17732884399551063,0.2142857142857143,0.26023391812865493,0.23795180722891562,0.1929584891189723,0.0621398115776028,3,"(2, 8)",89594
"woe_enc,mean_imp,no_sel,under_samp,norm_scale",0.30886075949367087,0.4954128440366973,0.7296785783024315,0.3362573099415205,0.3120805369127517,0.4005847953216374,0.3593749999999999,0.33625730994152037,-1.0,3,"(2, 8)",89594
"woe_enc,median_imp,no_sel,no_scale,over_samp",0.7797898471615721,0.5765992227499847,1.2425536387044005,0.18214936247723135,0.17625231910946193,0.1912568306010929,0.18382352941176472,0.18214936247723135,0.17518764434180137,3,"(2, 8)",89594
"loo_enc,median_imp,no_sel,max_abs_scale,no_samp",0.8912450739052203,0.8311611607670197,1.6020538483263738,0.18855218855218858,0.22812500000000002,0.2777777777777778,0.2537764350453172,0.2053734061930783,0.048126009502587865,3,"(2, 8)",89594
"loo_enc,most_freq_imp,under_samp,no_sel,min_max_scale",0.8219366197183099,0.5920384297357956,1.4737849427740004,0.20175438596491224,0.2068965517241379,0.19298245614035092,0.19999999999999996,0.20175438596491235,0.169288256227758,3,"(2, 8)",89594
"woe_enc,median_imp,no_sel,max_abs_scale,no_samp",0.8631897912550089,0.7761152892073867,1.4831428295682603,0.17732884399551063,0.2142857142857143,0.26023391812865493,0.23795180722891562,0.1929584891189723,0.0621398115776028,3,"(2, 8)",89594
"onehot_enc,median_imp,k_best_sel,over_samp,quant_scale",0.7937984496124031,0.6045197740112994,1.4699043893959147,0.22859744990892528,0.24573378839590443,0.19489981785063748,0.22114537444933913,0.22859744990892528,0.2062015503875969,3,"(2, 8)",89594
"target_enc,mean_imp,norm_scale,no_samp,no_sel",0.19584055459272098,0.6055045871559633,0.7550772367286129,0.31200897867564537,0.3677685950413223,0.5526315789473684,0.476027397260274,0.35737225577605214,-1.0,3,"(2, 8)",89594
"woe_enc,median_imp,max_abs_scale,k_best_sel,under_samp",0.7894894050672945,0.5461668701027681,1.4165723019758503,0.21198830409356728,0.23013698630136992,0.17836257309941517,0.20509193776520507,0.21198830409356728,0.20495081038997806,3,"(2, 8)",89594
"loo_enc,median_imp,no_sel,no_scale,over_samp",0.8044146581406788,0.627264367816092,1.3468750040933948,0.19307832422586524,0.18267419962335218,0.20947176684881608,0.1962962962962964,0.19307832422586524,0.15675153077666773,3,"(2, 8)",89594
"woe_enc,mean_imp,norm_scale,no_samp,no_sel",0.18890814558058924,0.6146788990825688,0.757841292244962,0.30415263748597077,0.35856573705179284,0.5292397660818713,0.45699831365935917,0.3465870961556897,-1.0,4,"(2, 8)",89594
"target_enc,median_imp,max_abs_scale,no_sel,no_samp",0.8912450739052203,0.8311611607670197,1.6020538483263738,0.18855218855218858,0.22812500000000002,0.2777777777777778,0.2537764350453172,0.2053734061930783,0.048126009502587865,4,"(2, 8)",89594
"loo_enc,median_imp,no_sel,max_abs_scale,under_samp",0.8528474166173627,0.6379099893688231,1.5418215539946736,0.19444444444444442,0.1861861861861862,0.20760233918128657,0.197037037037037,0.19444444444444453,0.1379491939946802,4,"(2, 8)",89594
"loo_enc,most_freq_imp,no_samp,no_sel,min_max_scale",0.8747585247657,0.8036382249872032,1.5353571233727683,0.18294051627384966,0.22118380062305298,0.26900584795321636,0.24585218702865763,0.19916594765602535,0.056102485304364916,4,"(2, 8)",89594
"woe_enc,median_imp,no_sel,max_abs_scale,no_samp",0.8631897912550089,0.7761152892073867,1.4831428295682603,0.17732884399551063,0.2142857142857143,0.26023391812865493,0.23795180722891562,0.1929584891189723,0.0621398115776028,4,"(2, 8)",89594
"woe_enc,median_imp,max_abs_scale,no_sel,no_samp",0.8631897912550089,0.7761152892073867,1.4831428295682603,0.17732884399551063,0.2142857142857143,0.26023391812865493,0.23795180722891562,0.1929584891189723,0.0621398115776028,4,"(2, 8)",89594
"woe_enc,median_imp,max_abs_scale,k_best_sel,under_samp",0.8214788732394367,0.6146788990825688,1.4988511246738363,0.21198830409356728,0.2209631728045326,0.19590643274853803,0.20863309352518,0.21198830409356728,0.17561837455830387,4,"(2, 8)",89594
"woe_enc,median_imp,no_sel,no_scale,over_samp",0.7746785725244714,0.5572263993316624,1.217245392683989,0.17759562841530052,0.1697761194029851,0.18943533697632053,0.17972350230414735,0.17759562841530052,0.17499428123263946,4,"(2, 8)",89594
"target_enc,mean_imp,norm_scale,no_samp,no_sel",0.19584055459272098,0.6055045871559633,0.7550772367286129,0.31200897867564537,0.3677685950413223,0.5526315789473684,0.476027397260274,0.35737225577605214,-1.0,4,"(2, 8)",89594
"loo_enc,median_imp,no_sel,max_abs_scale,no_samp",0.8912450739052203,0.8311611607670197,1.6020538483263738,0.18855218855218858,0.22812500000000002,0.2777777777777778,0.2537764350453172,0.2053734061930783,0.048126009502587865,4,"(2, 8)",89594
"loo_enc,median_imp,no_sel,max_abs_scale,under_samp",0.8589788732394366,0.6513761467889908,1.5733490596654816,0.20175438596491224,0.19822485207100593,0.20760233918128657,0.20294117647058818,0.20175438596491235,0.13798586572438162,5,"(2, 8)",89594
"woe_enc,median_imp,no_sel,max_abs_scale,no_samp",0.8631897912550089,0.7761152892073867,1.4831428295682603,0.17732884399551063,0.2142857142857143,0.26023391812865493,0.23795180722891562,0.1929584891189723,0.0621398115776028,5,"(2, 8)",89594
"woe_enc,mean_imp,norm_scale,no_sel,no_samp",0.18890814558058924,0.6146788990825688,0.757841292244962,0.30415263748597077,0.35856573705179284,0.5292397660818713,0.45699831365935917,0.3465870961556897,-1.0,5,"(2, 8)",89594
"woe_enc,median_imp,max_abs_scale,no_samp,no_sel",0.8631897912550089,0.7761152892073867,1.4831428295682603,0.17732884399551063,0.2142857142857143,0.26023391812865493,0.23795180722891562,0.1929584891189723,0.0621398115776028,5,"(2, 8)",89594
"woe_enc,median_imp,no_sel,no_scale,no_samp",0.823002792833567,0.6990195692404615,1.3663984866193788,0.17845117845117842,0.22356495468277948,0.2485380116959064,0.23625557206537884,0.1916642699645288,0.09006029243049284,5,"(2, 8)",89594
"woe_enc,median_imp,no_sel,max_abs_scale,over_samp",0.7941873912580946,0.5664334614460725,1.3252178868971647,0.1876138433515483,0.18299445471349352,0.19489981785063748,0.18899082568807335,0.18761384335154818,0.17455986417850824,5,"(2, 8)",89594
"loo_enc,most_freq_imp,no_samp,no_sel,min_max_scale",0.8747585247657,0.8036382249872032,1.5353571233727683,0.18294051627384966,0.22118380062305298,0.26900584795321636,0.24585218702865763,0.19916594765602535,0.056102485304364916,5,"(2, 8)",89594
"target_enc,mean_imp,norm_scale,no_samp,no_sel",0.19584055459272098,0.6055045871559633,0.7550772367286129,0.31200897867564537,0.3677685950413223,0.5526315789473684,0.476027397260274,0.35737225577605214,-1.0,5,"(2, 8)",89594
"woe_enc,mean_imp,norm_scale,no_samp,no_sel",0.18890814558058924,0.6146788990825688,0.757841292244962,0.30415263748597077,0.35856573705179284,0.5292397660818713,0.45699831365935917,0.3465870961556897,-1.0,5,"(2, 8)",89594
"woe_enc,median_imp,no_sel,no_scale,over_samp",0.7581936813186814,0.5468155822379256,1.1940140627697393,0.18579234972677594,0.17996289424860856,0.19489981785063748,0.1875,0.18579234972677594,0.1931810707107619,5,"(2, 8)",89594
"woe_enc,median_imp,no_sel,no_scale,no_samp",0.823002792833567,0.6990195692404615,1.3663984866193788,0.17845117845117842,0.22356495468277948,0.2485380116959064,0.23625557206537884,0.1916642699645288,0.09006029243049284,6,"(2, 8)",89594
"woe_enc,median_imp,no_sel,no_scale,over_samp",0.7866607532751091,0.5681327493677133,1.267325531893829,0.180327868852459,0.17318435754189943,0.1912568306010929,0.18232044198895025,0.180327868852459,0.16983726958525347,6,"(2, 8)",89594
"woe_enc,median_imp,norm_scale,no_samp,no_sel",0.1854419410745234,0.6146788990825688,0.7535677879714577,0.303030303030303,0.3548387096774194,0.5321637426900585,0.4576271186440678,0.346227590835011,-1.0,6,"(2, 8)",89594
"woe_enc,mean_imp,no_sel,no_scale,over_samp",0.7573489010989011,0.5358265712489146,1.195370730793074,0.18488160291438982,0.18081180811808117,0.1912568306010929,0.18606782768102648,0.18488160291438982,0.19598979219832302,6,"(2, 8)",89594
"target_enc,median_imp,norm_scale,no_samp,no_sel",0.19584055459272098,0.6055045871559633,0.7550772367286129,0.31200897867564537,0.3677685950413223,0.5526315789473684,0.476027397260274,0.35737225577605214,-1.0,6,"(2, 8)",89594
"target_enc,mean_imp,norm_scale,no_samp,no_sel",0.19584055459272098,0.6055045871559633,0.7550772367286129,0.31200897867564537,0.3677685950413223,0.5526315789473684,0.476027397260274,0.35737225577605214,-1.0,6,"(2, 8)",89594
"woe_enc,mean_imp,norm_scale,no_samp,no_sel",0.18890814558058924,0.6146788990825688,0.757841292244962,0.30415263748597077,0.35856573705179284,0.5292397660818713,0.45699831365935917,0.3465870961556897,-1.0,6,"(2, 8)",89594
"woe_enc,median_imp,max_abs_scale,no_samp,no_sel",0.8631897912550089,0.7761152892073867,1.4831428295682603,0.17732884399551063,0.2142857142857143,0.26023391812865493,0.23795180722891562,0.1929584891189723,0.0621398115776028,6,"(2, 8)",89594
"woe_enc,mean_imp,norm_scale,no_sel,no_samp",0.18890814558058924,0.6146788990825688,0.757841292244962,0.30415263748597077,0.35856573705179284,0.5292397660818713,0.45699831365935917,0.3465870961556897,-1.0,6,"(2, 8)",89594
"woe_enc,median_imp,no_sel,max_abs_scale,no_samp",0.8631897912550089,0.7761152892073867,1.4831428295682603,0.17732884399551063,0.2142857142857143,0.26023391812865493,0.23795180722891562,0.1929584891189723,0.0621398115776028,6,"(2, 8)",89594
"woe_enc,mean_imp,norm_scale,no_samp,no_sel",0.18890814558058924,0.6146788990825688,0.757841292244962,0.30415263748597077,0.35856573705179284,0.5292397660818713,0.45699831365935917,0.3465870961556897,-1.0,7,"(2, 8)",89594
"woe_enc,mean_imp,no_sel,no_scale,over_samp",0.7756804394162977,0.5529655172413793,1.227466941742804,0.17850637522768675,0.17009345794392527,0.1912568306010929,0.18081180811808117,0.17850637522768675,0.17550051194911007,7,"(2, 8)",89594
"woe_enc,median_imp,no_sel,no_scale,over_samp",0.7814888525519139,0.5731767310293937,1.2434046512573138,0.180327868852459,0.17318435754189943,0.1912568306010929,0.18232044198895025,0.180327868852459,0.1732860981105911,7,"(2, 8)",89594
"woe_enc,median_imp,no_sel,max_abs_scale,no_samp",0.8631897912550089,0.7761152892073867,1.4831428295682603,0.17732884399551063,0.2142857142857143,0.26023391812865493,0.23795180722891562,0.1929584891189723,0.0621398115776028,7,"(2, 8)",89594
"woe_enc,median_imp,norm_scale,no_samp,no_sel",0.1854419410745234,0.6146788990825688,0.7535677879714577,0.303030303030303,0.3548387096774194,0.5321637426900585,0.4576271186440678,0.346227590835011,-1.0,7,"(2, 8)",89594
"woe_enc,median_imp,max_abs_scale,no_samp,no_sel",0.8631897912550089,0.7761152892073867,1.4831428295682603,0.17732884399551063,0.2142857142857143,0.26023391812865493,0.23795180722891562,0.1929584891189723,0.0621398115776028,7,"(2, 8)",89594
"target_enc,mean_imp,norm_scale,no_samp,no_sel",0.19584055459272098,0.6055045871559633,0.7550772367286129,0.31200897867564537,0.3677685950413223,0.5526315789473684,0.476027397260274,0.35737225577605214,-1.0,7,"(2, 8)",89594
"target_enc,median_imp,norm_scale,no_samp,no_sel",0.19584055459272098,0.6055045871559633,0.7550772367286129,0.31200897867564537,0.3677685950413223,0.5526315789473684,0.476027397260274,0.35737225577605214,-1.0,7,"(2, 8)",89594
"woe_enc,mean_imp,norm_scale,no_samp,k_best_sel",0.1854419410745234,0.6146788990825688,0.7535677879714577,0.3019079685746352,0.3545816733067729,0.5263157894736843,0.45362563237774034,0.3442143610392101,-1.0,7,"(2, 8)",89594
"woe_enc,mean_imp,norm_scale,no_sel,no_samp",0.18890814558058924,0.6146788990825688,0.757841292244962,0.30415263748597077,0.35856573705179284,0.5292397660818713,0.45699831365935917,0.3465870961556897,-1.0,7,"(2, 8)",89594
"woe_enc,mean_imp,norm_scale,no_sel,no_samp",0.18890814558058924,0.6146788990825688,0.757841292244962,0.30415263748597077,0.35856573705179284,0.5292397660818713,0.45699831365935917,0.3465870961556897,-1.0,8,"(2, 8)",89594
"woe_enc,mean_imp,no_sel,max_abs_scale,no_samp",0.8631897912550089,0.7761152892073867,1.4831428295682603,0.17732884399551063,0.2142857142857143,0.26023391812865493,0.23795180722891562,0.1929584891189723,0.0621398115776028,8,"(2, 8)",89594
"target_enc,median_imp,norm_scale,no_samp,no_sel",0.19584055459272098,0.6055045871559633,0.7550772367286129,0.31200897867564537,0.3677685950413223,0.5526315789473684,0.476027397260274,0.35737225577605214,-1.0,8,"(2, 8)",89594
"woe_enc,mean_imp,norm_scale,under_samp,no_sel",0.29,0.47706422018348627,0.679813361076957,0.3099415204678363,0.2804054054054054,0.3771929824561403,0.33228840125391845,0.3099415204678363,-1.0,8,"(2, 8)",89594
"woe_enc,median_imp,no_samp,norm_scale,no_sel",0.1854419410745234,0.6146788990825688,0.7535677879714577,0.303030303030303,0.3548387096774194,0.5321637426900585,0.4576271186440678,0.346227590835011,-1.0,8,"(2, 8)",89594
"woe_enc,mean_imp,norm_scale,no_samp,k_best_sel",0.1854419410745234,0.6146788990825688,0.7535677879714577,0.3019079685746352,0.3545816733067729,0.5263157894736843,0.45362563237774034,0.3442143610392101,-1.0,8,"(2, 8)",89594
"woe_enc,mean_imp,no_sel,no_scale,over_samp",0.7553816046966733,0.56005291005291,1.2051146384479718,0.19398907103825136,0.1842105263157895,0.20947176684881608,0.19703977798334882,0.19398907103825147,0.1934060831205015,8,"(2, 8)",89594
"woe_enc,median_imp,no_sel,max_abs_scale,no_samp",0.8631897912550089,0.7761152892073867,1.4831428295682603,0.17732884399551063,0.2142857142857143,0.26023391812865493,0.23795180722891562,0.1929584891189723,0.0621398115776028,8,"(2, 8)",89594
"woe_enc,mean_imp,norm_scale,no_samp,no_sel",0.18890814558058924,0.6146788990825688,0.757841292244962,0.30415263748597077,0.35856573705179284,0.5292397660818713,0.45699831365935917,0.3465870961556897,-1.0,8,"(2, 8)",89594
"woe_enc,median_imp,no_sel,no_scale,over_samp",0.7830822364842815,0.5660605869955017,1.2609798652481132,0.18123861566484523,0.17592592592592593,0.18943533697632053,0.1827364554637282,0.18123861566484523,0.17043342984313556,8,"(2, 8)",89594
"woe_enc,mean_imp,norm_scale,no_samp,no_sel",0.18890814558058924,0.6146788990825688,0.757841292244962,0.30415263748597077,0.35856573705179284,0.5292397660818713,0.45699831365935917,0.3465870961556897,-1.0,9,"(2, 8)",89594
"woe_enc,mean_imp,norm_scale,no_sel,no_samp",0.18890814558058924,0.6146788990825688,0.757841292244962,0.30415263748597077,0.35856573705179284,0.5292397660818713,0.45699831365935917,0.3465870961556897,-1.0,9,"(2, 8)",89594
"woe_enc,median_imp,no_samp,norm_scale,no_sel",0.1854419410745234,0.6146788990825688,0.7535677879714577,0.303030303030303,0.3548387096774194,0.5321637426900585,0.4576271186440678,0.346227590835011,-1.0,9,"(2, 8)",89594
"woe_enc,mean_imp,no_sel,no_scale,over_samp",0.7793650415280412,0.5430551230146371,1.2299022265284072,0.17395264116575593,0.1697416974169742,0.180327868852459,0.1750687442713108,0.17395264116575593,0.17594659599902066,9,"(2, 8)",89594
"woe_enc,mean_imp,norm_scale,no_samp,k_best_sel",0.1854419410745234,0.6146788990825688,0.7535677879714577,0.3019079685746352,0.3545816733067729,0.5263157894736843,0.45362563237774034,0.3442143610392101,-1.0,9,"(2, 8)",89594
"target_enc,median_imp,norm_scale,no_samp,no_sel",0.19584055459272098,0.6055045871559633,0.7550772367286129,0.31200897867564537,0.3677685950413223,0.5526315789473684,0.476027397260274,0.35737225577605214,-1.0,9,"(2, 8)",89594
"woe_enc,mean_imp,norm_scale,under_samp,no_sel",0.2967581047381546,0.47706422018348627,0.6893929873067739,0.3187134502923976,0.2919463087248322,0.3830409356725146,0.34062499999999996,0.3187134502923977,-1.0,9,"(2, 8)",89594
"woe_enc,mean_imp,no_sel,max_abs_scale,no_samp",0.8631897912550089,0.7761152892073867,1.4831428295682603,0.17732884399551063,0.2142857142857143,0.26023391812865493,0.23795180722891562,0.1929584891189723,0.0621398115776028,9,"(2, 8)",89594
"woe_enc,mean_imp,norm_scale,under_samp,k_best_sel",0.30198019801980197,0.5045871559633027,0.7350956305395739,0.32602339181286555,0.3010033444816054,0.38888888888888884,0.3478939157566303,0.32602339181286544,-1.0,9,"(2, 8)",89594
"woe_enc,median_imp,no_sel,no_scale,over_samp",0.768182319832248,0.5793451995049214,1.220608257434646,0.18943533697632053,0.17647058823529416,0.20947176684881608,0.19330855018587378,0.18943533697632065,0.1818395533352924,9,"(2, 8)",89594
"woe_enc,mean_imp,norm_scale,no_sel,no_samp",0.18890814558058924,0.6146788990825688,0.757841292244962,0.30415263748597077,0.35856573705179284,0.5292397660818713,0.45699831365935917,0.3465870961556897,-1.0,10,"(2, 8)",89594
"target_enc,median_imp,norm_scale,no_samp,no_sel",0.19584055459272098,0.6055045871559633,0.7550772367286129,0.31200897867564537,0.3677685950413223,0.5526315789473684,0.476027397260274,0.35737225577605214,-1.0,10,"(2, 8)",89594
"woe_enc,mean_imp,norm_scale,no_samp,no_sel",0.18890814558058924,0.6146788990825688,0.757841292244962,0.30415263748597077,0.35856573705179284,0.5292397660818713,0.45699831365935917,0.3465870961556897,-1.0,10,"(2, 8)",89594
"woe_enc,median_imp,no_samp,norm_scale,no_sel",0.1854419410745234,0.6146788990825688,0.7535677879714577,0.303030303030303,0.3548387096774194,0.5321637426900585,0.4576271186440678,0.346227590835011,-1.0,10,"(2, 8)",89594
"woe_enc,mean_imp,no_sel,no_scale,over_samp",0.7658606704656297,0.5429196282121378,1.196528365154208,0.17850637522768675,0.17375231053604434,0.18579234972677594,0.1798165137614679,0.17850637522768675,0.1875061271172594,10,"(2, 8)",89594
"woe_enc,mean_imp,norm_scale,no_samp,k_best_sel",0.1854419410745234,0.6146788990825688,0.7535677879714577,0.3019079685746352,0.3545816733067729,0.5263157894736843,0.45362563237774034,0.3442143610392101,-1.0,10,"(2, 8)",89594
"woe_enc,median_imp,no_sel,no_scale,over_samp",0.7703721921626496,0.5613793103448276,1.2047791204113043,0.17941712204007287,0.17164179104477617,0.1912568306010929,0.18156682027649773,0.17941712204007287,0.179229627041663,10,"(2, 8)",89594
"woe_enc,mean_imp,no_sel,max_abs_scale,no_samp",0.8631897912550089,0.7761152892073867,1.4831428295682603,0.17732884399551063,0.2142857142857143,0.26023391812865493,0.23795180722891562,0.1929584891189723,0.0621398115776028,10,"(2, 8)",89594
"woe_enc,mean_imp,norm_scale,under_samp,no_sel",0.2925,0.48623853211009177,0.6958605252372395,0.32309941520467833,0.2962962962962963,0.38888888888888884,0.3458528951486698,0.32309941520467844,-1.0,10,"(2, 8)",89594
"woe_enc,mean_imp,norm_scale,under_samp,k_best_sel",0.2938271604938272,0.4954128440366973,0.7116290602529135,0.314327485380117,0.28474576271186436,0.3830409356725146,0.33751962323390894,0.314327485380117,-1.0,10,"(2, 8)",89594
"woe_enc,mean_imp,norm_scale,no_sel,no_samp",0.18890814558058924,0.6146788990825688,0.757841292244962,0.30415263748597077,0.35856573705179284,0.5292397660818713,0.45699831365935917,0.3465870961556897,-1.0,11,"(2, 8)",89594
"target_enc,median_imp,norm_scale,no_samp,no_sel",0.19584055459272098,0.6055045871559633,0.7550772367286129,0.31200897867564537,0.3677685950413223,0.5526315789473684,0.476027397260274,0.35737225577605214,-1.0,11,"(2, 8)",89594
"woe_enc,mean_imp,norm_scale,under_samp,k_best_sel",0.30982367758186397,0.48623853211009177,0.7188774209989807,0.33040935672514615,0.3092105263157895,0.38596491228070173,0.34984520123839,0.33040935672514615,-1.0,11,"(2, 8)",89594
"woe_enc,median_imp,no_sel,no_scale,over_samp",0.8025194741966895,0.616803679780779,1.3138597101701426,0.18214936247723135,0.17504655493482313,0.19307832422586524,0.18416206261510126,0.18214936247723135,0.1509057348901099,11,"(2, 8)",89594
"target_enc,median_imp,no_samp,norm_scale,no_sel",0.19584055459272098,0.6055045871559633,0.7550772367286129,0.31200897867564537,0.3677685950413223,0.5526315789473684,0.476027397260274,0.35737225577605214,-1.0,11,"(2, 8)",89594
"woe_enc,median_imp,norm_scale,no_samp,no_sel",0.1854419410745234,0.6146788990825688,0.7535677879714577,0.303030303030303,0.3548387096774194,0.5321637426900585,0.4576271186440678,0.346227590835011,-1.0,11,"(2, 8)",89594
"woe_enc,mean_imp,norm_scale,no_samp,no_sel",0.18890814558058924,0.6146788990825688,0.757841292244962,0.30415263748597077,0.35856573705179284,0.5292397660818713,0.45699831365935917,0.3465870961556897,-1.0,11,"(2, 8)",89594
"woe_enc,mean_imp,no_sel,max_abs_scale,no_samp",0.8631897912550089,0.7761152892073867,1.4831428295682603,0.17732884399551063,0.2142857142857143,0.26023391812865493,0.23795180722891562,0.1929584891189723,0.0621398115776028,11,"(2, 8)",89594
"woe_enc,mean_imp,no_sel,no_scale,over_samp",0.8042720361898608,0.6164059315923127,1.3322178974042784,0.18670309653916206,0.1742424242424242,0.20582877959927137,0.19034354688950783,0.18670309653916206,0.1498220256714486,11,"(2, 8)",89594
"woe_enc,mean_imp,norm_scale,no_samp,k_best_sel",0.1854419410745234,0.6146788990825688,0.7535677879714577,0.3019079685746352,0.3545816733067729,0.5263157894736843,0.45362563237774034,0.3442143610392101,-1.0,11,"(2, 8)",89594
"woe_enc,mean_imp,max_abs_scale,no_samp,no_sel",0.8631897912550089,0.7761152892073867,1.4831428295682603,0.17732884399551063,0.2142857142857143,0.26023391812865493,0.23795180722891562,0.1929584891189723,0.0621398115776028,12,"(2, 8)",89594
"woe_enc,mean_imp,no_sel,norm_scale,no_samp",0.18890814558058924,0.6146788990825688,0.757841292244962,0.30415263748597077,0.35856573705179284,0.5292397660818713,0.45699831365935917,0.3465870961556897,-1.0,12,"(2, 8)",89594
"woe_enc,mean_imp,norm_scale,no_samp,no_sel",0.18890814558058924,0.6146788990825688,0.757841292244962,0.30415263748597077,0.35856573705179284,0.5292397660818713,0.45699831365935917,0.3465870961556897,-1.0,12,"(2, 8)",89594
"target_enc,median_imp,norm_scale,no_samp,no_sel",0.19584055459272098,0.6055045871559633,0.7550772367286129,0.31200897867564537,0.3677685950413223,0.5526315789473684,0.476027397260274,0.35737225577605214,-1.0,12,"(2, 8)",89594
"target_enc,median_imp,no_samp,norm_scale,no_sel",0.19584055459272098,0.6055045871559633,0.7550772367286129,0.31200897867564537,0.3677685950413223,0.5526315789473684,0.476027397260274,0.35737225577605214,-1.0,12,"(2, 8)",89594
"woe_enc,median_imp,no_sel,no_scale,over_samp",0.7832355349344978,0.55385232249707,1.236900755545503,0.17395264116575593,0.1635338345864662,0.18943533697632053,0.17668825161887136,0.17395264116575593,0.16769866589327145,12,"(2, 8)",89594
"woe_enc,mean_imp,norm_scale,no_samp,k_best_sel",0.1854419410745234,0.6146788990825688,0.7535677879714577,0.3019079685746352,0.3545816733067729,0.5263157894736843,0.45362563237774034,0.3442143610392101,-1.0,12,"(2, 8)",89594
"woe_enc,mean_imp,norm_scale,no_sel,no_samp",0.18890814558058924,0.6146788990825688,0.757841292244962,0.30415263748597077,0.35856573705179284,0.5292397660818713,0.45699831365935917,0.3465870961556897,-1.0,12,"(2, 8)",89594
"woe_enc,median_imp,norm_scale,no_samp,no_sel",0.1854419410745234,0.6146788990825688,0.7535677879714577,0.303030303030303,0.3548387096774194,0.5321637426900585,0.4576271186440678,0.346227590835011,-1.0,12,"(2, 8)",89594
"woe_enc,mean_imp,norm_scale,under_samp,k_best_sel",0.2947103274559194,0.48623853211009177,0.6980440876656473,0.32309941520467833,0.2976588628762542,0.38596491228070173,0.34477379095163807,0.32309941520467833,-1.0,12,"(2, 8)",89594
"woe_enc,median_imp,no_sel,norm_scale,no_samp",0.1854419410745234,0.6146788990825688,0.7535677879714577,0.303030303030303,0.3548387096774194,0.5321637426900585,0.4576271186440678,0.346227590835011,-1.0,13,"(2, 8)",89594
"woe_enc,mean_imp,norm_scale,no_samp,no_sel",0.18890814558058924,0.6146788990825688,0.757841292244962,0.30415263748597077,0.35856573705179284,0.5292397660818713,0.45699831365935917,0.3465870961556897,-1.0,13,"(2, 8)",89594
"woe_enc,median_imp,norm_scale,no_samp,k_best_sel",0.1854419410745234,0.6146788990825688,0.7535677879714577,0.303030303030303,0.356,0.5292397660818713,0.45608108108108103,0.3456763493433036,-1.0,13,"(2, 8)",89594
"woe_enc,median_imp,no_sel,no_scale,over_samp",0.7609306554260683,0.5399893361770194,1.2242248537458702,0.18943533697632053,0.18484288354898337,0.19672131147540983,0.19082568807339462,0.18943533697632065,0.19558759283529925,13,"(2, 8)",89594
"target_enc,median_imp,norm_scale,no_samp,no_sel",0.19584055459272098,0.6055045871559633,0.7550772367286129,0.31200897867564537,0.3677685950413223,0.5526315789473684,0.476027397260274,0.35737225577605214,-1.0,13,"(2, 8)",89594
"woe_enc,mean_imp,norm_scale,no_samp,k_best_sel",0.1854419410745234,0.6146788990825688,0.7535677879714577,0.3019079685746352,0.3545816733067729,0.5263157894736843,0.45362563237774034,0.3442143610392101,-1.0,13,"(2, 8)",89594
"target_enc,median_imp,no_samp,norm_scale,no_sel",0.19584055459272098,0.6055045871559633,0.7550772367286129,0.31200897867564537,0.3677685950413223,0.5526315789473684,0.476027397260274,0.35737225577605214,-1.0,13,"(2, 8)",89594
"woe_enc,mean_imp,no_sel,norm_scale,no_samp",0.18890814558058924,0.6146788990825688,0.757841292244962,0.30415263748597077,0.35856573705179284,0.5292397660818713,0.45699831365935917,0.3465870961556897,-1.0,13,"(2, 8)",89594
"onehot_enc,mean_imp,norm_scale,no_samp,no_sel",0.1975736568457539,0.6055045871559633,0.7572139888653651,0.3108866442199776,0.36734693877551017,0.5467836257309941,0.4718909710391823,0.35535902598025115,-1.0,13,"(2, 8)",89594
"woe_enc,mean_imp,norm_scale,k_best_sel,no_samp",0.1854419410745234,0.6146788990825688,0.7535677879714577,0.3019079685746352,0.3545816733067729,0.5263157894736843,0.45362563237774034,0.3442143610392101,-1.0,13,"(2, 8)",89594
"woe_enc,median_imp,norm_scale,no_samp,k_best_sel",0.1854419410745234,0.6146788990825688,0.7535677879714577,0.303030303030303,0.356,0.5292397660818713,0.45608108108108103,0.3456763493433036,-1.0,14,"(2, 8)",89594
"woe_enc,median_imp,no_sel,norm_scale,no_samp",0.1854419410745234,0.6146788990825688,0.7535677879714577,0.303030303030303,0.3548387096774194,0.5321637426900585,0.4576271186440678,0.346227590835011,-1.0,14,"(2, 8)",89594
"woe_enc,mean_imp,norm_scale,no_samp,no_sel",0.18890814558058924,0.6146788990825688,0.757841292244962,0.30415263748597077,0.35856573705179284,0.5292397660818713,0.45699831365935917,0.3465870961556897,-1.0,14,"(2, 8)",89594
"target_enc,median_imp,norm_scale,no_samp,no_sel",0.19584055459272098,0.6055045871559633,0.7550772367286129,0.31200897867564537,0.3677685950413223,0.5526315789473684,0.476027397260274,0.35737225577605214,-1.0,14,"(2, 8)",89594
"woe_enc,mean_imp,no_sel,norm_scale,no_samp",0.18890814558058924,0.6146788990825688,0.757841292244962,0.30415263748597077,0.35856573705179284,0.5292397660818713,0.45699831365935917,0.3465870961556897,-1.0,14,"(2, 8)",89594
"target_enc,median_imp,no_samp,norm_scale,no_sel",0.19584055459272098,0.6055045871559633,0.7550772367286129,0.31200897867564537,0.3677685950413223,0.5526315789473684,0.476027397260274,0.35737225577605214,-1.0,14,"(2, 8)",89594
"woe_enc,mean_imp,norm_scale,no_samp,k_best_sel",0.1854419410745234,0.6146788990825688,0.7535677879714577,0.3019079685746352,0.3545816733067729,0.5263157894736843,0.45362563237774034,0.3442143610392101,-1.0,14,"(2, 8)",89594
"onehot_enc,mean_imp,norm_scale,no_samp,no_sel",0.1975736568457539,0.6055045871559633,0.7572139888653651,0.3108866442199776,0.36734693877551017,0.5467836257309941,0.4718909710391823,0.35535902598025115,-1.0,14,"(2, 8)",89594
"woe_enc,mean_imp,norm_scale,k_best_sel,no_samp",0.1854419410745234,0.6146788990825688,0.7535677879714577,0.3019079685746352,0.3545816733067729,0.5263157894736843,0.45362563237774034,0.3442143610392101,-1.0,14,"(2, 8)",89594
"count_enc,mean_imp,norm_scale,no_samp,no_sel",0.11785095320623917,0.7247706422018348,0.8059672233984161,0.2828282828282829,0.2727272727272727,0.5789473684210527,0.4666666666666667,0.33865401207937884,-1.0,14,"(2, 8)",89594
"woe_enc,mean_imp,norm_scale,k_best_sel,no_samp",0.1854419410745234,0.6146788990825688,0.7535677879714577,0.3019079685746352,0.3545816733067729,0.5263157894736843,0.45362563237774034,0.3442143610392101,-1.0,15,"(2, 8)",89594
"count_enc,mean_imp,norm_scale,no_samp,no_sel",0.11785095320623917,0.7247706422018348,0.8059672233984161,0.2828282828282829,0.2727272727272727,0.5789473684210527,0.4666666666666667,0.33865401207937884,-1.0,15,"(2, 8)",89594
"woe_enc,median_imp,no_sel,norm_scale,no_samp",0.1854419410745234,0.6146788990825688,0.7535677879714577,0.303030303030303,0.3548387096774194,0.5321637426900585,0.4576271186440678,0.346227590835011,-1.0,15,"(2, 8)",89594
"woe_enc,mean_imp,norm_scale,no_samp,no_sel",0.18890814558058924,0.6146788990825688,0.757841292244962,0.30415263748597077,0.35856573705179284,0.5292397660818713,0.45699831365935917,0.3465870961556897,-1.0,15,"(2, 8)",89594
"count_enc,mean_imp,norm_scale,k_best_sel,no_samp",0.11785095320623917,0.7247706422018348,0.8059672233984161,0.2828282828282829,0.2727272727272727,0.5789473684210527,0.4666666666666667,0.33865401207937884,-1.0,15,"(2, 8)",89594
"woe_enc,mean_imp,norm_scale,no_samp,k_best_sel",0.1854419410745234,0.6146788990825688,0.7535677879714577,0.3019079685746352,0.3545816733067729,0.5263157894736843,0.45362563237774034,0.3442143610392101,-1.0,15,"(2, 8)",89594
"woe_enc,median_imp,norm_scale,no_samp,k_best_sel",0.1854419410745234,0.6146788990825688,0.7535677879714577,0.303030303030303,0.356,0.5292397660818713,0.45608108108108103,0.3456763493433036,-1.0,15,"(2, 8)",89594
"woe_enc,mean_imp,no_sel,norm_scale,no_samp",0.18890814558058924,0.6146788990825688,0.757841292244962,0.30415263748597077,0.35856573705179284,0.5292397660818713,0.45699831365935917,0.3465870961556897,-1.0,15,"(2, 8)",89594
"onehot_enc,mean_imp,norm_scale,no_samp,no_sel",0.1975736568457539,0.6055045871559633,0.7572139888653651,0.3108866442199776,0.36734693877551017,0.5467836257309941,0.4718909710391823,0.35535902598025115,-1.0,15,"(2, 8)",89594
"target_enc,median_imp,norm_scale,no_samp,no_sel",0.19584055459272098,0.6055045871559633,0.7550772367286129,0.31200897867564537,0.3677685950413223,0.5526315789473684,0.476027397260274,0.35737225577605214,-1.0,15,"(2, 8)",89594
"woe_enc,median_imp,no_sel,norm_scale,no_samp",0.1854419410745234,0.6146788990825688,0.7535677879714577,0.303030303030303,0.3548387096774194,0.5321637426900585,0.4576271186440678,0.346227590835011,-1.0,16,"(2, 8)",89594
"woe_enc,median_imp,norm_scale,no_samp,k_best_sel",0.1854419410745234,0.6146788990825688,0.7535677879714577,0.303030303030303,0.356,0.5292397660818713,0.45608108108108103,0.3456763493433036,-1.0,16,"(2, 8)",89594
"count_enc,mean_imp,norm_scale,k_best_sel,no_samp",0.11785095320623917,0.7247706422018348,0.8059672233984161,0.2828282828282829,0.2727272727272727,0.5789473684210527,0.4666666666666667,0.33865401207937884,-1.0,16,"(2, 8)",89594
"woe_enc,mean_imp,norm_scale,k_best_sel,no_samp",0.1854419410745234,0.6146788990825688,0.7535677879714577,0.3019079685746352,0.3545816733067729,0.5263157894736843,0.45362563237774034,0.3442143610392101,-1.0,16,"(2, 8)",89594
"woe_enc,mean_imp,no_sel,norm_scale,no_samp",0.18890814558058924,0.6146788990825688,0.757841292244962,0.30415263748597077,0.35856573705179284,0.5292397660818713,0.45699831365935917,0.3465870961556897,-1.0,16,"(2, 8)",89594
"woe_enc,mean_imp,norm_scale,no_samp,k_best_sel",0.1854419410745234,0.6146788990825688,0.7535677879714577,0.3019079685746352,0.3545816733067729,0.5263157894736843,0.45362563237774034,0.3442143610392101,-1.0,16,"(2, 8)",89594
"count_enc,mean_imp,norm_scale,no_samp,no_sel",0.11785095320623917,0.7247706422018348,0.8059672233984161,0.2828282828282829,0.2727272727272727,0.5789473684210527,0.4666666666666667,0.33865401207937884,-1.0,16,"(2, 8)",89594
"woe_enc,median_imp,no_sel,norm_scale,under_samp",0.29177057356608477,0.48623853211009177,0.6951426416991329,0.3128654970760234,0.28378378378378377,0.3801169590643275,0.335423197492163,0.3128654970760234,-1.0,16,"(2, 8)",89594
"woe_enc,mean_imp,norm_scale,no_samp,no_sel",0.18890814558058924,0.6146788990825688,0.757841292244962,0.30415263748597077,0.35856573705179284,0.5292397660818713,0.45699831365935917,0.3465870961556897,-1.0,16,"(2, 8)",89594
"onehot_enc,mean_imp,norm_scale,no_samp,no_sel",0.1975736568457539,0.6055045871559633,0.7572139888653651,0.3108866442199776,0.36734693877551017,0.5467836257309941,0.4718909710391823,0.35535902598025115,-1.0,16,"(2, 8)",89594
"woe_enc,median_imp,norm_scale,no_samp,k_best_sel",0.1854419410745234,0.6146788990825688,0.7535677879714577,0.303030303030303,0.356,0.5292397660818713,0.45608108108108103,0.3456763493433036,-1.0,17,"(2, 8)",89594
"woe_enc,mean_imp,norm_scale,no_samp,k_best_sel",0.1854419410745234,0.6146788990825688,0.7535677879714577,0.3019079685746352,0.3545816733067729,0.5263157894736843,0.45362563237774034,0.3442143610392101,-1.0,17,"(2, 8)",89594
"woe_enc,median_imp,norm_scale,no_samp,no_sel",0.1854419410745234,0.6146788990825688,0.7535677879714577,0.303030303030303,0.3548387096774194,0.5321637426900585,0.4576271186440678,0.346227590835011,-1.0,17,"(2, 8)",89594
"woe_enc,mean_imp,no_sel,norm_scale,no_samp",0.18890814558058924,0.6146788990825688,0.757841292244962,0.30415263748597077,0.35856573705179284,0.5292397660818713,0.45699831365935917,0.3465870961556897,-1.0,17,"(2, 8)",89594
"count_enc,mean_imp,norm_scale,k_best_sel,no_samp",0.11785095320623917,0.7247706422018348,0.8059672233984161,0.2828282828282829,0.2727272727272727,0.5789473684210527,0.4666666666666667,0.33865401207937884,-1.0,17,"(2, 8)",89594
"woe_enc,mean_imp,norm_scale,k_best_sel,no_samp",0.1854419410745234,0.6146788990825688,0.7535677879714577,0.3019079685746352,0.3545816733067729,0.5263157894736843,0.45362563237774034,0.3442143610392101,-1.0,17,"(2, 8)",89594
"count_enc,mean_imp,norm_scale,no_samp,no_sel",0.11785095320623917,0.7247706422018348,0.8059672233984161,0.2828282828282829,0.2727272727272727,0.5789473684210527,0.4666666666666667,0.33865401207937884,-1.0,17,"(2, 8)",89594
"woe_enc,mean_imp,norm_scale,no_samp,no_sel",0.18890814558058924,0.6146788990825688,0.757841292244962,0.30415263748597077,0.35856573705179284,0.5292397660818713,0.45699831365935917,0.3465870961556897,-1.0,17,"(2, 8)",89594
"count_enc,most_freq_imp,norm_scale,k_best_sel,no_samp",0.11785095320623917,0.7247706422018348,0.8059672233984161,0.2828282828282829,0.2727272727272727,0.5789473684210527,0.4666666666666667,0.33865401207937884,-1.0,17,"(2, 8)",89594
"onehot_enc,mean_imp,norm_scale,no_samp,no_sel",0.1975736568457539,0.6055045871559633,0.7572139888653651,0.3108866442199776,0.36734693877551017,0.5467836257309941,0.4718909710391823,0.35535902598025115,-1.0,17,"(2, 8)",89594
"woe_enc,median_imp,norm_scale,no_samp,k_best_sel",0.1854419410745234,0.6146788990825688,0.7535677879714577,0.303030303030303,0.356,0.5292397660818713,0.45608108108108103,0.3456763493433036,-1.0,18,"(2, 8)",89594
"woe_enc,mean_imp,norm_scale,no_samp,k_best_sel",0.1854419410745234,0.6146788990825688,0.7535677879714577,0.3019079685746352,0.3545816733067729,0.5263157894736843,0.45362563237774034,0.3442143610392101,-1.0,18,"(2, 8)",89594
"count_enc,mean_imp,norm_scale,no_samp,no_sel",0.11785095320623917,0.7247706422018348,0.8059672233984161,0.2828282828282829,0.2727272727272727,0.5789473684210527,0.4666666666666667,0.33865401207937884,-1.0,18,"(2, 8)",89594
"count_enc,most_freq_imp,norm_scale,k_best_sel,no_samp",0.11785095320623917,0.7247706422018348,0.8059672233984161,0.2828282828282829,0.2727272727272727,0.5789473684210527,0.4666666666666667,0.33865401207937884,-1.0,18,"(2, 8)",89594
"count_enc,mean_imp,norm_scale,no_samp,k_best_sel",0.11785095320623917,0.7247706422018348,0.8059672233984161,0.2828282828282829,0.2727272727272727,0.5789473684210527,0.4666666666666667,0.33865401207937884,-1.0,18,"(2, 8)",89594
"count_enc,mean_imp,norm_scale,no_sel,no_samp",0.11785095320623917,0.7247706422018348,0.8059672233984161,0.2828282828282829,0.2727272727272727,0.5789473684210527,0.4666666666666667,0.33865401207937884,-1.0,18,"(2, 8)",89594
"woe_enc,mean_imp,norm_scale,no_samp,no_sel",0.18890814558058924,0.6146788990825688,0.757841292244962,0.30415263748597077,0.35856573705179284,0.5292397660818713,0.45699831365935917,0.3465870961556897,-1.0,18,"(2, 8)",89594
"woe_enc,median_imp,norm_scale,no_samp,no_sel",0.1854419410745234,0.6146788990825688,0.7535677879714577,0.303030303030303,0.3548387096774194,0.5321637426900585,0.4576271186440678,0.346227590835011,-1.0,18,"(2, 8)",89594
"count_enc,mean_imp,norm_scale,k_best_sel,no_samp",0.11785095320623917,0.7247706422018348,0.8059672233984161,0.2828282828282829,0.2727272727272727,0.5789473684210527,0.4666666666666667,0.33865401207937884,-1.0,18,"(2, 8)",89594
"woe_enc,mean_imp,norm_scale,k_best_sel,no_samp",0.1854419410745234,0.6146788990825688,0.7535677879714577,0.3019079685746352,0.3545816733067729,0.5263157894736843,0.45362563237774034,0.3442143610392101,-1.0,18,"(2, 8)",89594
"count_enc,most_freq_imp,norm_scale,k_best_sel,no_samp",0.11785095320623917,0.7247706422018348,0.8059672233984161,0.2828282828282829,0.2727272727272727,0.5789473684210527,0.4666666666666667,0.33865401207937884,-1.0,19,"(2, 8)",89594
"count_enc,mean_imp,norm_scale,k_best_sel,no_samp",0.11785095320623917,0.7247706422018348,0.8059672233984161,0.2828282828282829,0.2727272727272727,0.5789473684210527,0.4666666666666667,0.33865401207937884,-1.0,19,"(2, 8)",89594
"woe_enc,mean_imp,norm_scale,k_best_sel,no_samp",0.1854419410745234,0.6146788990825688,0.7535677879714577,0.3019079685746352,0.3545816733067729,0.5263157894736843,0.45362563237774034,0.3442143610392101,-1.0,19,"(2, 8)",89594
"woe_enc,mean_imp,norm_scale,no_samp,k_best_sel",0.1854419410745234,0.6146788990825688,0.7535677879714577,0.3019079685746352,0.3545816733067729,0.5263157894736843,0.45362563237774034,0.3442143610392101,-1.0,19,"(2, 8)",89594
"count_enc,mean_imp,norm_scale,no_samp,k_best_sel",0.11785095320623917,0.7247706422018348,0.8059672233984161,0.2828282828282829,0.2727272727272727,0.5789473684210527,0.4666666666666667,0.33865401207937884,-1.0,19,"(2, 8)",89594
"count_enc,mean_imp,norm_scale,no_sel,no_samp",0.11785095320623917,0.7247706422018348,0.8059672233984161,0.2828282828282829,0.2727272727272727,0.5789473684210527,0.4666666666666667,0.33865401207937884,-1.0,19,"(2, 8)",89594
"woe_enc,median_imp,norm_scale,no_samp,k_best_sel",0.1854419410745234,0.6146788990825688,0.7535677879714577,0.303030303030303,0.356,0.5292397660818713,0.45608108108108103,0.3456763493433036,-1.0,19,"(2, 8)",89594
"count_enc,mean_imp,norm_scale,no_samp,no_sel",0.11785095320623917,0.7247706422018348,0.8059672233984161,0.2828282828282829,0.2727272727272727,0.5789473684210527,0.4666666666666667,0.33865401207937884,-1.0,19,"(2, 8)",89594
"woe_enc,mean_imp,norm_scale,no_samp,no_sel",0.18890814558058924,0.6146788990825688,0.757841292244962,0.30415263748597077,0.35856573705179284,0.5292397660818713,0.45699831365935917,0.3465870961556897,-1.0,19,"(2, 8)",89594
"woe_enc,median_imp,norm_scale,under_samp,no_sel",0.2853598014888337,0.48623853211009177,0.6869188042189354,0.3157894736842105,0.2857142857142857,0.38596491228070173,0.3396226415094339,0.3157894736842104,-1.0,19,"(2, 8)",89594
"count_enc,mean_imp,norm_scale,k_best_sel,no_samp",0.11785095320623917,0.7247706422018348,0.8059672233984161,0.2828282828282829,0.2727272727272727,0.5789473684210527,0.4666666666666667,0.33865401207937884,-1.0,20,"(2, 8)",89594
"count_enc,mean_imp,norm_scale,no_samp,k_best_sel",0.11785095320623917,0.7247706422018348,0.8059672233984161,0.2828282828282829,0.2727272727272727,0.5789473684210527,0.4666666666666667,0.33865401207937884,-1.0,20,"(2, 8)",89594
"woe_enc,mean_imp,norm_scale,k_best_sel,no_samp",0.1854419410745234,0.6146788990825688,0.7535677879714577,0.3019079685746352,0.3545816733067729,0.5263157894736843,0.45362563237774034,0.3442143610392101,-1.0,20,"(2, 8)",89594
"woe_enc,mean_imp,norm_scale,no_samp,no_sel",0.18890814558058924,0.6146788990825688,0.757841292244962,0.30415263748597077,0.35856573705179284,0.5292397660818713,0.45699831365935917,0.3465870961556897,-1.0,20,"(2, 8)",89594
"count_enc,mean_imp,norm_scale,no_sel,no_samp",0.11785095320623917,0.7247706422018348,0.8059672233984161,0.2828282828282829,0.2727272727272727,0.5789473684210527,0.4666666666666667,0.33865401207937884,-1.0,20,"(2, 8)",89594
"count_enc,mean_imp,norm_scale,no_samp,no_sel",0.11785095320623917,0.7247706422018348,0.8059672233984161,0.2828282828282829,0.2727272727272727,0.5789473684210527,0.4666666666666667,0.33865401207937884,-1.0,20,"(2, 8)",89594
"count_enc,most_freq_imp,norm_scale,k_best_sel,no_samp",0.11785095320623917,0.7247706422018348,0.8059672233984161,0.2828282828282829,0.2727272727272727,0.5789473684210527,0.4666666666666667,0.33865401207937884,-1.0,20,"(2, 8)",89594
"woe_enc,mean_imp,norm_scale,no_samp,k_best_sel",0.1854419410745234,0.6146788990825688,0.7535677879714577,0.3019079685746352,0.3545816733067729,0.5263157894736843,0.45362563237774034,0.3442143610392101,-1.0,20,"(2, 8)",89594
"woe_enc,median_imp,norm_scale,no_samp,k_best_sel",0.1854419410745234,0.6146788990825688,0.7535677879714577,0.303030303030303,0.356,0.5292397660818713,0.45608108108108103,0.3456763493433036,-1.0,20,"(2, 8)",89594
"woe_enc,median_imp,norm_scale,under_samp,no_sel",0.3034825870646766,0.48623853211009177,0.7114945048063375,0.32163742690058483,0.30194805194805197,0.3713450292397661,0.3384615384615386,0.3216374269005846,-1.0,20,"(2, 8)",89594
"loo_enc,median_imp,min_max_scale,no_samp,k_best_sel",0.903983927408405,0.8495097846202307,1.6655116839554633,0.19753086419753085,0.24382716049382713,0.283625730994152,0.2642642642642641,0.21376186367558248,0.04748002279785514,0,"(3, 7)",89594
"onehot_enc,median_imp,k_best_sel,over_samp,quant_scale",0.8232484076433121,0.6375,1.5242521367521367,0.21493624772313302,0.23063683304647165,0.18579234972677594,0.20884955752212397,0.2149362477231329,0.1767515923566879,0,"(3, 7)",89594
"target_enc,most_freq_imp,under_samp,no_sel,min_max_scale",0.8387096774193549,0.5963302752293578,1.5249017038007864,0.19590643274853803,0.19942196531791911,0.1900584795321637,0.19476744186046513,0.19590643274853792,0.16129032258064516,0,"(3, 7)",89594
"ordinal_enc,median_imp,no_sel,min_max_scale,no_samp",0.8782247292717659,0.8415167145725873,1.6140713204605266,0.20314253647586977,0.24764890282131657,0.29824561403508776,0.27382753403933435,0.2210718051960502,0.052362319617407255,0,"(3, 7)",89594
"loo_enc,mean_imp,no_sel,over_samp,quant_scale",0.8480948862107833,0.6863905325443787,1.5740923369128497,0.21493624772313302,0.21699819168173595,0.21129326047358832,0.21415607985480933,0.21493624772313302,0.14820971123492133,0,"(3, 7)",89594
"woe_enc,median_imp,no_sel,max_abs_scale,no_samp",0.8631897912550089,0.7761152892073867,1.4831428295682603,0.17732884399551063,0.2142857142857143,0.26023391812865493,0.23795180722891562,0.1929584891189723,0.0621398115776028,0,"(3, 7)",89594
"woe_enc,mean_imp,no_sel,under_samp,norm_scale",0.2964824120603015,0.4954128440366973,0.7134059236214724,0.33040935672514615,0.3079470198675497,0.38888888888888884,0.3509316770186335,0.33040935672514615,-1.0,0,"(3, 7)",89594
"woe_enc,most_freq_imp,max_abs_scale,k_best_sel,no_samp",0.8953184161432404,0.7895814466275545,1.5975111712239456,0.18518518518518523,0.23100303951367784,0.26023391812865493,0.24590163934426224,0.19933371680567524,0.05661079641282728,0,"(3, 7)",89594
"ordinal_enc,most_freq_imp,under_samp,no_sel,norm_scale",0.30904522613065327,0.45871559633027525,0.680168883527507,0.33040935672514615,0.2972027972027972,0.4122807017543859,0.3598726114649681,0.33040935672514615,-1.0,0,"(3, 7)",89594
"loo_enc,median_imp,k_best_sel,no_scale,over_samp",0.7791565500496633,0.5504214062592091,1.3593007984719345,0.20765027322404372,0.21693121693121697,0.1912568306010929,0.20430107526881724,0.20765027322404372,0.20648111723052717,0,"(3, 7)",89594
"woe_enc,median_imp,k_best_sel,no_scale,over_samp",0.8118773490246765,0.6175188889237233,1.408592013330181,0.19763205828779595,0.20036101083032487,0.19307832422586524,0.1967361740707162,0.19763205828779595,0.16652059290814814,1,"(3, 7)",89594
"loo_enc,median_imp,no_sel,max_abs_scale,no_samp",0.8912450739052203,0.8311611607670197,1.6020538483263738,0.18855218855218858,0.22812500000000002,0.2777777777777778,0.2537764350453172,0.2053734061930783,0.048126009502587865,1,"(3, 7)",89594
"onehot_enc,most_freq_imp,k_best_sel,over_samp,quant_scale",0.865625,0.7325581395348837,1.647088054064798,0.22495446265938068,0.22242647058823528,0.2295081967213115,0.22598353156450146,0.22495446265938068,0.134375,1,"(3, 7)",89594
"woe_enc,median_imp,max_abs_scale,k_best_sel,no_samp",0.8921337027674442,0.7895814466275545,1.5851654922115999,0.18406285072951745,0.22865853658536583,0.26023391812865493,0.24477611940298516,0.19842296999328912,0.05680140515495801,1,"(3, 7)",89594
"ordinal_enc,median_imp,min_max_scale,no_samp,k_best_sel",0.8921337027674442,0.8317517817065008,1.6515523515070707,0.20426487093153756,0.25609756097560976,0.2865497076023392,0.27164179104477615,0.2197775860416068,0.05680140515495801,1,"(3, 7)",89594
"loo_enc,most_freq_imp,under_samp,no_sel,norm_scale",0.32839506172839505,0.41284403669724773,0.6459521448053558,0.32748538011695905,0.30067567567567566,0.39473684210526316,0.35109717868338564,0.32748538011695927,-1.0,1,"(3, 7)",89594
"ordinal_enc,most_freq_imp,under_samp,no_sel,norm_scale",0.3217821782178218,0.45871559633027525,0.6993935624319702,0.3362573099415205,0.3082191780821918,0.4093567251461988,0.362776025236593,0.33625730994152037,-1.0,1,"(3, 7)",89594
"loo_enc,median_imp,k_best_sel,no_scale,over_samp",0.8149300900210688,0.622638922739459,1.4507490841829536,0.20765027322404372,0.20765027322404372,0.20765027322404372,0.20765027322404372,0.20765027322404372,0.1667156286721504,1,"(3, 7)",89594
"woe_enc,most_freq_imp,max_abs_scale,k_best_sel,no_samp",0.8953184161432404,0.7895814466275545,1.5975111712239456,0.18518518518518523,0.23100303951367784,0.26023391812865493,0.24590163934426224,0.19933371680567524,0.05661079641282728,1,"(3, 7)",89594
"woe_enc,mean_imp,no_sel,under_samp,norm_scale",0.29528535980148884,0.4954128440366973,0.7130999188666293,0.32309941520467833,0.2990033222591362,0.3830409356725146,0.3437013996889581,0.32309941520467833,-1.0,1,"(3, 7)",89594
"ordinal_enc,median_imp,min_max_scale,no_samp,k_best_sel",0.8921337027674442,0.8317517817065008,1.6515523515070707,0.20426487093153756,0.25609756097560976,0.2865497076023392,0.27164179104477615,0.2197775860416068,0.05680140515495801,2,"(3, 7)",89594
"woe_enc,median_imp,max_abs_scale,k_best_sel,no_samp",0.8921337027674442,0.7895814466275545,1.5851654922115999,0.18406285072951745,0.22865853658536583,0.26023391812865493,0.24477611940298516,0.19842296999328912,0.05680140515495801,2,"(3, 7)",89594
"ordinal_enc,most_freq_imp,under_samp,no_sel,norm_scale",0.2860696517412935,0.45871559633027525,0.6498418761937566,0.3172514619883041,0.2759856630824373,0.4093567251461988,0.3494363929146538,0.3172514619883041,-1.0,2,"(3, 7)",89594
"ordinal_enc,most_freq_imp,no_sel,under_samp,norm_scale",0.31343283582089554,0.45871559633027525,0.6873845383097974,0.33479532163742687,0.30716723549488056,0.4064327485380117,0.3606299212598424,0.33479532163742687,-1.0,2,"(3, 7)",89594
"loo_enc,median_imp,k_best_sel,no_scale,over_samp",0.8399901984807645,0.6673697037870266,1.4980914511754406,0.20127504553734066,0.1962962962962963,0.20947176684881608,0.20293847566574852,0.20127504553734077,0.141425947570546,2,"(3, 7)",89594
"loo_enc,most_freq_imp,norm_scale,no_sel,under_samp",0.3208955223880597,0.44036697247706424,0.6724488837398629,0.3391812865497076,0.3116438356164384,0.4122807017543859,0.36593059936908523,0.3391812865497076,-1.0,2,"(3, 7)",89594
"woe_enc,mean_imp,under_samp,k_best_sel,norm_scale",0.29219143576826195,0.47706422018348627,0.6819253312945974,0.32456140350877194,0.29591836734693877,0.39473684210526316,0.34905660377358494,0.32456140350877194,-1.0,2,"(3, 7)",89594
"woe_enc,mean_imp,no_sel,under_samp,norm_scale",0.3139240506329114,0.47706422018348627,0.7113299544492205,0.32748538011695905,0.305921052631579,0.3830409356725146,0.34674922600619196,0.32748538011695905,-1.0,2,"(3, 7)",89594
"loo_enc,most_freq_imp,under_samp,no_sel,norm_scale",0.3358024691358025,0.41284403669724773,0.656087279940491,0.3377192982456141,0.31438127090301005,0.4005847953216374,0.36037441497659894,0.337719298245614,-1.0,2,"(3, 7)",89594
"woe_enc,median_imp,k_best_sel,no_scale,over_samp",0.7965755966995509,0.5831672376206789,1.3554844266045345,0.19398907103825136,0.20106761565836295,0.18214936247723135,0.19171917191719168,0.19398907103825136,0.18213507777618498,2,"(3, 7)",89594
"woe_enc,median_imp,k_best_sel,norm_scale,over_samp",0.2948517940717629,0.4913294797687861,0.7071414455807519,0.29872495446265934,0.28626692456479685,0.3278688524590164,0.3076923076923076,0.29872495446265934,-1.0,3,"(3, 7)",89594
"woe_enc,mean_imp,no_sel,under_samp,no_scale",0.7687212285202235,0.56510611489546,1.20942288710934,0.18274853801169588,0.17611940298507467,0.19298245614035092,0.18463810930576074,0.182748538011696,0.17964824120603015,3,"(3, 7)",89594
"woe_enc,mean_imp,under_samp,k_best_sel,norm_scale",0.29177057356608477,0.5045871559633027,0.720340580620837,0.32309941520467833,0.29491525423728815,0.39181286549707606,0.34693877551020413,0.32309941520467833,-1.0,3,"(3, 7)",89594
"woe_enc,mean_imp,no_sel,under_samp,norm_scale",0.2947103274559194,0.47706422018348627,0.6853975535168196,0.3114035087719298,0.2798634812286689,0.3830409356725146,0.3354330708661417,0.3114035087719298,-1.0,3,"(3, 7)",89594
"woe_enc,mean_imp,under_samp,no_sel,norm_scale",0.3056234718826406,0.47706422018348627,0.703730886850153,0.3172514619883041,0.29372937293729373,0.3742690058479532,0.33643410852713174,0.3172514619883041,-1.0,3,"(3, 7)",89594
"loo_enc,most_freq_imp,no_sel,under_samp,norm_scale",0.3283208020050125,0.45871559633027525,0.7069914583992407,0.3464912280701754,0.32081911262798635,0.41812865497076024,0.373228346456693,0.3464912280701755,-1.0,3,"(3, 7)",89594
"ordinal_enc,most_freq_imp,no_sel,under_samp,norm_scale",0.315,0.44954128440366975,0.67634540811501,0.32894736842105265,0.3003412969283277,0.4005847953216374,0.35433070866141736,0.32894736842105254,-1.0,3,"(3, 7)",89594
"loo_enc,most_freq_imp,norm_scale,no_sel,under_samp",0.3275,0.42201834862385323,0.6556953245688704,0.33333333333333337,0.30612244897959184,0.4035087719298246,0.3584905660377359,0.33333333333333326,-1.0,3,"(3, 7)",89594
"ordinal_enc,most_freq_imp,under_samp,no_sel,norm_scale",0.32,0.45871559633027525,0.6958289983921309,0.33333333333333337,0.303448275862069,0.4093567251461988,0.3607594936708861,0.33333333333333337,-1.0,3,"(3, 7)",89594
"loo_enc,median_imp,k_best_sel,no_scale,over_samp",0.7665330972571678,0.5341269841269841,1.3161782661782662,0.20582877959927137,0.21516754850088182,0.18943533697632053,0.20250896057347678,0.20582877959927137,0.213857916533928,3,"(3, 7)",89594
"woe_enc,mean_imp,no_sel,under_samp,norm_scale",0.31,0.46788990825688076,0.694694031968221,0.3201754385964912,0.2996742671009772,0.3713450292397661,0.33744221879815106,0.3201754385964912,-1.0,4,"(3, 7)",89594
"ordinal_enc,most_freq_imp,under_samp,no_sel,norm_scale",0.2957393483709273,0.45871559633027525,0.6621638721923442,0.32163742690058483,0.28671328671328666,0.4035087719298246,0.35031847133757965,0.3216374269005847,-1.0,4,"(3, 7)",89594
"woe_enc,mean_imp,under_samp,k_best_sel,norm_scale",0.2975,0.4954128440366973,0.7153441155143605,0.32163742690058483,0.2925170068027211,0.39181286549707606,0.3459119496855346,0.32163742690058483,-1.0,4,"(3, 7)",89594
"woe_enc,mean_imp,under_samp,no_sel,norm_scale",0.3015075376884422,0.47706422018348627,0.6950572997682614,0.32748538011695905,0.3084415584415584,0.3771929824561403,0.34461538461538455,0.32748538011695905,-1.0,4,"(3, 7)",89594
"woe_enc,mean_imp,over_samp,k_best_sel,norm_scale",0.29704510108864696,0.4685714285714286,0.677973137973138,0.3041894353369763,0.28712871287128716,0.34426229508196726,0.3168880455407971,0.3041894353369764,-1.0,4,"(3, 7)",89594
"woe_enc,median_imp,k_best_sel,norm_scale,under_samp",0.3002481389578164,0.48623853211009177,0.7073269674842414,0.32456140350877194,0.3026315789473685,0.3801169590643275,0.3436532507739939,0.32456140350877194,-1.0,4,"(3, 7)",89594
"loo_enc,most_freq_imp,no_sel,under_samp,norm_scale",0.3349875930521092,0.45871559633027525,0.7172189976908194,0.3494152046783626,0.3254237288135593,0.41812865497076024,0.3751962323390894,0.3494152046783625,-1.0,4,"(3, 7)",89594
"woe_enc,median_imp,k_best_sel,norm_scale,over_samp",0.30359937402190923,0.45614035087719296,0.6719523166891588,0.30236794171220405,0.28932038834951457,0.33333333333333337,0.31203007518797,0.30236794171220394,-1.0,4,"(3, 7)",89594
"ordinal_enc,most_freq_imp,no_sel,under_samp,norm_scale",0.314070351758794,0.45871559633027525,0.6870892987524206,0.33333333333333337,0.303448275862069,0.4093567251461988,0.3607594936708861,0.33333333333333337,-1.0,4,"(3, 7)",89594
"loo_enc,most_freq_imp,norm_scale,no_sel,under_samp",0.32425742574257427,0.44036697247706424,0.6776551080702846,0.3362573099415205,0.3068965517241379,0.4122807017543859,0.36392405063291144,0.3362573099415205,-1.0,4,"(3, 7)",89594
"woe_enc,median_imp,under_samp,k_best_sel,norm_scale",0.29850746268656714,0.48623853211009177,0.7046685662397846,0.3201754385964912,0.29702970297029707,0.3771929824561403,0.3395348837209303,0.3201754385964911,-1.0,5,"(3, 7)",89594
"woe_enc,mean_imp,k_best_sel,norm_scale,over_samp",0.3169984686064318,0.4486486486486487,0.6730076230076231,0.307832422586521,0.2951456310679612,0.3387978142076503,0.317669172932331,0.3078324225865209,-1.0,5,"(3, 7)",89594
"ordinal_enc,mean_imp,over_samp,k_best_sel,norm_scale",0.31211180124223603,0.4602272727272727,0.6867229992229992,0.3224043715846995,0.29645093945720247,0.38615664845173037,0.3443579766536964,0.32240437158469937,-1.0,5,"(3, 7)",89594
"woe_enc,most_freq_imp,under_samp,no_sel,norm_scale",0.2903225806451613,0.47706422018348627,0.6811458528365475,0.3114035087719298,0.2857142857142857,0.3713450292397661,0.3312597200622084,0.3114035087719298,-1.0,5,"(3, 7)",89594
"woe_enc,mean_imp,under_samp,no_sel,norm_scale",0.29,0.47706422018348627,0.679813361076957,0.32163742690058483,0.29801324503311255,0.3801169590643275,0.3416149068322981,0.32163742690058483,-1.0,5,"(3, 7)",89594
"woe_enc,median_imp,k_best_sel,norm_scale,over_samp",0.2983257229832572,0.47619047619047616,0.6834554334554335,0.3041894353369763,0.28456913827655306,0.3497267759562842,0.3187022900763359,0.3041894353369763,-1.0,5,"(3, 7)",89594
"ordinal_enc,most_freq_imp,under_samp,no_sel,norm_scale",0.3192019950124688,0.45871559633027525,0.695016966193289,0.3377192982456141,0.3066202090592335,0.41812865497076024,0.3672496025437202,0.337719298245614,-1.0,5,"(3, 7)",89594
"loo_enc,most_freq_imp,norm_scale,no_sel,under_samp",0.32432432432432434,0.44954128440366975,0.6911520226587033,0.3421052631578947,0.31506849315068497,0.41520467836257313,0.3690851735015772,0.3421052631578947,-1.0,5,"(3, 7)",89594
"woe_enc,mean_imp,over_samp,k_best_sel,norm_scale",0.27821939586645467,0.515527950310559,0.7227929075755163,0.2969034608378871,0.28180039138943247,0.331511839708561,0.3075471698113208,0.2969034608378871,-1.0,5,"(3, 7)",89594
"woe_enc,mean_imp,under_samp,k_best_sel,norm_scale",0.2938271604938272,0.47706422018348627,0.6865236796429457,0.3201754385964912,0.29702970297029707,0.3771929824561403,0.3395348837209303,0.3201754385964911,-1.0,5,"(3, 7)",89594
"woe_enc,median_imp,k_best_sel,norm_scale,over_samp",0.2837209302325581,0.519774011299435,0.7291757207011444,0.30327868852459017,0.28823529411764703,0.3387978142076503,0.31444759206798867,0.3032786885245903,-1.0,6,"(3, 7)",89594
"woe_enc,mean_imp,under_samp,no_sel,norm_scale",0.29455445544554454,0.48623853211009177,0.6997978541439901,0.314327485380117,0.28903654485049834,0.3742690058479532,0.33437013996889586,0.3143274853801169,-1.0,6,"(3, 7)",89594
"woe_enc,mean_imp,over_samp,k_best_sel,norm_scale",0.3059006211180124,0.4602272727272727,0.6781759906759907,0.3005464480874317,0.28737864077669906,0.331511839708561,0.31015037593984973,0.3005464480874317,-1.0,6,"(3, 7)",89594
"woe_enc,mean_imp,k_best_sel,norm_scale,over_samp",0.308411214953271,0.41954022988505746,0.6268051871500148,0.2932604735883424,0.27875243664717353,0.32604735883424407,0.30320150659133716,0.2932604735883424,-1.0,6,"(3, 7)",89594
"woe_enc,mean_imp,under_samp,k_best_sel,norm_scale",0.28888888888888886,0.4954128440366973,0.7048723034961567,0.32309941520467833,0.2976588628762542,0.38596491228070173,0.34477379095163807,0.32309941520467833,-1.0,6,"(3, 7)",89594
"woe_enc,most_freq_imp,under_samp,no_sel,norm_scale",0.30445544554455445,0.46788990825688076,0.6882288913077282,0.3099415204678363,0.288961038961039,0.35964912280701755,0.32615384615384624,0.3099415204678363,-1.0,6,"(3, 7)",89594
"woe_enc,median_imp,under_samp,k_best_sel,norm_scale",0.29064039408866993,0.47706422018348627,0.6824514255706917,0.3114035087719298,0.28135593220338984,0.3801169590643275,0.3343799058084773,0.3114035087719299,-1.0,6,"(3, 7)",89594
"ordinal_enc,mean_imp,over_samp,k_best_sel,norm_scale",0.3166926677067083,0.44508670520231214,0.6737191838347908,0.3224043715846995,0.29729729729729726,0.3843351548269581,0.34368932038834954,0.32240437158469937,-1.0,6,"(3, 7)",89594
"woe_enc,most_freq_imp,under_samp,no_sel,min_max_scale",0.8192008996029096,0.601803362601882,1.484482738458773,0.21052631578947367,0.21387283236994215,0.20467836257309946,0.20930232558139528,0.21052631578947367,0.16622257193440515,6,"(3, 7)",89594
"target_enc,mean_imp,under_samp,k_best_sel,norm_scale",0.3523573200992556,0.41284403669724773,0.6781501591462273,0.3450292397660819,0.3290322580645161,0.39181286549707606,0.361963190184049,0.345029239766082,-1.0,6,"(3, 7)",89594
"woe_enc,mean_imp,over_samp,k_best_sel,norm_scale",0.3074581430745814,0.4603174603174603,0.6739926739926739,0.30327868852459017,0.28400000000000003,0.34790528233151186,0.3174451858913251,0.30327868852459017,-1.0,7,"(3, 7)",89594
"woe_enc,most_freq_imp,under_samp,no_sel,norm_scale",0.3132832080200501,0.48623853211009177,0.7241695665928504,0.3406432748538012,0.32915360501567403,0.3742690058479532,0.3524962178517398,0.3406432748538012,-1.0,7,"(3, 7)",89594
"target_enc,mean_imp,under_samp,k_best_sel,norm_scale",0.4396984924623116,0.3577981651376147,0.7211199644455732,0.32309941520467833,0.3483709273182958,0.23976608187134507,0.29824561403508776,0.32309941520467844,-1.0,7,"(3, 7)",89594
"woe_enc,median_imp,k_best_sel,norm_scale,over_samp",0.2895148669796557,0.4853801169590643,0.6926450742240216,0.29599271402550087,0.2803921568627451,0.331511839708561,0.30689329556185074,0.29599271402550087,-1.0,7,"(3, 7)",89594
"woe_enc,mean_imp,under_samp,no_sel,norm_scale",0.3148614609571788,0.47706422018348627,0.7131753312945974,0.32309941520467833,0.30293159609120524,0.3742690058479532,0.34052388289676416,0.3230994152046782,-1.0,7,"(3, 7)",89594
"woe_enc,median_imp,under_samp,k_best_sel,norm_scale",0.3,0.47706422018348627,0.6963333231735195,0.3055555555555556,0.2775919732441472,0.368421052631579,0.32605304212168496,0.3055555555555556,-1.0,7,"(3, 7)",89594
"woe_enc,mean_imp,under_samp,k_best_sel,norm_scale",0.3007518796992481,0.46788990825688076,0.6816830117051567,0.3114035087719298,0.28428093645484953,0.3742690058479532,0.3322932917316693,0.3114035087719298,-1.0,7,"(3, 7)",89594
"onehot_enc,most_freq_imp,under_samp,no_sel,min_max_scale",0.7843487014649912,0.5877465842422334,1.3398724345823694,0.20175438596491224,0.2052023121387283,0.19590643274853803,0.20058139534883723,0.20175438596491224,0.18969858414829954,7,"(3, 7)",89594
"woe_enc,mean_imp,k_best_sel,norm_scale,over_samp",0.3018867924528302,0.47619047619047616,0.6984126984126984,0.3051001821493625,0.2942307692307692,0.331511839708561,0.31337698783910184,0.3051001821493625,-1.0,7,"(3, 7)",89594
"woe_enc,most_freq_imp,under_samp,no_sel,min_max_scale",0.8262022630834511,0.6476749222349096,1.516986137525209,0.21345029239766078,0.2100591715976331,0.2192982456140351,0.21470588235294108,0.21345029239766078,0.1587758775877588,7,"(3, 7)",89594
"woe_enc,mean_imp,under_samp,k_best_sel,norm_scale",0.2982456140350877,0.48623853211009177,0.7034799114204366,0.32456140350877194,0.2986577181208053,0.38888888888888884,0.34687499999999993,0.32456140350877194,-1.0,8,"(3, 7)",89594
"woe_enc,mean_imp,over_samp,k_best_sel,norm_scale",0.28955696202531644,0.5,0.7158119658119658,0.3051001821493625,0.28685258964143423,0.34790528233151186,0.3187440532825879,0.3051001821493625,-1.0,8,"(3, 7)",89594
"woe_enc,mean_imp,k_best_sel,norm_scale,over_samp",0.3102918586789555,0.4262295081967213,0.6334944654616785,0.2923497267759563,0.2755905511811023,0.32969034608378867,0.3036896877956481,0.2923497267759563,-1.0,8,"(3, 7)",89594
"woe_enc,median_imp,over_samp,k_best_sel,norm_scale",0.28482003129890454,0.5029239766081871,0.7101889338731444,0.3051001821493625,0.2893700787401575,0.3424408014571949,0.3169347209082308,0.30510018214936263,-1.0,8,"(3, 7)",89594
"onehot_enc,most_freq_imp,under_samp,no_sel,min_max_scale",0.7914786967418547,0.5742804268220656,1.3850231323923574,0.20614035087719296,0.21203438395415475,0.19590643274853803,0.20405209840810423,0.20614035087719285,0.185662712738525,8,"(3, 7)",89594
"target_enc,mean_imp,under_samp,k_best_sel,norm_scale",0.30617283950617286,0.41284403669724773,0.6155467393999504,0.3084795321637427,0.2701754385964912,0.39181286549707606,0.3365231259968102,0.3084795321637427,-1.0,8,"(3, 7)",89594
"woe_enc,median_imp,under_samp,k_best_sel,norm_scale",0.3027295285359802,0.47706422018348627,0.698152655557636,0.3157894736842105,0.2941176470588235,0.368421052631579,0.33333333333333326,0.3157894736842105,-1.0,8,"(3, 7)",89594
"woe_enc,median_imp,k_best_sel,norm_scale,over_samp",0.29057187017001546,0.49162011173184356,0.6988850689968008,0.2996357012750456,0.28174603174603174,0.34061930783242256,0.312440645773979,0.29963570127504546,-1.0,8,"(3, 7)",89594
"woe_enc,most_freq_imp,under_samp,no_sel,norm_scale",0.30597014925373134,0.48623853211009177,0.714907474089614,0.32163742690058483,0.30194805194805197,0.3713450292397661,0.3384615384615386,0.3216374269005846,-1.0,8,"(3, 7)",89594
"woe_enc,mean_imp,under_samp,no_sel,norm_scale",0.29876543209876544,0.48623853211009177,0.7058331267046863,0.32309941520467833,0.2990033222591362,0.3830409356725146,0.3437013996889581,0.32309941520467833,-1.0,8,"(3, 7)",89594
"woe_enc,median_imp,over_samp,k_best_sel,norm_scale",0.2874617737003058,0.510752688172043,0.7180176454370003,0.31329690346083794,0.2954091816367266,0.3570127504553734,0.3276190476190477,0.31329690346083783,-1.0,9,"(3, 7)",89594
"woe_enc,median_imp,k_best_sel,norm_scale,over_samp",0.29493087557603687,0.4808743169398907,0.688139274204848,0.2996357012750456,0.2834645669291339,0.33697632058287796,0.3112582781456955,0.2996357012750456,-1.0,9,"(3, 7)",89594
"woe_enc,median_imp,under_samp,k_best_sel,norm_scale",0.29974811083123426,0.46788990825688076,0.6796954638124363,0.3201754385964912,0.29702970297029707,0.3771929824561403,0.3395348837209303,0.3201754385964911,-1.0,9,"(3, 7)",89594
"woe_enc,mean_imp,over_samp,k_best_sel,norm_scale",0.28861154446177845,0.4913294797687861,0.6985944370337434,0.2996357012750456,0.2834645669291339,0.33697632058287796,0.3112582781456955,0.2996357012750456,-1.0,9,"(3, 7)",89594
"woe_enc,mean_imp,under_samp,k_best_sel,norm_scale",0.28967254408060455,0.47706422018348627,0.6784531090723751,0.3187134502923976,0.2919463087248322,0.3830409356725146,0.34062499999999996,0.3187134502923977,-1.0,9,"(3, 7)",89594
"woe_enc,mean_imp,k_best_sel,norm_scale,over_samp",0.30627871362940273,0.4702702702702703,0.6882189882189882,0.2978142076502732,0.2857142857142857,0.32604735883424407,0.30646672914714157,0.2978142076502732,-1.0,9,"(3, 7)",89594
"target_enc,mean_imp,under_samp,k_best_sel,norm_scale",0.31313131313131315,0.44036697247706424,0.6598791675990154,0.3377192982456141,0.311864406779661,0.4064327485380117,0.3626373626373627,0.3377192982456141,-1.0,9,"(3, 7)",89594
"woe_enc,median_imp,no_samp,k_best_sel,norm_scale",0.1854419410745234,0.6146788990825688,0.7535677879714577,0.303030303030303,0.356,0.5292397660818713,0.45608108108108103,0.3456763493433036,-1.0,9,"(3, 7)",89594
"woe_enc,most_freq_imp,under_samp,no_sel,norm_scale",0.3167082294264339,0.48623853211009177,0.7293892170415986,0.33040935672514615,0.3129032258064516,0.3771929824561403,0.34662576687116553,0.33040935672514626,-1.0,9,"(3, 7)",89594
"woe_enc,mean_imp,under_samp,no_sel,norm_scale",0.29219143576826195,0.47706422018348627,0.6819253312945974,0.3201754385964912,0.29292929292929293,0.38596491228070173,0.34272300469483563,0.3201754385964912,-1.0,9,"(3, 7)",89594
"woe_enc,median_imp,k_best_sel,norm_scale,no_samp",0.1854419410745234,0.6146788990825688,0.7535677879714577,0.303030303030303,0.356,0.5292397660818713,0.45608108108108103,0.3456763493433036,-1.0,10,"(3, 7)",89594
"woe_enc,median_imp,over_samp,k_best_sel,norm_scale",0.2812006319115324,0.49696969696969695,0.69996114996115,0.29417122040072863,0.2784313725490196,0.32969034608378867,0.3050047214353163,0.2941712204007285,-1.0,10,"(3, 7)",89594
"woe_enc,mean_imp,no_samp,k_best_sel,norm_scale",0.1854419410745234,0.6146788990825688,0.7535677879714577,0.303030303030303,0.356,0.5292397660818713,0.45608108108108103,0.3456763493433036,-1.0,10,"(3, 7)",89594
"woe_enc,mean_imp,under_samp,no_sel,norm_scale",0.3078817733990148,0.47706422018348627,0.7060204491397153,0.3157894736842105,0.29000000000000004,0.3771929824561403,0.33644859813084105,0.3157894736842105,-1.0,10,"(3, 7)",89594
"woe_enc,median_imp,k_best_sel,norm_scale,over_samp",0.296583850931677,0.4602272727272727,0.6653554778554778,0.2996357012750456,0.28431372549019607,0.3351548269581056,0.3106704438149197,0.2996357012750456,-1.0,10,"(3, 7)",89594
"woe_enc,mean_imp,over_samp,k_best_sel,norm_scale",0.29275808936825887,0.4696132596685083,0.6704679605232091,0.30327868852459017,0.2786885245901639,0.35883424408014575,0.3211186113789778,0.30327868852459017,-1.0,10,"(3, 7)",89594
"woe_enc,median_imp,no_samp,k_best_sel,norm_scale",0.1854419410745234,0.6146788990825688,0.7535677879714577,0.303030303030303,0.356,0.5292397660818713,0.45608108108108103,0.3456763493433036,-1.0,10,"(3, 7)",89594
"woe_enc,mean_imp,k_best_sel,norm_scale,over_samp",0.2884012539184953,0.4823529411764706,0.6874811463046757,0.2978142076502732,0.278,0.3424408014571949,0.3117254528122021,0.2978142076502732,-1.0,10,"(3, 7)",89594
"woe_enc,mean_imp,under_samp,k_best_sel,norm_scale",0.31202046035805625,0.47706422018348627,0.7075606740841955,0.3377192982456141,0.3226837060702875,0.3801169590643275,0.3526717557251908,0.3377192982456141,-1.0,10,"(3, 7)",89594
"woe_enc,median_imp,under_samp,k_best_sel,norm_scale",0.3132832080200501,0.47706422018348627,0.711546978804176,0.32309941520467833,0.3042071197411004,0.3713450292397661,0.3394777265745008,0.32309941520467833,-1.0,10,"(3, 7)",89594
"woe_enc,mean_imp,no_samp,k_best_sel,norm_scale",0.1854419410745234,0.6146788990825688,0.7535677879714577,0.303030303030303,0.356,0.5292397660818713,0.45608108108108103,0.3456763493433036,-1.0,11,"(3, 7)",89594
"woe_enc,mean_imp,over_samp,k_best_sel,norm_scale",0.29577464788732394,0.49122807017543857,0.7091767881241565,0.30601092896174864,0.2907662082514735,0.3424408014571949,0.3175803402646503,0.30601092896174864,-1.0,11,"(3, 7)",89594
"woe_enc,median_imp,k_best_sel,norm_scale,over_samp",0.2936630602782071,0.4860335195530726,0.695435228954782,0.30601092896174864,0.28742514970059885,0.3497267759562842,0.3200000000000002,0.30601092896174864,-1.0,11,"(3, 7)",89594
"woe_enc,mean_imp,under_samp,k_best_sel,norm_scale",0.2938271604938272,0.47706422018348627,0.6865236796429457,0.3070175438596491,0.2814569536423841,0.36549707602339176,0.326086956521739,0.3070175438596491,-1.0,11,"(3, 7)",89594
"woe_enc,mean_imp,k_best_sel,norm_scale,over_samp",0.29704510108864696,0.4742857142857143,0.6858241758241759,0.30601092896174864,0.2882703777335984,0.34790528233151186,0.31939163498098855,0.30601092896174864,-1.0,11,"(3, 7)",89594
"woe_enc,median_imp,k_best_sel,norm_scale,no_samp",0.1854419410745234,0.6146788990825688,0.7535677879714577,0.303030303030303,0.356,0.5292397660818713,0.45608108108108103,0.3456763493433036,-1.0,11,"(3, 7)",89594
"woe_enc,median_imp,over_samp,k_best_sel,norm_scale",0.29147286821705426,0.4689265536723164,0.6697812545270172,0.307832422586521,0.290258449304175,0.3497267759562842,0.32129277566539927,0.3078324225865209,-1.0,11,"(3, 7)",89594
"woe_enc,median_imp,no_samp,k_best_sel,norm_scale",0.1854419410745234,0.6146788990825688,0.7535677879714577,0.303030303030303,0.356,0.5292397660818713,0.45608108108108103,0.3456763493433036,-1.0,11,"(3, 7)",89594
"woe_enc,mean_imp,under_samp,no_sel,norm_scale",0.3034825870646766,0.48623853211009177,0.7114945048063375,0.3201754385964912,0.29292929292929293,0.38596491228070173,0.34272300469483563,0.3201754385964912,-1.0,11,"(3, 7)",89594
"woe_enc,median_imp,under_samp,k_best_sel,norm_scale",0.31025641025641026,0.48623853211009177,0.7175552580887394,0.3406432748538012,0.32131147540983607,0.39473684210526316,0.3601236476043276,0.3406432748538012,-1.0,11,"(3, 7)",89594
"woe_enc,mean_imp,no_samp,k_best_sel,norm_scale",0.1854419410745234,0.6146788990825688,0.7535677879714577,0.303030303030303,0.356,0.5292397660818713,0.45608108108108103,0.3456763493433036,-1.0,12,"(3, 7)",89594
"woe_enc,median_imp,k_best_sel,norm_scale,over_samp",0.2783018867924528,0.5238095238095238,0.7310744810744811,0.3014571948998178,0.2845849802371542,0.34061930783242256,0.3137440758293839,0.3014571948998179,-1.0,12,"(3, 7)",89594
"woe_enc,mean_imp,over_samp,k_best_sel,norm_scale",0.2948517940717629,0.4797687861271676,0.6913072476656291,0.30236794171220405,0.2851485148514852,0.3424408014571949,0.3149905123339659,0.30236794171220405,-1.0,12,"(3, 7)",89594
"woe_enc,median_imp,k_best_sel,norm_scale,no_samp",0.1854419410745234,0.6146788990825688,0.7535677879714577,0.303030303030303,0.356,0.5292397660818713,0.45608108108108103,0.3456763493433036,-1.0,12,"(3, 7)",89594
"woe_enc,median_imp,no_samp,k_best_sel,norm_scale",0.1854419410745234,0.6146788990825688,0.7535677879714577,0.303030303030303,0.356,0.5292397660818713,0.45608108108108103,0.3456763493433036,-1.0,12,"(3, 7)",89594
"woe_enc,mean_imp,under_samp,no_sel,norm_scale",0.3,0.4954128440366973,0.718780541631199,0.32602339181286555,0.30363036303630364,0.3830409356725146,0.34573643410852717,0.32602339181286544,-1.0,12,"(3, 7)",89594
"woe_enc,median_imp,over_samp,k_best_sel,norm_scale",0.28861154446177845,0.47398843930635837,0.6748431401610593,0.2923497267759563,0.272,0.33697632058287796,0.3060057197330792,0.2923497267759563,-1.0,12,"(3, 7)",89594
"woe_enc,mean_imp,k_best_sel,norm_scale,over_samp",0.2962962962962963,0.4722222222222222,0.6794871794871795,0.30601092896174864,0.2865731462925851,0.35154826958105645,0.32061068702290074,0.30601092896174853,-1.0,12,"(3, 7)",89594
"woe_enc,mean_imp,under_samp,k_best_sel,norm_scale",0.3082706766917293,0.4954128440366973,0.729895602657387,0.33479532163742687,0.31353135313531355,0.39181286549707606,0.3550387596899224,0.334795321637427,-1.0,12,"(3, 7)",89594
"onehot_enc,median_imp,under_samp,k_best_sel,norm_scale",0.39,0.3669724770642202,0.6659415492291687,0.29385964912280704,0.3215189873417722,0.216374269005848,0.2727272727272728,0.29385964912280704,-1.0,12,"(3, 7)",89594
"woe_enc,median_imp,over_samp,k_best_sel,norm_scale",0.28346456692913385,0.49700598802395207,0.7021341931521572,0.3005464480874317,0.2831683168316832,0.34061930783242256,0.31309297912713463,0.3005464480874316,-1.0,13,"(3, 7)",89594
"woe_enc,median_imp,no_samp,k_best_sel,norm_scale",0.1854419410745234,0.6146788990825688,0.7535677879714577,0.303030303030303,0.356,0.5292397660818713,0.45608108108108103,0.3456763493433036,-1.0,13,"(3, 7)",89594
"woe_enc,mean_imp,no_samp,k_best_sel,norm_scale",0.1854419410745234,0.6146788990825688,0.7535677879714577,0.303030303030303,0.356,0.5292397660818713,0.45608108108108103,0.3456763493433036,-1.0,13,"(3, 7)",89594
"woe_enc,mean_imp,k_best_sel,norm_scale,no_samp",0.1854419410745234,0.6146788990825688,0.7535677879714577,0.303030303030303,0.356,0.5292397660818713,0.45608108108108103,0.3456763493433036,-1.0,13,"(3, 7)",89594
"woe_enc,median_imp,k_best_sel,norm_scale,no_samp",0.1854419410745234,0.6146788990825688,0.7535677879714577,0.303030303030303,0.356,0.5292397660818713,0.45608108108108103,0.3456763493433036,-1.0,13,"(3, 7)",89594
"woe_enc,mean_imp,under_samp,no_sel,norm_scale",0.2967581047381546,0.47706422018348627,0.6893929873067739,0.3128654970760234,0.282312925170068,0.3830409356725146,0.3364779874213837,0.3128654970760234,-1.0,13,"(3, 7)",89594
"loo_enc,median_imp,k_best_sel,norm_scale,over_samp",0.3415765069551777,0.40782122905027934,0.653547724776775,0.3378870673952641,0.3153526970954357,0.3989071038251366,0.3598448108632395,0.3378870673952641,-1.0,13,"(3, 7)",89594
"woe_enc,mean_imp,over_samp,k_best_sel,norm_scale",0.3018575851393189,0.43258426966292135,0.6334389705176222,0.29143897996357016,0.2732673267326733,0.331511839708561,0.3036053130929791,0.29143897996357016,-1.0,13,"(3, 7)",89594
"woe_enc,mean_imp,k_best_sel,norm_scale,over_samp",0.29555895865237364,0.5135135135135135,0.7335989835989836,0.31785063752276865,0.2991967871485943,0.3642987249544627,0.33333333333333337,0.31785063752276854,-1.0,13,"(3, 7)",89594
"onehot_enc,median_imp,under_samp,k_best_sel,norm_scale",0.3851851851851852,0.3761467889908257,0.673444086288123,0.283625730994152,0.3168316831683168,0.19298245614035092,0.260053619302949,0.2836257309941521,-1.0,13,"(3, 7)",89594
"woe_enc,median_imp,no_samp,k_best_sel,norm_scale",0.1854419410745234,0.6146788990825688,0.7535677879714577,0.303030303030303,0.356,0.5292397660818713,0.45608108108108103,0.3456763493433036,-1.0,14,"(3, 7)",89594
"woe_enc,median_imp,over_samp,k_best_sel,norm_scale",0.30124223602484473,0.4715909090909091,0.6874028749028749,0.30601092896174864,0.2907662082514735,0.3424408014571949,0.3175803402646503,0.30601092896174864,-1.0,14,"(3, 7)",89594
"loo_enc,mean_imp,k_best_sel,norm_scale,over_samp",0.3448275862068966,0.38823529411764707,0.6360985419808949,0.3306010928961749,0.3109756097560976,0.3825136612021858,0.34870317002881845,0.3306010928961749,-1.0,14,"(3, 7)",89594
"woe_enc,mean_imp,no_samp,k_best_sel,norm_scale",0.1854419410745234,0.6146788990825688,0.7535677879714577,0.303030303030303,0.356,0.5292397660818713,0.45608108108108103,0.3456763493433036,-1.0,14,"(3, 7)",89594
"woe_enc,median_imp,k_best_sel,norm_scale,no_samp",0.1854419410745234,0.6146788990825688,0.7535677879714577,0.303030303030303,0.356,0.5292397660818713,0.45608108108108103,0.3456763493433036,-1.0,14,"(3, 7)",89594
"woe_enc,mean_imp,over_samp,k_best_sel,norm_scale",0.28414442700156983,0.4970414201183432,0.7021696252465484,0.3041894353369763,0.28456913827655306,0.3497267759562842,0.3187022900763359,0.3041894353369763,-1.0,14,"(3, 7)",89594
"woe_enc,mean_imp,k_best_sel,norm_scale,over_samp",0.29245283018867924,0.48214285714285715,0.6936813186813187,0.3005464480874317,0.2848722986247544,0.33697632058287796,0.3119092627599245,0.3005464480874317,-1.0,14,"(3, 7)",89594
"onehot_enc,median_imp,under_samp,k_best_sel,norm_scale",0.40703517587939697,0.3853211009174312,0.7140408241008223,0.3114035087719298,0.3453237410071942,0.20175438596491224,0.2806324110671936,0.3114035087719298,-1.0,14,"(3, 7)",89594
"woe_enc,mean_imp,k_best_sel,norm_scale,no_samp",0.1854419410745234,0.6146788990825688,0.7535677879714577,0.303030303030303,0.356,0.5292397660818713,0.45608108108108103,0.3456763493433036,-1.0,14,"(3, 7)",89594
"woe_enc,mean_imp,under_samp,k_best_sel,norm_scale",0.29876543209876544,0.46788990825688076,0.6807277460947185,0.30409356725146197,0.2736486486486487,0.3713450292397661,0.3260188087774295,0.30409356725146197,-1.0,14,"(3, 7)",89594
"woe_enc,median_imp,k_best_sel,norm_scale,no_samp",0.1854419410745234,0.6146788990825688,0.7535677879714577,0.303030303030303,0.356,0.5292397660818713,0.45608108108108103,0.3456763493433036,-1.0,15,"(3, 7)",89594
"woe_enc,median_imp,no_samp,k_best_sel,norm_scale",0.1854419410745234,0.6146788990825688,0.7535677879714577,0.303030303030303,0.356,0.5292397660818713,0.45608108108108103,0.3456763493433036,-1.0,15,"(3, 7)",89594
"woe_enc,median_imp,k_best_sel,norm_scale,over_samp",0.3044822256568779,0.45251396648044695,0.6640524280189085,0.29599271402550087,0.2786561264822134,0.3351548269581056,0.30805687203791454,0.295992714025501,-1.0,15,"(3, 7)",89594
"woe_enc,mean_imp,k_best_sel,norm_scale,no_samp",0.1854419410745234,0.6146788990825688,0.7535677879714577,0.303030303030303,0.356,0.5292397660818713,0.45608108108108103,0.3456763493433036,-1.0,15,"(3, 7)",89594
"onehot_enc,median_imp,under_samp,k_best_sel,norm_scale",0.4089775561097257,0.3761467889908257,0.7049139122784969,0.3070175438596491,0.3374384236453202,0.21345029239766078,0.2807486631016043,0.3070175438596491,-1.0,15,"(3, 7)",89594
"woe_enc,mean_imp,under_samp,k_best_sel,norm_scale",0.286783042394015,0.4954128440366973,0.7008922960914918,0.314327485380117,0.28474576271186436,0.3830409356725146,0.33751962323390894,0.314327485380117,-1.0,15,"(3, 7)",89594
"loo_enc,mean_imp,k_best_sel,norm_scale,over_samp",0.3426791277258567,0.39655172413793105,0.6422782198644268,0.3351548269581056,0.3134020618556701,0.39344262295081966,0.355899419729207,0.3351548269581055,-1.0,15,"(3, 7)",89594
"woe_enc,mean_imp,over_samp,k_best_sel,norm_scale",0.29275808936825887,0.48066298342541436,0.6857911885536194,0.3087431693989071,0.29083665338645415,0.35154826958105645,0.3225499524262606,0.308743169398907,-1.0,15,"(3, 7)",89594
"woe_enc,mean_imp,no_samp,k_best_sel,norm_scale",0.1854419410745234,0.6146788990825688,0.7535677879714577,0.303030303030303,0.356,0.5292397660818713,0.45608108108108103,0.3456763493433036,-1.0,15,"(3, 7)",89594
"woe_enc,median_imp,over_samp,k_best_sel,norm_scale",0.28837209302325584,0.5028248587570622,0.7122265681587716,0.3087431693989071,0.2941176470588235,0.34426229508196726,0.32011331444759206,0.3087431693989072,-1.0,15,"(3, 7)",89594
"woe_enc,mean_imp,k_best_sel,norm_scale,over_samp",0.28067484662576686,0.5271739130434783,0.7323021181716833,0.31329690346083794,0.29292929292929293,0.36247723132969034,0.32950191570881227,0.31329690346083783,-1.0,16,"(3, 7)",89594
"woe_enc,median_imp,no_samp,k_best_sel,norm_scale",0.1854419410745234,0.6146788990825688,0.7535677879714577,0.303030303030303,0.356,0.5292397660818713,0.45608108108108103,0.3456763493433036,-1.0,16,"(3, 7)",89594
"woe_enc,median_imp,k_best_sel,norm_scale,no_samp",0.1854419410745234,0.6146788990825688,0.7535677879714577,0.303030303030303,0.356,0.5292397660818713,0.45608108108108103,0.3456763493433036,-1.0,16,"(3, 7)",89594
"woe_enc,mean_imp,no_samp,k_best_sel,norm_scale",0.1854419410745234,0.6146788990825688,0.7535677879714577,0.303030303030303,0.356,0.5292397660818713,0.45608108108108103,0.3456763493433036,-1.0,16,"(3, 7)",89594
"loo_enc,mean_imp,k_best_sel,norm_scale,over_samp",0.33126934984520123,0.42134831460674155,0.6585278017862287,0.32877959927140255,0.30578512396694213,0.3879781420765027,0.34946757018393027,0.32877959927140255,-1.0,16,"(3, 7)",89594
"woe_enc,mean_imp,under_samp,k_best_sel,norm_scale",0.30198019801980197,0.47706422018348627,0.6974032032343337,0.3201754385964912,0.29568106312292364,0.3801169590643275,0.3405909797822707,0.32017543859649134,-1.0,16,"(3, 7)",89594
"woe_enc,mean_imp,k_best_sel,norm_scale,no_samp",0.1854419410745234,0.6146788990825688,0.7535677879714577,0.303030303030303,0.356,0.5292397660818713,0.45608108108108103,0.3456763493433036,-1.0,16,"(3, 7)",89594
"woe_enc,median_imp,over_samp,k_best_sel,norm_scale",0.29583975346687214,0.4861878453038674,0.697726306842329,0.3014571948998178,0.2828685258964143,0.34426229508196726,0.31493815413891535,0.3014571948998179,-1.0,16,"(3, 7)",89594
"woe_enc,mean_imp,over_samp,k_best_sel,norm_scale",0.29121725731895226,0.49171270718232046,0.6989776644472777,0.3051001821493625,0.2834008097165992,0.35519125683060104,0.32118887823585807,0.3051001821493625,-1.0,16,"(3, 7)",89594
"woe_enc,median_imp,k_best_sel,norm_scale,over_samp",0.28726708074534163,0.5113636363636364,0.7229020979020979,0.30236794171220405,0.28767123287671237,0.33697632058287796,0.31320754716981136,0.30236794171220405,-1.0,16,"(3, 7)",89594
"woe_enc,median_imp,k_best_sel,norm_scale,over_samp",0.2992248062015504,0.4519774011299435,0.6571056062581486,0.28779599271402545,0.27201565557729945,0.3224043715846995,0.29811320754716986,0.28779599271402556,-1.0,17,"(3, 7)",89594
"woe_enc,median_imp,k_best_sel,norm_scale,no_samp",0.1854419410745234,0.6146788990825688,0.7535677879714577,0.303030303030303,0.356,0.5292397660818713,0.45608108108108103,0.3456763493433036,-1.0,17,"(3, 7)",89594
"woe_enc,mean_imp,under_samp,k_best_sel,norm_scale",0.29280397022332505,0.4954128440366973,0.7096985583224116,0.3201754385964912,0.2915254237288135,0.38888888888888884,0.3437990580847723,0.3201754385964912,-1.0,17,"(3, 7)",89594
"woe_enc,median_imp,no_samp,k_best_sel,norm_scale",0.1854419410745234,0.6146788990825688,0.7535677879714577,0.303030303030303,0.356,0.5292397660818713,0.45608108108108103,0.3456763493433036,-1.0,17,"(3, 7)",89594
"woe_enc,mean_imp,k_best_sel,norm_scale,under_samp",0.3025,0.47706422018348627,0.6969954916611495,0.314327485380117,0.2861952861952862,0.3801169590643275,0.33646322378716753,0.3143274853801169,-1.0,17,"(3, 7)",89594
"woe_enc,mean_imp,no_samp,k_best_sel,norm_scale",0.1854419410745234,0.6146788990825688,0.7535677879714577,0.303030303030303,0.356,0.5292397660818713,0.45608108108108103,0.3456763493433036,-1.0,17,"(3, 7)",89594
"woe_enc,mean_imp,over_samp,k_best_sel,norm_scale",0.2792511700468019,0.5260115606936416,0.7332765179585989,0.3114754098360656,0.294234592445328,0.3533697632058288,0.3250950570342206,0.3114754098360656,-1.0,17,"(3, 7)",89594
"woe_enc,median_imp,over_samp,k_best_sel,norm_scale",0.29595015576323985,0.45977011494252873,0.6648983200707339,0.2932604735883424,0.27524752475247527,0.33333333333333337,0.3055028462998103,0.2932604735883425,-1.0,17,"(3, 7)",89594
"woe_enc,mean_imp,k_best_sel,norm_scale,over_samp",0.28365384615384615,0.48717948717948717,0.6944444444444444,0.29508196721311475,0.2789783889980354,0.331511839708561,0.30623818525519864,0.29508196721311475,-1.0,17,"(3, 7)",89594
"woe_enc,mean_imp,k_best_sel,norm_scale,no_samp",0.1854419410745234,0.6146788990825688,0.7535677879714577,0.303030303030303,0.356,0.5292397660818713,0.45608108108108103,0.3456763493433036,-1.0,17,"(3, 7)",89594
"woe_enc,mean_imp,no_samp,k_best_sel,norm_scale",0.1854419410745234,0.6146788990825688,0.7535677879714577,0.303030303030303,0.356,0.5292397660818713,0.45608108108108103,0.3456763493433036,-1.0,18,"(3, 7)",89594
"woe_enc,median_imp,k_best_sel,norm_scale,no_samp",0.1854419410745234,0.6146788990825688,0.7535677879714577,0.303030303030303,0.356,0.5292397660818713,0.45608108108108103,0.3456763493433036,-1.0,18,"(3, 7)",89594
"woe_enc,median_imp,k_best_sel,norm_scale,over_samp",0.2939346811819596,0.4742857142857143,0.6815506715506716,0.3005464480874317,0.2865497076023392,0.33333333333333337,0.3107344632768362,0.3005464480874318,-1.0,18,"(3, 7)",89594
"woe_enc,mean_imp,k_best_sel,norm_scale,over_samp",0.2940251572327044,0.47023809523809523,0.6796398046398047,0.3014571948998178,0.287109375,0.3351548269581056,0.3119698397737982,0.3014571948998179,-1.0,18,"(3, 7)",89594
"woe_enc,mean_imp,k_best_sel,norm_scale,under_samp",0.31094527363184077,0.48623853211009177,0.7217334126561669,0.32894736842105265,0.3142857142857143,0.368421052631579,0.34246575342465757,0.32894736842105265,-1.0,18,"(3, 7)",89594
"woe_enc,median_imp,no_samp,k_best_sel,norm_scale",0.1854419410745234,0.6146788990825688,0.7535677879714577,0.303030303030303,0.356,0.5292397660818713,0.45608108108108103,0.3456763493433036,-1.0,18,"(3, 7)",89594
"woe_enc,mean_imp,k_best_sel,norm_scale,no_samp",0.1854419410745234,0.6146788990825688,0.7535677879714577,0.303030303030303,0.356,0.5292397660818713,0.45608108108108103,0.3456763493433036,-1.0,18,"(3, 7)",89594
"woe_enc,mean_imp,over_samp,k_best_sel,norm_scale",0.30428134556574926,0.4838709677419355,0.7039564378274056,0.3123861566484517,0.2956349206349206,0.3533697632058288,0.32573599240265905,0.3123861566484517,-1.0,18,"(3, 7)",89594
"woe_enc,median_imp,over_samp,k_best_sel,norm_scale",0.27917981072555204,0.5180722891566265,0.7253372464215838,0.29143897996357016,0.27504911591355596,0.3278688524590164,0.30245746691871456,0.29143897996357016,-1.0,18,"(3, 7)",89594
"woe_enc,median_imp,no_samp,k_best_sel,no_scale",0.8293722195851594,0.7222506595267157,1.4202563575324136,0.18967452300785637,0.24024024024024027,0.26023391812865493,0.25037037037037035,0.20297670405521995,0.08943050017573415,18,"(3, 7)",89594
"woe_enc,median_imp,k_best_sel,norm_scale,no_samp",0.1854419410745234,0.6146788990825688,0.7535677879714577,0.303030303030303,0.356,0.5292397660818713,0.45608108108108103,0.3456763493433036,-1.0,19,"(3, 7)",89594
"woe_enc,median_imp,k_best_sel,norm_scale,over_samp",0.29329173166926675,0.47398843930635837,0.6812533965713157,0.3005464480874317,0.2831683168316832,0.34061930783242256,0.31309297912713463,0.3005464480874316,-1.0,19,"(3, 7)",89594
"woe_enc,mean_imp,no_samp,k_best_sel,norm_scale",0.1854419410745234,0.6146788990825688,0.7535677879714577,0.303030303030303,0.356,0.5292397660818713,0.45608108108108103,0.3456763493433036,-1.0,19,"(3, 7)",89594
"woe_enc,mean_imp,k_best_sel,norm_scale,no_samp",0.1854419410745234,0.6146788990825688,0.7535677879714577,0.303030303030303,0.356,0.5292397660818713,0.45608108108108103,0.3456763493433036,-1.0,19,"(3, 7)",89594
"woe_enc,mean_imp,over_samp,k_best_sel,norm_scale",0.2876923076923077,0.4945054945054945,0.6974969474969475,0.3041894353369763,0.28456913827655306,0.3497267759562842,0.3187022900763359,0.3041894353369763,-1.0,19,"(3, 7)",89594
"woe_enc,median_imp,no_samp,k_best_sel,norm_scale",0.1854419410745234,0.6146788990825688,0.7535677879714577,0.303030303030303,0.356,0.5292397660818713,0.45608108108108103,0.3456763493433036,-1.0,19,"(3, 7)",89594
"woe_enc,mean_imp,k_best_sel,norm_scale,under_samp",0.30597014925373134,0.4954128440366973,0.7274947552994959,0.32894736842105265,0.30564784053156147,0.38888888888888884,0.3499222395023328,0.32894736842105265,-1.0,19,"(3, 7)",89594
"woe_enc,mean_imp,k_best_sel,norm_scale,over_samp",0.29984544049459044,0.45251396648044695,0.657642171608652,0.2923497267759563,0.27470355731225293,0.331511839708561,0.30426540284360193,0.2923497267759563,-1.0,19,"(3, 7)",89594
"woe_enc,median_imp,over_samp,k_best_sel,norm_scale",0.2949526813880126,0.46987951807228917,0.6814179796107507,0.2996357012750456,0.28515625,0.33333333333333337,0.3100848256361922,0.2996357012750456,-1.0,19,"(3, 7)",89594
"woe_enc,median_imp,no_samp,k_best_sel,no_scale",0.8293722195851594,0.7222506595267157,1.4202563575324136,0.18967452300785637,0.24024024024024027,0.26023391812865493,0.25037037037037035,0.20297670405521995,0.08943050017573415,19,"(3, 7)",89594
"woe_enc,median_imp,k_best_sel,norm_scale,over_samp",0.27287066246056785,0.5120481927710844,0.7086293893522809,0.3041894353369763,0.27743271221532095,0.3642987249544627,0.3236434108527133,0.3041894353369763,-1.0,20,"(3, 7)",89594
"woe_enc,mean_imp,k_best_sel,norm_scale,over_samp",0.2859375,0.5,0.7072649572649573,0.29599271402550087,0.2803921568627451,0.331511839708561,0.30689329556185074,0.29599271402550087,-1.0,20,"(3, 7)",89594
"woe_enc,median_imp,k_best_sel,norm_scale,no_samp",0.1854419410745234,0.6146788990825688,0.7535677879714577,0.303030303030303,0.356,0.5292397660818713,0.45608108108108103,0.3456763493433036,-1.0,20,"(3, 7)",89594
"woe_enc,mean_imp,k_best_sel,norm_scale,no_samp",0.1854419410745234,0.6146788990825688,0.7535677879714577,0.303030303030303,0.356,0.5292397660818713,0.45608108108108103,0.3456763493433036,-1.0,20,"(3, 7)",89594
"woe_enc,mean_imp,no_samp,k_best_sel,norm_scale",0.1854419410745234,0.6146788990825688,0.7535677879714577,0.303030303030303,0.356,0.5292397660818713,0.45608108108108103,0.3456763493433036,-1.0,20,"(3, 7)",89594
"woe_enc,mean_imp,over_samp,k_best_sel,norm_scale",0.2921875,0.47093023255813954,0.6760584376863447,0.2978142076502732,0.2823529411764706,0.33333333333333337,0.3087818696883853,0.29781420765027333,-1.0,20,"(3, 7)",89594
"woe_enc,median_imp,no_samp,k_best_sel,norm_scale",0.1854419410745234,0.6146788990825688,0.7535677879714577,0.303030303030303,0.356,0.5292397660818713,0.45608108108108103,0.3456763493433036,-1.0,20,"(3, 7)",89594
"woe_enc,mean_imp,k_best_sel,norm_scale,under_samp",0.3118811881188119,0.48623853211009177,0.7235266677033121,0.32456140350877194,0.30132450331125826,0.3830409356725146,0.34472049689440987,0.32456140350877205,-1.0,20,"(3, 7)",89594
"loo_enc,median_imp,over_samp,k_best_sel,norm_scale",0.3415384615384615,0.3901098901098901,0.6272893772893773,0.3269581056466302,0.30452674897119336,0.3843351548269581,0.3468599033816425,0.3269581056466302,-1.0,20,"(3, 7)",89594
"woe_enc,median_imp,over_samp,k_best_sel,norm_scale",0.29121725731895226,0.5248618784530387,0.7449473485385087,0.307832422586521,0.2959381044487428,0.33697632058287796,0.3170731707317074,0.3078324225865209,-1.0,20,"(3, 7)",89594
"loo_enc,median_imp,min_max_scale,no_samp,k_best_sel",0.903983927408405,0.8495097846202307,1.6655116839554633,0.19753086419753085,0.24382716049382713,0.283625730994152,0.2642642642642641,0.21376186367558248,0.04748002279785514,0,"(4, 6)",89594
"onehot_enc,median_imp,k_best_sel,over_samp,quant_scale",0.8232484076433121,0.6375,1.5242521367521367,0.21493624772313302,0.23063683304647165,0.18579234972677594,0.20884955752212397,0.2149362477231329,0.1767515923566879,0,"(4, 6)",89594
"target_enc,most_freq_imp,under_samp,no_sel,min_max_scale",0.8387096774193549,0.5963302752293578,1.5249017038007864,0.19590643274853803,0.19942196531791911,0.1900584795321637,0.19476744186046513,0.19590643274853792,0.16129032258064516,0,"(4, 6)",89594
"ordinal_enc,median_imp,no_sel,min_max_scale,no_samp",0.8782247292717659,0.8415167145725873,1.6140713204605266,0.20314253647586977,0.24764890282131657,0.29824561403508776,0.27382753403933435,0.2210718051960502,0.052362319617407255,0,"(4, 6)",89594
"loo_enc,mean_imp,no_sel,over_samp,quant_scale",0.8480948862107833,0.6863905325443787,1.5740923369128497,0.21493624772313302,0.21699819168173595,0.21129326047358832,0.21415607985480933,0.21493624772313302,0.14820971123492133,0,"(4, 6)",89594
"woe_enc,median_imp,no_sel,max_abs_scale,no_samp",0.8631897912550089,0.7761152892073867,1.4831428295682603,0.17732884399551063,0.2142857142857143,0.26023391812865493,0.23795180722891562,0.1929584891189723,0.0621398115776028,0,"(4, 6)",89594
"woe_enc,mean_imp,no_sel,under_samp,norm_scale",0.2964824120603015,0.4954128440366973,0.7134059236214724,0.33040935672514615,0.3079470198675497,0.38888888888888884,0.3509316770186335,0.33040935672514615,-1.0,0,"(4, 6)",89594
"woe_enc,most_freq_imp,max_abs_scale,k_best_sel,no_samp",0.8953184161432404,0.7895814466275545,1.5975111712239456,0.18518518518518523,0.23100303951367784,0.26023391812865493,0.24590163934426224,0.19933371680567524,0.05661079641282728,0,"(4, 6)",89594
"ordinal_enc,most_freq_imp,under_samp,no_sel,norm_scale",0.30904522613065327,0.45871559633027525,0.680168883527507,0.33040935672514615,0.2972027972027972,0.4122807017543859,0.3598726114649681,0.33040935672514615,-1.0,0,"(4, 6)",89594
"loo_enc,median_imp,k_best_sel,no_scale,over_samp",0.7791565500496633,0.5504214062592091,1.3593007984719345,0.20765027322404372,0.21693121693121697,0.1912568306010929,0.20430107526881724,0.20765027322404372,0.20648111723052717,0,"(4, 6)",89594
"woe_enc,median_imp,k_best_sel,no_scale,over_samp",0.8118773490246765,0.6175188889237233,1.408592013330181,0.19763205828779595,0.20036101083032487,0.19307832422586524,0.1967361740707162,0.19763205828779595,0.16652059290814814,1,"(4, 6)",89594
"loo_enc,median_imp,no_sel,max_abs_scale,no_samp",0.8912450739052203,0.8311611607670197,1.6020538483263738,0.18855218855218858,0.22812500000000002,0.2777777777777778,0.2537764350453172,0.2053734061930783,0.048126009502587865,1,"(4, 6)",89594
"onehot_enc,mean_imp,k_best_sel,over_samp,quant_scale",0.865625,0.7325581395348837,1.647088054064798,0.22495446265938068,0.22242647058823528,0.2295081967213115,0.22598353156450146,0.22495446265938068,0.134375,1,"(4, 6)",89594
"loo_enc,median_imp,no_sel,over_samp,quant_scale",0.8283792802505261,0.6865773646801531,1.5427027208055093,0.22859744990892528,0.2310469314079422,0.22404371584699456,0.22756119673617403,0.2285974499089254,0.16424094887864507,1,"(4, 6)",89594
"ordinal_enc,median_imp,min_max_scale,no_samp,k_best_sel",0.8921337027674442,0.8317517817065008,1.6515523515070707,0.20426487093153756,0.25609756097560976,0.2865497076023392,0.27164179104477615,0.2197775860416068,0.05680140515495801,1,"(4, 6)",89594
"loo_enc,most_freq_imp,under_samp,no_sel,norm_scale",0.3341645885286783,0.44036697247706424,0.6903669724770642,0.3464912280701754,0.32441471571906355,0.4093567251461988,0.36973478939157556,0.3464912280701755,-1.0,1,"(4, 6)",89594
"ordinal_enc,most_freq_imp,under_samp,no_sel,norm_scale",0.31,0.45871559633027525,0.682083293924777,0.33479532163742687,0.30716723549488056,0.4064327485380117,0.3606299212598424,0.33479532163742687,-1.0,1,"(4, 6)",89594
"loo_enc,median_imp,k_best_sel,no_scale,over_samp",0.8043808180050588,0.608063558063558,1.4276267109600442,0.21129326047358832,0.21338155515370705,0.20765027322404372,0.21052631578947367,0.21129326047358832,0.18089367502917356,1,"(4, 6)",89594
"loo_enc,mean_imp,no_sel,over_samp,quant_scale",0.8248496058695749,0.6657908959884699,1.5079086547728953,0.2213114754098361,0.22080291970802923,0.2222222222222222,0.2215132178669098,0.22131147540983598,0.1639786161728236,1,"(4, 6)",89594
"woe_enc,mean_imp,no_sel,under_samp,norm_scale",0.3025,0.47706422018348627,0.6969954916611495,0.3201754385964912,0.29702970297029707,0.3771929824561403,0.3395348837209303,0.3201754385964911,-1.0,1,"(4, 6)",89594
"loo_enc,median_imp,k_best_sel,no_scale,over_samp",0.807532751091703,0.5845567824316822,1.4105301917384248,0.19763205828779595,0.2046263345195729,0.18579234972677594,0.1953195319531953,0.19763205828779595,0.1781111111111111,2,"(4, 6)",89594
"loo_enc,mean_imp,no_sel,over_samp,quant_scale",0.8409661572052403,0.700835852199124,1.5391549405182123,0.21675774134790526,0.2136279926335175,0.2222222222222222,0.21794871794871795,0.21675774134790526,0.1459811529933481,2,"(4, 6)",89594
"loo_enc,median_imp,k_best_sel,over_samp,no_scale",0.8354508831732259,0.663375895359701,1.489824138474611,0.2030965391621129,0.19926199261992616,0.20947176684881608,0.20439963336388633,0.2030965391621129,0.14602470700031675,2,"(4, 6)",89594
"loo_enc,mean_imp,over_samp,no_sel,quant_scale",0.8510540366381294,0.7017543859649122,1.5792472634577897,0.21675774134790526,0.21572212065813523,0.21857923497267762,0.21715328467153283,0.21675774134790526,0.14334692364714602,2,"(4, 6)",89594
"loo_enc,median_imp,no_sel,over_samp,quant_scale",0.8457077513681288,0.6726190476190477,1.5522486772486772,0.20947176684881608,0.21157323688969254,0.20582877959927137,0.20871143375680568,0.20947176684881597,0.14876474698894232,2,"(4, 6)",89594
"ordinal_enc,most_freq_imp,under_samp,no_sel,norm_scale",0.32741116751269034,0.45871559633027525,0.7043296314179945,0.3406432748538012,0.31399317406143346,0.4122807017543859,0.36692913385826775,0.3406432748538012,-1.0,2,"(4, 6)",89594
"woe_enc,median_imp,k_best_sel,no_scale,over_samp",0.80362247815078,0.613798275215598,1.3861154641994538,0.1994535519125683,0.2032374100719424,0.19307832422586524,0.19819004524886874,0.1994535519125682,0.17311005588939782,2,"(4, 6)",89594
"woe_enc,mean_imp,norm_scale,under_samp,no_sel",0.3104325699745547,0.47706422018348627,0.705937459620106,0.32163742690058483,0.29934210526315785,0.3771929824561403,0.3405572755417956,0.32163742690058483,-1.0,2,"(4, 6)",89594
"ordinal_enc,most_freq_imp,k_best_sel,under_samp,norm_scale",0.32061068702290074,0.45871559633027525,0.6946310892880218,0.3391812865497076,0.31418918918918914,0.4064327485380117,0.36363636363636365,0.3391812865497076,-1.0,2,"(4, 6)",89594
"woe_enc,mean_imp,no_sel,under_samp,norm_scale",0.29545454545454547,0.47706422018348627,0.6861234536329637,0.3157894736842105,0.29000000000000004,0.3771929824561403,0.33644859813084105,0.3157894736842105,-1.0,2,"(4, 6)",89594
"loo_enc,median_imp,k_best_sel,over_samp,norm_scale",0.3463338533541342,0.3699421965317919,0.6113951879847833,0.31693989071038253,0.2985971943887775,0.36247723132969034,0.33206106870229013,0.3169398907103824,-1.0,3,"(4, 6)",89594
"ordinal_enc,most_freq_imp,k_best_sel,under_samp,no_scale",0.8001893939393939,0.6843721699413317,1.4309036872045562,0.22953216374269003,0.22873900293255134,0.23099415204678364,0.2298682284040996,0.22953216374269003,0.16803413193304892,3,"(4, 6)",89594
"ordinal_enc,most_freq_imp,no_sel,under_samp,norm_scale",0.3208955223880597,0.45871559633027525,0.6976234461596268,0.3406432748538012,0.31399317406143346,0.4122807017543859,0.36692913385826775,0.3406432748538012,-1.0,3,"(4, 6)",89594
"ordinal_enc,most_freq_imp,under_samp,k_best_sel,norm_scale",0.41604010025062654,0.3577981651376147,0.6888326478962354,0.3055555555555556,0.33819951338199516,0.20467836257309946,0.2775564409030544,0.3055555555555556,-1.0,3,"(4, 6)",89594
"woe_enc,median_imp,no_sel,under_samp,norm_scale",0.2972292191435768,0.48623853211009177,0.7015163098878696,0.32163742690058483,0.29666666666666663,0.3830409356725146,0.34267912772585674,0.32163742690058483,-1.0,3,"(4, 6)",89594
"loo_enc,mean_imp,k_best_sel,over_samp,no_scale",0.810549270819136,0.6097314915412075,1.433568148711198,0.20400728597449913,0.2082585278276481,0.19672131147540983,0.20253164556962022,0.20400728597449902,0.1714385231626611,3,"(4, 6)",89594
"woe_enc,mean_imp,norm_scale,under_samp,no_sel",0.30445544554455445,0.48623853211009177,0.7133571761778884,0.3172514619883041,0.29096989966555187,0.3801169590643275,0.3385335413416536,0.31725146198830423,-1.0,3,"(4, 6)",89594
"loo_enc,median_imp,k_best_sel,over_samp,no_scale",0.8086994814584706,0.5842762267863731,1.41452314036662,0.19763205828779595,0.20250896057347667,0.18943533697632053,0.1960252935862692,0.19763205828779595,0.1750543236015155,3,"(4, 6)",89594
"woe_enc,median_imp,k_best_sel,no_scale,over_samp",0.7729012345679013,0.544579945799458,1.2981411993607117,0.19672131147540983,0.20426287744227356,0.1839708561020036,0.19424460431654678,0.19672131147540972,0.20228083588175333,3,"(4, 6)",89594
"woe_enc,mean_imp,no_sel,under_samp,norm_scale",0.28217821782178215,0.48623853211009177,0.6828487016016171,0.3055555555555556,0.2714776632302406,0.3801169590643275,0.33017377567140604,0.3055555555555556,-1.0,3,"(4, 6)",89594
"ordinal_enc,mean_imp,norm_scale,under_samp,no_sel",0.29873417721518986,0.44954128440366975,0.6523384872008725,0.32456140350877194,0.2902097902097902,0.4064327485380117,0.35350318471337583,0.32456140350877194,-1.0,4,"(4, 6)",89594
"woe_enc,most_freq_imp,no_sel,under_samp,norm_scale",0.31,0.46788990825688076,0.694694031968221,0.3157894736842105,0.2954545454545454,0.36549707602339176,0.3323076923076923,0.3157894736842105,-1.0,4,"(4, 6)",89594
"woe_enc,mean_imp,no_sel,under_samp,norm_scale",0.2832080200501253,0.48623853211009177,0.6827902562480228,0.3172514619883041,0.288135593220339,0.38596491228070173,0.34065934065934067,0.317251461988304,-1.0,4,"(4, 6)",89594
"woe_enc,mean_imp,norm_scale,under_samp,no_sel",0.3,0.4954128440366973,0.718780541631199,0.32309941520467833,0.29491525423728815,0.39181286549707606,0.34693877551020413,0.32309941520467833,-1.0,4,"(4, 6)",89594
"woe_enc,mean_imp,norm_scale,under_samp,k_best_sel",0.2989949748743719,0.48623853211009177,0.7042316116948668,0.33040935672514615,0.3104575163398693,0.3830409356725146,0.3487654320987654,0.33040935672514615,-1.0,4,"(4, 6)",89594
"loo_enc,median_imp,no_sel,over_samp,norm_scale",0.343701399688958,0.3942857142857143,0.64001221001221,0.3351548269581056,0.3134020618556701,0.39344262295081966,0.355899419729207,0.3351548269581055,-1.0,4,"(4, 6)",89594
"woe_enc,median_imp,no_sel,under_samp,norm_scale",0.3002481389578164,0.48623853211009177,0.7073269674842414,0.32456140350877194,0.30132450331125826,0.3830409356725146,0.34472049689440987,0.32456140350877205,-1.0,4,"(4, 6)",89594
"ordinal_enc,most_freq_imp,under_samp,k_best_sel,norm_scale",0.3250620347394541,0.45871559633027525,0.7036135555139487,0.3377192982456141,0.30927835051546393,0.4122807017543859,0.36492890995260663,0.337719298245614,-1.0,4,"(4, 6)",89594
"loo_enc,median_imp,k_best_sel,over_samp,norm_scale",0.3474178403755869,0.38011695906432746,0.6279802069275753,0.33242258652094714,0.31224489795918364,0.38615664845173037,0.3512993262752647,0.33242258652094714,-1.0,4,"(4, 6)",89594
"woe_enc,median_imp,k_best_sel,no_scale,over_samp",0.7796155107394654,0.5353103448275862,1.348463241313816,0.20036429872495443,0.21190893169877412,0.180327868852459,0.1964285714285714,0.20036429872495443,0.2011130946130421,4,"(4, 6)",89594
"woe_enc,mean_imp,norm_scale,under_samp,no_sel",0.2972292191435768,0.48623853211009177,0.7015163098878696,0.3201754385964912,0.29431438127090304,0.3830409356725146,0.34165366614664583,0.3201754385964912,-1.0,5,"(4, 6)",89594
"woe_enc,mean_imp,no_sel,under_samp,norm_scale",0.3027295285359802,0.47706422018348627,0.698152655557636,0.32163742690058483,0.30065359477124187,0.3742690058479532,0.3395061728395061,0.3216374269005847,-1.0,5,"(4, 6)",89594
"ordinal_enc,mean_imp,norm_scale,under_samp,no_sel",0.33004926108374383,0.41284403669724773,0.6485342723874834,0.32309941520467833,0.2976588628762542,0.38596491228070173,0.34477379095163807,0.32309941520467833,-1.0,5,"(4, 6)",89594
"woe_enc,median_imp,no_sel,under_samp,norm_scale",0.3118811881188119,0.4954128440366973,0.7360908101383922,0.32602339181286555,0.30491803278688523,0.3801169590643275,0.3446676970633695,0.32602339181286544,-1.0,5,"(4, 6)",89594
"loo_enc,median_imp,no_sel,over_samp,norm_scale",0.3415765069551777,0.39106145251396646,0.6303776918302058,0.33697632058287796,0.31236897274633124,0.4025500910746812,0.3606237816764132,0.33697632058287796,-1.0,5,"(4, 6)",89594
"woe_enc,most_freq_imp,no_sel,under_samp,max_abs_scale",0.7951646343606142,0.546757491042249,1.360885584010846,0.19298245614035092,0.19653179190751446,0.1871345029239766,0.19186046511627908,0.19298245614035092,0.17899969159878817,5,"(4, 6)",89594
"woe_enc,most_freq_imp,no_sel,under_samp,norm_scale",0.3107769423558897,0.46788990825688076,0.6954761151534326,0.32456140350877194,0.30645161290322576,0.3713450292397661,0.3404907975460122,0.32456140350877194,-1.0,5,"(4, 6)",89594
"ordinal_enc,most_freq_imp,under_samp,k_best_sel,norm_scale",0.41102756892230574,0.3394495412844037,0.6566909205947485,0.3026315789473685,0.3349633251833741,0.20467836257309946,0.2756324900133156,0.3026315789473685,-1.0,5,"(4, 6)",89594
"woe_enc,mean_imp,norm_scale,under_samp,k_best_sel",0.3053435114503817,0.48623853211009177,0.7115906447861481,0.3172514619883041,0.288135593220339,0.38596491228070173,0.34065934065934067,0.317251461988304,-1.0,5,"(4, 6)",89594
"woe_enc,mean_imp,min_max_scale,under_samp,k_best_sel",0.822062923138192,0.651966767728472,1.4254685303606693,0.19736842105263153,0.18541033434650456,0.216374269005848,0.20119225037257815,0.19736842105263153,0.15053497942386831,5,"(4, 6)",89594
"woe_enc,median_imp,no_sel,under_samp,norm_scale",0.28746928746928746,0.47706422018348627,0.6784065020626808,0.3026315789473685,0.2727272727272727,0.368421052631579,0.323943661971831,0.3026315789473685,-1.0,6,"(4, 6)",89594
"woe_enc,most_freq_imp,no_sel,under_samp,norm_scale",0.2969543147208122,0.47706422018348627,0.6875905359729599,0.3157894736842105,0.29139072847682124,0.3742690058479532,0.3354037267080745,0.3157894736842105,-1.0,6,"(4, 6)",89594
"woe_enc,mean_imp,norm_scale,under_samp,k_best_sel",0.3014705882352941,0.4954128440366973,0.7228375932005768,0.32309941520467833,0.3003300330033003,0.3801169590643275,0.3426356589147286,0.32309941520467844,-1.0,6,"(4, 6)",89594
"woe_enc,mean_imp,no_sel,under_samp,norm_scale",0.2967581047381546,0.47706422018348627,0.6893929873067739,0.3157894736842105,0.29276315789473684,0.3713450292397661,0.33436532507739936,0.3157894736842106,-1.0,6,"(4, 6)",89594
"woe_enc,mean_imp,norm_scale,under_samp,no_sel",0.2977667493796526,0.48623853211009177,0.7039256069400237,0.3187134502923976,0.29333333333333333,0.3801169590643275,0.33956386292834884,0.3187134502923977,-1.0,6,"(4, 6)",89594
"woe_enc,median_imp,k_best_sel,under_samp,norm_scale",0.3075,0.46788990825688076,0.6912576058513825,0.3187134502923976,0.30000000000000004,0.36549707602339176,0.33435582822085885,0.3187134502923976,-1.0,6,"(4, 6)",89594
"loo_enc,median_imp,no_sel,over_samp,norm_scale",0.35060975609756095,0.39893617021276595,0.648936170212766,0.34426229508196726,0.32150313152400833,0.40801457194899815,0.36770428015564205,0.34426229508196715,-1.0,6,"(4, 6)",89594
"ordinal_enc,mean_imp,under_samp,k_best_sel,norm_scale",0.31592039800995025,0.47706422018348627,0.7159720700128378,0.3391812865497076,0.31034482758620685,0.41520467836257313,0.36708860759493667,0.3391812865497075,-1.0,6,"(4, 6)",89594
"ordinal_enc,most_freq_imp,under_samp,k_best_sel,norm_scale",0.31683168316831684,0.44954128440366975,0.6800497589799409,0.33040935672514615,0.30536912751677847,0.39473684210526316,0.353125,0.33040935672514626,-1.0,6,"(4, 6)",89594
"woe_enc,most_freq_imp,no_sel,under_samp,max_abs_scale",0.8002872676964832,0.5461668701027681,1.3839750892808502,0.1915204678362573,0.19943019943019946,0.17836257309941517,0.1890331890331891,0.19152046783625742,0.1853190764096952,6,"(4, 6)",89594
"woe_enc,mean_imp,norm_scale,under_samp,no_sel",0.2881773399014778,0.47706422018348627,0.6790844222036883,0.3055555555555556,0.2745762711864407,0.3742690058479532,0.32810047095761385,0.30555555555555547,-1.0,7,"(4, 6)",89594
"woe_enc,mean_imp,no_sel,under_samp,norm_scale",0.2875,0.47706422018348627,0.6763769349601185,0.3157894736842105,0.29139072847682124,0.3742690058479532,0.3354037267080745,0.3157894736842105,-1.0,7,"(4, 6)",89594
"woe_enc,most_freq_imp,no_sel,under_samp,norm_scale",0.3241206030150754,0.48623853211009177,0.7388336878194344,0.3391812865497076,0.32258064516129037,0.38596491228070173,0.35582822085889576,0.3391812865497076,-1.0,7,"(4, 6)",89594
"woe_enc,mean_imp,norm_scale,under_samp,k_best_sel",0.3111111111111111,0.48623853211009177,0.7227250185965782,0.32163742690058483,0.30194805194805197,0.3713450292397661,0.3384615384615386,0.3216374269005846,-1.0,7,"(4, 6)",89594
"ordinal_enc,most_freq_imp,k_best_sel,under_samp,norm_scale",0.32323232323232326,0.46788990825688076,0.711792347281271,0.3435672514619883,0.31864406779661014,0.4122807017543859,0.3689167974882259,0.3435672514619883,-1.0,7,"(4, 6)",89594
"woe_enc,median_imp,under_samp,no_sel,norm_scale",0.3047858942065491,0.4954128440366973,0.7245795107033639,0.32456140350877194,0.30132450331125826,0.3830409356725146,0.34472049689440987,0.32456140350877205,-1.0,7,"(4, 6)",89594
"loo_enc,median_imp,no_sel,over_samp,norm_scale",0.3468118195956454,0.38857142857142857,0.6364346764346764,0.33697632058287796,0.3154639175257732,0.395264116575592,0.3578336557059961,0.33697632058287796,-1.0,7,"(4, 6)",89594
"woe_enc,median_imp,no_sel,under_samp,norm_scale",0.3096446700507614,0.47706422018348627,0.7051343956220828,0.32456140350877194,0.30891719745222934,0.36549707602339176,0.33841463414634143,0.32456140350877194,-1.0,7,"(4, 6)",89594
"woe_enc,median_imp,k_best_sel,under_samp,norm_scale",0.2964824120603015,0.45871559633027525,0.6628678454652234,0.3084795321637427,0.28239202657807305,0.368421052631579,0.328149300155521,0.3084795321637427,-1.0,7,"(4, 6)",89594
"ordinal_enc,mean_imp,under_samp,k_best_sel,norm_scale",0.32,0.45871559633027525,0.6958289983921309,0.33040935672514615,0.30000000000000004,0.4064327485380117,0.3575949367088608,0.33040935672514626,-1.0,7,"(4, 6)",89594
"ordinal_enc,mean_imp,norm_scale,under_samp,no_sel",0.32432432432432434,0.44954128440366975,0.6911520226587033,0.33479532163742687,0.3097643097643098,0.4005847953216374,0.3583724569640062,0.33479532163742676,-1.0,8,"(4, 6)",89594
"woe_enc,mean_imp,under_samp,k_best_sel,norm_scale",0.31435643564356436,0.47706422018348627,0.7143523557767066,0.3201754385964912,0.3022508038585209,0.36549707602339176,0.33537519142419603,0.3201754385964912,-1.0,8,"(4, 6)",89594
"woe_enc,median_imp,k_best_sel,under_samp,norm_scale",0.29876543209876544,0.46788990825688076,0.6807277460947185,0.3114035087719298,0.2857142857142857,0.3713450292397661,0.3312597200622084,0.3114035087719298,-1.0,8,"(4, 6)",89594
"woe_enc,mean_imp,no_sel,under_samp,norm_scale",0.2881773399014778,0.48623853211009177,0.6916257374972972,0.314327485380117,0.2861952861952862,0.3801169590643275,0.33646322378716753,0.3143274853801169,-1.0,8,"(4, 6)",89594
"woe_enc,mean_imp,norm_scale,under_samp,no_sel",0.2878411910669975,0.47706422018348627,0.6777444922923298,0.3114035087719298,0.28428093645484953,0.3742690058479532,0.3322932917316693,0.3114035087719298,-1.0,8,"(4, 6)",89594
"woe_enc,mean_imp,norm_scale,under_samp,k_best_sel",0.3106060606060606,0.4954128440366973,0.7323466419461049,0.3406432748538012,0.3236245954692557,0.38888888888888884,0.35791090629800304,0.3406432748538011,-1.0,8,"(4, 6)",89594
"woe_enc,median_imp,under_samp,no_sel,norm_scale",0.2982456140350877,0.4954128440366973,0.7161024992091111,0.3201754385964912,0.29431438127090304,0.3830409356725146,0.34165366614664583,0.3201754385964912,-1.0,8,"(4, 6)",89594
"woe_enc,median_imp,no_sel,under_samp,norm_scale",0.2932330827067669,0.48623853211009177,0.6965833596962987,0.3172514619883041,0.2866894197952219,0.38888888888888884,0.34173228346456686,0.317251461988304,-1.0,8,"(4, 6)",89594
"woe_enc,median_imp,k_best_sel,under_samp,max_abs_scale",0.7945075757575758,0.5229357798165137,1.4071929860249395,0.20321637426900585,0.22343324250681196,0.16666666666666663,0.19605077574047958,0.20321637426900574,0.20272410516312955,8,"(4, 6)",89594
"loo_enc,median_imp,no_sel,over_samp,norm_scale",0.3455098934550989,0.4126984126984127,0.6605616605616605,0.33697632058287796,0.3154639175257732,0.395264116575592,0.3578336557059961,0.33697632058287796,-1.0,8,"(4, 6)",89594
"woe_enc,median_imp,k_best_sel,under_samp,norm_scale",0.30597014925373134,0.46788990825688076,0.6897329116698501,0.3114035087719298,0.2885245901639344,0.36549707602339176,0.32921174652241114,0.3114035087719298,-1.0,9,"(4, 6)",89594
"woe_enc,median_imp,under_samp,no_sel,norm_scale",0.29545454545454547,0.4954128440366973,0.7114407186011572,0.32309941520467833,0.2962962962962963,0.38888888888888884,0.3458528951486698,0.32309941520467844,-1.0,9,"(4, 6)",89594
"woe_enc,median_imp,norm_scale,under_samp,no_sel",0.3135802469135803,0.47706422018348627,0.7135507066699728,0.3172514619883041,0.29372937293729373,0.3742690058479532,0.33643410852713174,0.3172514619883041,-1.0,9,"(4, 6)",89594
"woe_enc,mean_imp,under_samp,no_sel,norm_scale",0.2835820895522388,0.48623853211009177,0.6841907505401259,0.3099415204678363,0.27586206896551724,0.38596491228070173,0.33544303797468344,0.3099415204678362,-1.0,9,"(4, 6)",89594
"woe_enc,mean_imp,no_sel,under_samp,norm_scale",0.30730478589420657,0.47706422018348627,0.7027586646279307,0.32456140350877194,0.303921568627451,0.3771929824561403,0.34259259259259256,0.32456140350877183,-1.0,9,"(4, 6)",89594
"woe_enc,mean_imp,under_samp,k_best_sel,norm_scale",0.29545454545454547,0.47706422018348627,0.6861234536329637,0.32309941520467833,0.2976588628762542,0.38596491228070173,0.34477379095163807,0.32309941520467833,-1.0,9,"(4, 6)",89594
"woe_enc,mean_imp,norm_scale,under_samp,k_best_sel",0.29975429975429974,0.48623853211009177,0.7077150421772058,0.314327485380117,0.2876254180602007,0.3771929824561403,0.33541341653666146,0.314327485380117,-1.0,9,"(4, 6)",89594
"woe_enc,mean_imp,norm_scale,under_samp,no_sel",0.30198019801980197,0.47706422018348627,0.6974032032343337,0.3128654970760234,0.2880794701986755,0.3713450292397661,0.33229813664596264,0.3128654970760233,-1.0,9,"(4, 6)",89594
"woe_enc,mean_imp,max_abs_scale,under_samp,k_best_sel",0.8222853535353536,0.5963302752293578,1.4910404431102573,0.21052631578947367,0.2219101123595506,0.1900584795321637,0.2063037249283668,0.21052631578947367,0.17484954070319925,9,"(4, 6)",89594
"ordinal_enc,mean_imp,norm_scale,under_samp,no_sel",0.31683168316831684,0.46788990825688076,0.7051780438501011,0.32894736842105265,0.2975778546712803,0.4064327485380117,0.3565768621236133,0.32894736842105265,-1.0,9,"(4, 6)",89594
"woe_enc,mean_imp,under_samp,no_sel,norm_scale",0.30673316708229426,0.4954128440366973,0.7282895563654643,0.33479532163742687,0.31715210355987056,0.3830409356725146,0.3517665130568356,0.33479532163742687,-1.0,10,"(4, 6)",89594
"woe_enc,median_imp,norm_scale,under_samp,k_best_sel",0.3103448275862069,0.4954128440366973,0.7344700830939364,0.33040935672514615,0.3129032258064516,0.3771929824561403,0.34662576687116553,0.33040935672514626,-1.0,10,"(4, 6)",89594
"woe_enc,median_imp,norm_scale,under_samp,no_sel",0.2935323383084577,0.47706422018348627,0.6852553464633497,0.3187134502923976,0.29054054054054057,0.38596491228070173,0.34169278996865193,0.3187134502923976,-1.0,10,"(4, 6)",89594
"woe_enc,median_imp,under_samp,no_sel,norm_scale",0.2982456140350877,0.47706422018348627,0.6908573236317621,0.3114035087719298,0.2857142857142857,0.3713450292397661,0.3312597200622084,0.3114035087719298,-1.0,10,"(4, 6)",89594
"woe_enc,mean_imp,no_sel,under_samp,norm_scale",0.30982367758186397,0.47706422018348627,0.7062308868501529,0.32163742690058483,0.29801324503311255,0.3801169590643275,0.3416149068322981,0.32163742690058483,-1.0,10,"(4, 6)",89594
"woe_enc,mean_imp,norm_scale,under_samp,k_best_sel",0.2969543147208122,0.45871559633027525,0.6622243682600998,0.3114035087719298,0.28135593220338984,0.3801169590643275,0.3343799058084773,0.3114035087719299,-1.0,10,"(4, 6)",89594
"woe_enc,median_imp,k_best_sel,under_samp,norm_scale",0.2995049504950495,0.48623853211009177,0.7065775151609393,0.3114035087719298,0.2828282828282829,0.3771929824561403,0.33333333333333326,0.3114035087719298,-1.0,10,"(4, 6)",89594
"woe_enc,mean_imp,norm_scale,under_samp,no_sel",0.30597014925373134,0.47706422018348627,0.702320192879732,0.32456140350877194,0.3026315789473685,0.3801169590643275,0.3436532507739939,0.32456140350877194,-1.0,10,"(4, 6)",89594
"woe_enc,mean_imp,under_samp,k_best_sel,norm_scale",0.2957393483709273,0.48623853211009177,0.7000316355583677,0.3201754385964912,0.29292929292929293,0.38596491228070173,0.34272300469483563,0.3201754385964912,-1.0,10,"(4, 6)",89594
"ordinal_enc,mean_imp,norm_scale,under_samp,no_sel",0.3194103194103194,0.43119266055045874,0.6593805800135459,0.3187134502923976,0.2847222222222222,0.39766081871345027,0.34603174603174613,0.3187134502923975,-1.0,10,"(4, 6)",89594
"woe_enc,mean_imp,norm_scale,under_samp,k_best_sel",0.29584352078239606,0.47706422018348627,0.6903975535168196,0.3114035087719298,0.2857142857142857,0.3713450292397661,0.3312597200622084,0.3114035087719298,-1.0,11,"(4, 6)",89594
"ordinal_enc,mean_imp,under_samp,no_sel,norm_scale",0.31139240506329113,0.44954128440366975,0.66982100468339,0.33187134502923976,0.30508474576271183,0.4005847953216374,0.3563579277864992,0.33187134502923965,-1.0,11,"(4, 6)",89594
"woe_enc,median_imp,no_sel,under_samp,norm_scale",0.29292929292929293,0.48623853211009177,0.6952977655595691,0.32163742690058483,0.2953020134228188,0.38596491228070173,0.3437500000000001,0.32163742690058483,-1.0,11,"(4, 6)",89594
"woe_enc,median_imp,under_samp,k_best_sel,norm_scale",0.291358024691358,0.48623853211009177,0.6956979915695513,0.3114035087719298,0.2857142857142857,0.3713450292397661,0.3312597200622084,0.3114035087719298,-1.0,11,"(4, 6)",89594
"woe_enc,mean_imp,under_samp,no_sel,norm_scale",0.3012345679012346,0.4954128440366973,0.7217641953880486,0.32309941520467833,0.2976588628762542,0.38596491228070173,0.34477379095163807,0.32309941520467833,-1.0,11,"(4, 6)",89594
"woe_enc,median_imp,norm_scale,under_samp,no_sel",0.30617283950617286,0.47706422018348627,0.7034155715348376,0.3201754385964912,0.29836065573770487,0.3742690058479532,0.33848531684698613,0.3201754385964912,-1.0,11,"(4, 6)",89594
"woe_enc,mean_imp,no_sel,under_samp,norm_scale",0.30597014925373134,0.4954128440366973,0.7274947552994959,0.32894736842105265,0.306930693069307,0.38596491228070173,0.34883720930232553,0.32894736842105254,-1.0,11,"(4, 6)",89594
"woe_enc,median_imp,under_samp,no_sel,norm_scale",0.29207920792079206,0.45871559633027525,0.6587155963302753,0.3026315789473685,0.27574750830564787,0.36257309941520466,0.32192846034214617,0.3026315789473685,-1.0,11,"(4, 6)",89594
"woe_enc,mean_imp,norm_scale,under_samp,no_sel",0.3118811881188119,0.47706422018348627,0.710962525268232,0.3187134502923976,0.29470198675496684,0.3771929824561403,0.33850931677018625,0.3187134502923977,-1.0,11,"(4, 6)",89594
"woe_enc,median_imp,k_best_sel,under_samp,norm_scale",0.30808080808080807,0.47706422018348627,0.7035450564204201,0.32309941520467833,0.3003300330033003,0.3801169590643275,0.3426356589147286,0.32309941520467844,-1.0,11,"(4, 6)",89594
"woe_enc,median_imp,k_best_sel,under_samp,norm_scale",0.30423940149625933,0.4954128440366973,0.7248648988312179,0.32456140350877194,0.303921568627451,0.3771929824561403,0.34259259259259256,0.32456140350877183,-1.0,12,"(4, 6)",89594
"woe_enc,mean_imp,norm_scale,under_samp,k_best_sel",0.3037037037037037,0.45871559633027525,0.6749318125464915,0.3099415204678363,0.2818791946308725,0.3742690058479532,0.33124999999999993,0.3099415204678363,-1.0,12,"(4, 6)",89594
"woe_enc,median_imp,under_samp,k_best_sel,norm_scale",0.3027295285359802,0.48623853211009177,0.7107283280284591,0.3201754385964912,0.29431438127090304,0.3830409356725146,0.34165366614664583,0.3201754385964912,-1.0,12,"(4, 6)",89594
"woe_enc,median_imp,under_samp,no_sel,norm_scale",0.3037037037037037,0.48623853211009177,0.7125898834614431,0.3172514619883041,0.2964169381107492,0.368421052631579,0.33436055469953785,0.3172514619883041,-1.0,12,"(4, 6)",89594
"woe_enc,mean_imp,under_samp,no_sel,norm_scale",0.30597014925373134,0.4954128440366973,0.7274947552994959,0.32894736842105265,0.3106796116504854,0.3771929824561403,0.34562211981566815,0.32894736842105265,-1.0,12,"(4, 6)",89594
"woe_enc,median_imp,no_sel,under_samp,norm_scale",0.3027295285359802,0.47706422018348627,0.698152655557636,0.32163742690058483,0.29801324503311255,0.3801169590643275,0.3416149068322981,0.32163742690058483,-1.0,12,"(4, 6)",89594
"woe_enc,mean_imp,norm_scale,under_samp,no_sel",0.3147208121827411,0.48623853211009177,0.724835023338162,0.32748538011695905,0.30718954248366015,0.3801169590643275,0.3456790123456791,0.32748538011695916,-1.0,12,"(4, 6)",89594
"woe_enc,median_imp,norm_scale,under_samp,no_sel",0.30656934306569344,0.4954128440366973,0.7305121817850416,0.32163742690058483,0.30194805194805197,0.3713450292397661,0.3384615384615386,0.3216374269005846,-1.0,12,"(4, 6)",89594
"woe_enc,mean_imp,no_sel,under_samp,norm_scale",0.29850746268656714,0.47706422018348627,0.6920812850299026,0.3172514619883041,0.29372937293729373,0.3742690058479532,0.33643410852713174,0.3172514619883041,-1.0,12,"(4, 6)",89594
"ordinal_enc,mean_imp,under_samp,no_sel,norm_scale",0.3012345679012346,0.46788990825688076,0.684106124473097,0.32309941520467833,0.28771929824561404,0.4064327485380117,0.3524720893141946,0.32309941520467833,-1.0,12,"(4, 6)",89594
"woe_enc,mean_imp,no_sel,under_samp,norm_scale",0.2967581047381546,0.48623853211009177,0.701991956767626,0.3201754385964912,0.29431438127090304,0.3830409356725146,0.34165366614664583,0.3201754385964912,-1.0,13,"(4, 6)",89594
"woe_enc,median_imp,k_best_sel,under_samp,norm_scale",0.2947103274559194,0.47706422018348627,0.6853975535168196,0.32456140350877194,0.3026315789473685,0.3801169590643275,0.3436532507739939,0.32456140350877194,-1.0,13,"(4, 6)",89594
"woe_enc,mean_imp,under_samp,no_sel,norm_scale",0.29441624365482233,0.47706422018348627,0.6840817640431354,0.3157894736842105,0.28859060402684567,0.3801169590643275,0.3375,0.3157894736842106,-1.0,13,"(4, 6)",89594
"ordinal_enc,mean_imp,norm_scale,under_samp,k_best_sel",0.2947103274559194,0.46788990825688076,0.6727510193679919,0.33333333333333337,0.303448275862069,0.4093567251461988,0.3607594936708861,0.33333333333333337,-1.0,13,"(4, 6)",89594
"woe_enc,median_imp,under_samp,no_sel,norm_scale",0.3022113022113022,0.48623853211009177,0.7110707468751924,0.32456140350877194,0.30645161290322576,0.3713450292397661,0.3404907975460122,0.32456140350877194,-1.0,13,"(4, 6)",89594
"woe_enc,median_imp,under_samp,k_best_sel,norm_scale",0.3005050505050505,0.4954128440366973,0.7184093597161398,0.32456140350877194,0.3026315789473685,0.3801169590643275,0.3436532507739939,0.32456140350877194,-1.0,13,"(4, 6)",89594
"woe_enc,mean_imp,norm_scale,under_samp,k_best_sel",0.3069306930693069,0.4954128440366973,0.729311149121443,0.3201754385964912,0.29836065573770487,0.3742690058479532,0.33848531684698613,0.3201754385964912,-1.0,13,"(4, 6)",89594
"woe_enc,median_imp,no_sel,under_samp,norm_scale",0.3106060606060606,0.48623853211009177,0.7196880094620082,0.32456140350877194,0.30000000000000004,0.38596491228070173,0.3457943925233644,0.32456140350877183,-1.0,13,"(4, 6)",89594
"ordinal_enc,mean_imp,under_samp,no_sel,norm_scale",0.3192019950124688,0.46788990825688076,0.707615935654141,0.3421052631578947,0.31999999999999995,0.4035087719298246,0.36448598130841114,0.3421052631578947,-1.0,13,"(4, 6)",89594
"woe_enc,mean_imp,norm_scale,under_samp,no_sel",0.29441624365482233,0.48623853211009177,0.6967648478995654,0.3201754385964912,0.29702970297029707,0.3771929824561403,0.3395348837209303,0.3201754385964911,-1.0,13,"(4, 6)",89594
"woe_enc,mean_imp,norm_scale,under_samp,no_sel",0.30632911392405066,0.48623853211009177,0.713511259382819,0.32894736842105265,0.30944625407166126,0.3801169590643275,0.3466872110939908,0.32894736842105277,-1.0,14,"(4, 6)",89594
"woe_enc,mean_imp,under_samp,no_sel,norm_scale",0.3082706766917293,0.48623853211009177,0.7172730148687124,0.32456140350877194,0.303921568627451,0.3771929824561403,0.34259259259259256,0.32456140350877183,-1.0,14,"(4, 6)",89594
"ordinal_enc,mean_imp,under_samp,no_sel,norm_scale",0.2935323383084577,0.46788990825688076,0.6726680652534678,0.3187134502923976,0.28321678321678323,0.4005847953216374,0.34713375796178336,0.3187134502923976,-1.0,14,"(4, 6)",89594
"ordinal_enc,mean_imp,norm_scale,under_samp,k_best_sel",0.3165829145728643,0.44954128440366975,0.6779149868258151,0.32894736842105265,0.3016949152542373,0.39766081871345027,0.3532182103610674,0.32894736842105265,-1.0,14,"(4, 6)",89594
"woe_enc,mean_imp,k_best_sel,under_samp,norm_scale",0.2975,0.4954128440366973,0.7153441155143605,0.33333333333333337,0.3125,0.38888888888888884,0.3529411764705882,0.33333333333333326,-1.0,14,"(4, 6)",89594
"ordinal_enc,median_imp,norm_scale,under_samp,k_best_sel",0.3258145363408521,0.43119266055045874,0.6656754191711484,0.32602339181286555,0.29966329966329963,0.39181286549707606,0.34898278560250384,0.32602339181286555,-1.0,14,"(4, 6)",89594
"woe_enc,median_imp,under_samp,no_sel,norm_scale",0.30710659898477155,0.47706422018348627,0.7016256236922582,0.3201754385964912,0.29836065573770487,0.3742690058479532,0.33848531684698613,0.3201754385964912,-1.0,14,"(4, 6)",89594
"woe_enc,mean_imp,norm_scale,under_samp,k_best_sel",0.2967581047381546,0.45871559633027525,0.6641950483850698,0.3084795321637427,0.28093645484949836,0.3713450292397661,0.3291731669266771,0.3084795321637427,-1.0,14,"(4, 6)",89594
"woe_enc,mean_imp,no_sel,under_samp,norm_scale",0.3012658227848101,0.47706422018348627,0.693847436966703,0.3201754385964912,0.29702970297029707,0.3771929824561403,0.3395348837209303,0.3201754385964911,-1.0,14,"(4, 6)",89594
"woe_enc,median_imp,no_sel,under_samp,norm_scale",0.31313131313131315,0.47706422018348627,0.7105136975354026,0.32309941520467833,0.3016393442622951,0.3771929824561403,0.3415765069551777,0.32309941520467833,-1.0,14,"(4, 6)",89594
"woe_enc,mean_imp,norm_scale,under_samp,k_best_sel",0.2961165048543689,0.47706422018348627,0.6915856723287008,0.3128654970760234,0.2866666666666666,0.3742690058479532,0.33333333333333337,0.3128654970760234,-1.0,15,"(4, 6)",89594
"woe_enc,mean_imp,under_samp,no_sel,norm_scale",0.30025445292620867,0.47706422018348627,0.6918529525778525,0.32456140350877194,0.30132450331125826,0.3830409356725146,0.34472049689440987,0.32456140350877205,-1.0,15,"(4, 6)",89594
"woe_enc,median_imp,under_samp,no_sel,norm_scale",0.32,0.43119266055045874,0.657996784261799,0.3055555555555556,0.28478964401294493,0.3538011695906432,0.32104454685099837,0.30555555555555547,-1.0,15,"(4, 6)",89594
"woe_enc,mean_imp,k_best_sel,under_samp,norm_scale",0.29797979797979796,0.46788990825688076,0.6769491417063581,0.3187134502923976,0.2919463087248322,0.3830409356725146,0.34062499999999996,0.3187134502923977,-1.0,15,"(4, 6)",89594
"woe_enc,median_imp,no_sel,under_samp,norm_scale",0.27848101265822783,0.48623853211009177,0.6750497209212806,0.3187134502923976,0.2919463087248322,0.3830409356725146,0.34062499999999996,0.3187134502923977,-1.0,15,"(4, 6)",89594
"woe_enc,mean_imp,no_sel,under_samp,norm_scale",0.30597014925373134,0.47706422018348627,0.702320192879732,0.3157894736842105,0.29000000000000004,0.3771929824561403,0.33644859813084105,0.3157894736842105,-1.0,15,"(4, 6)",89594
"ordinal_enc,mean_imp,under_samp,no_sel,norm_scale",0.33002481389578164,0.41284403669724773,0.6475379142482681,0.32456140350877194,0.30000000000000004,0.38596491228070173,0.3457943925233644,0.32456140350877183,-1.0,15,"(4, 6)",89594
"woe_enc,mean_imp,no_sel,no_samp,norm_scale",0.18890814558058924,0.6146788990825688,0.757841292244962,0.30415263748597077,0.35856573705179284,0.5292397660818713,0.45699831365935917,0.3465870961556897,-1.0,15,"(4, 6)",89594
"ordinal_enc,median_imp,under_samp,k_best_sel,norm_scale",0.3014705882352941,0.46788990825688076,0.6852812126047069,0.32602339181286555,0.2941176470588235,0.4035087719298246,0.3534072900158479,0.32602339181286544,-1.0,15,"(4, 6)",89594
"woe_enc,mean_imp,norm_scale,under_samp,no_sel",0.3025,0.48623853211009177,0.7096062297045935,0.32309941520467833,0.3003300330033003,0.3801169590643275,0.3426356589147286,0.32309941520467844,-1.0,15,"(4, 6)",89594
"woe_enc,median_imp,under_samp,no_sel,norm_scale",0.2972972972972973,0.47706422018348627,0.6918293208546272,0.3099415204678363,0.2861842105263158,0.36549707602339176,0.3281733746130031,0.3099415204678363,-1.0,16,"(4, 6)",89594
"woe_enc,mean_imp,norm_scale,under_samp,k_best_sel",0.30198019801980197,0.46788990825688076,0.6848390607992536,0.3157894736842105,0.2941176470588235,0.368421052631579,0.33333333333333326,0.3157894736842105,-1.0,16,"(4, 6)",89594
"woe_enc,mean_imp,norm_scale,under_samp,no_sel",0.30597014925373134,0.48623853211009177,0.714907474089614,0.32748538011695905,0.3084415584415584,0.3771929824561403,0.34461538461538455,0.32748538011695905,-1.0,16,"(4, 6)",89594
"woe_enc,mean_imp,k_best_sel,under_samp,norm_scale",0.2925,0.4954128440366973,0.7084712632806835,0.32456140350877194,0.3026315789473685,0.3801169590643275,0.3436532507739939,0.32456140350877194,-1.0,16,"(4, 6)",89594
"ordinal_enc,median_imp,norm_scale,under_samp,k_best_sel",0.31592039800995025,0.46788990825688076,0.7033847888029559,0.3406432748538012,0.31399317406143346,0.4122807017543859,0.36692913385826775,0.3406432748538012,-1.0,16,"(4, 6)",89594
"woe_enc,mean_imp,under_samp,k_best_sel,norm_scale",0.2982885085574572,0.4954128440366973,0.7187461773700305,0.3172514619883041,0.29096989966555187,0.3801169590643275,0.3385335413416536,0.31725146198830423,-1.0,16,"(4, 6)",89594
"ordinal_enc,median_imp,under_samp,k_best_sel,norm_scale",0.3037037037037037,0.44954128440366975,0.6623791222415076,0.3157894736842105,0.2797202797202797,0.39766081871345027,0.3439490445859872,0.3157894736842105,-1.0,16,"(4, 6)",89594
"woe_enc,mean_imp,no_sel,no_samp,norm_scale",0.18890814558058924,0.6146788990825688,0.757841292244962,0.30415263748597077,0.35856573705179284,0.5292397660818713,0.45699831365935917,0.3465870961556897,-1.0,16,"(4, 6)",89594
"woe_enc,mean_imp,under_samp,no_sel,norm_scale",0.2942643391521197,0.47706422018348627,0.6859683297725274,0.3157894736842105,0.29276315789473684,0.3713450292397661,0.33436532507739936,0.3157894736842106,-1.0,16,"(4, 6)",89594
"woe_enc,mean_imp,no_sel,under_samp,norm_scale",0.29591836734693877,0.47706422018348627,0.685544785554511,0.3157894736842105,0.29000000000000004,0.3771929824561403,0.33644859813084105,0.3157894736842105,-1.0,16,"(4, 6)",89594
"woe_enc,median_imp,norm_scale,under_samp,no_sel",0.29974811083123426,0.48623853211009177,0.7049885321100917,0.32456140350877194,0.3026315789473685,0.3801169590643275,0.3436532507739939,0.32456140350877194,-1.0,17,"(4, 6)",89594
"woe_enc,mean_imp,under_samp,k_best_sel,norm_scale",0.288265306122449,0.48623853211009177,0.6876519596719293,0.32163742690058483,0.29391891891891897,0.38888888888888884,0.3448275862068966,0.32163742690058483,-1.0,17,"(4, 6)",89594
"woe_enc,median_imp,under_samp,no_sel,norm_scale",0.3123425692695214,0.48623853211009177,0.7223496432212029,0.32894736842105265,0.30564784053156147,0.38888888888888884,0.3499222395023328,0.32894736842105265,-1.0,17,"(4, 6)",89594
"woe_enc,mean_imp,k_best_sel,under_samp,norm_scale",0.29081632653061223,0.46788990825688076,0.6657697669141246,0.32163742690058483,0.2953020134228188,0.38596491228070173,0.3437500000000001,0.32163742690058483,-1.0,17,"(4, 6)",89594
"woe_enc,mean_imp,no_sel,no_samp,norm_scale",0.18890814558058924,0.6146788990825688,0.757841292244962,0.30415263748597077,0.35856573705179284,0.5292397660818713,0.45699831365935917,0.3465870961556897,-1.0,17,"(4, 6)",89594
"woe_enc,mean_imp,norm_scale,under_samp,k_best_sel",0.291044776119403,0.47706422018348627,0.6818423771800732,0.314327485380117,0.28474576271186436,0.3830409356725146,0.33751962323390894,0.314327485380117,-1.0,17,"(4, 6)",89594
"woe_enc,mean_imp,no_sel,under_samp,norm_scale",0.30864197530864196,0.48623853211009177,0.7193466402181998,0.33040935672514615,0.3129032258064516,0.3771929824561403,0.34662576687116553,0.33040935672514626,-1.0,17,"(4, 6)",89594
"woe_enc,mean_imp,under_samp,no_sel,norm_scale",0.3052109181141439,0.48623853211009177,0.7141296885726768,0.3201754385964912,0.29702970297029707,0.3771929824561403,0.3395348837209303,0.3201754385964911,-1.0,17,"(4, 6)",89594
"ordinal_enc,median_imp,under_samp,k_best_sel,norm_scale",0.3231552162849873,0.45871559633027525,0.6981522160485851,0.3450292397660819,0.32094594594594594,0.4122807017543859,0.3699059561128526,0.3450292397660819,-1.0,17,"(4, 6)",89594
"woe_enc,mean_imp,norm_scale,under_samp,no_sel",0.2828282828282828,0.48623853211009177,0.681360483329604,0.3128654970760234,0.2808219178082192,0.38596491228070173,0.33753943217665616,0.3128654970760233,-1.0,17,"(4, 6)",89594
"woe_enc,mean_imp,under_samp,no_sel,norm_scale",0.2962962962962963,0.48623853211009177,0.7024547483263079,0.32163742690058483,0.29666666666666663,0.3830409356725146,0.34267912772585674,0.32163742690058483,-1.0,18,"(4, 6)",89594
"woe_enc,mean_imp,no_sel,no_samp,norm_scale",0.18890814558058924,0.6146788990825688,0.757841292244962,0.30415263748597077,0.35856573705179284,0.5292397660818713,0.45699831365935917,0.3465870961556897,-1.0,18,"(4, 6)",89594
"woe_enc,mean_imp,under_samp,k_best_sel,norm_scale",0.29850746268656714,0.48623853211009177,0.7046685662397846,0.32309941520467833,0.3042071197411004,0.3713450292397661,0.3394777265745008,0.32309941520467833,-1.0,18,"(4, 6)",89594
"woe_enc,mean_imp,norm_scale,under_samp,no_sel",0.3007518796992481,0.47706422018348627,0.6943055994938311,0.32163742690058483,0.29934210526315785,0.3771929824561403,0.3405572755417956,0.32163742690058483,-1.0,18,"(4, 6)",89594
"ordinal_enc,median_imp,norm_scale,under_samp,no_sel",0.32169576059850374,0.45871559633027525,0.6984416237275355,0.33040935672514615,0.3013698630136986,0.4035087719298246,0.35646687697160884,0.33040935672514615,-1.0,18,"(4, 6)",89594
"woe_enc,median_imp,under_samp,k_best_sel,norm_scale",0.27386934673366836,0.47706422018348627,0.6569950160312371,0.3055555555555556,0.2714776632302406,0.3801169590643275,0.33017377567140604,0.3055555555555556,-1.0,18,"(4, 6)",89594
"woe_enc,mean_imp,norm_scale,under_samp,k_best_sel",0.297029702970297,0.48623853211009177,0.7031876846524646,0.3187134502923976,0.29470198675496684,0.3771929824561403,0.33850931677018625,0.3187134502923977,-1.0,18,"(4, 6)",89594
"woe_enc,median_imp,norm_scale,under_samp,no_sel",0.29411764705882354,0.48623853211009177,0.6954583902661201,0.32163742690058483,0.29801324503311255,0.3801169590643275,0.3416149068322981,0.32163742690058483,-1.0,18,"(4, 6)",89594
"woe_enc,mean_imp,no_sel,under_samp,norm_scale",0.29095354523227385,0.4954128440366973,0.7087461773700306,0.314327485380117,0.2876254180602007,0.3771929824561403,0.33541341653666146,0.314327485380117,-1.0,18,"(4, 6)",89594
"ordinal_enc,median_imp,under_samp,k_best_sel,norm_scale",0.3103448275862069,0.45871559633027525,0.6843048219195008,0.33187134502923976,0.30639730639730645,0.39766081871345027,0.35524256651017216,0.33187134502923976,-1.0,18,"(4, 6)",89594
"woe_enc,mean_imp,no_sel,under_samp,norm_scale",0.3082706766917293,0.47706422018348627,0.704650427080038,0.32456140350877194,0.30519480519480524,0.3742690058479532,0.34153846153846157,0.32456140350877194,-1.0,19,"(4, 6)",89594
"woe_enc,mean_imp,no_samp,no_sel,norm_scale",0.18890814558058924,0.6146788990825688,0.757841292244962,0.30415263748597077,0.35856573705179284,0.5292397660818713,0.45699831365935917,0.3465870961556897,-1.0,19,"(4, 6)",89594
"woe_enc,median_imp,no_sel,no_samp,norm_scale",0.1854419410745234,0.6146788990825688,0.7535677879714577,0.303030303030303,0.3548387096774194,0.5321637426900585,0.4576271186440678,0.346227590835011,-1.0,19,"(4, 6)",89594
"woe_enc,mean_imp,under_samp,k_best_sel,norm_scale",0.3076923076923077,0.47706422018348627,0.7049553766460713,0.3172514619883041,0.2964169381107492,0.368421052631579,0.33436055469953785,0.3172514619883041,-1.0,19,"(4, 6)",89594
"ordinal_enc,median_imp,norm_scale,no_samp,no_sel",0.19584055459272098,0.6055045871559633,0.7550772367286129,0.31200897867564537,0.3677685950413223,0.5526315789473684,0.476027397260274,0.35737225577605214,-1.0,19,"(4, 6)",89594
"woe_enc,median_imp,under_samp,k_best_sel,norm_scale",0.3826530612244898,0.3669724770642202,0.653191558336305,0.26461988304093564,0.31746031746031744,0.11988304093567248,0.23116219667943794,0.26461988304093564,-1.0,19,"(4, 6)",89594
"woe_enc,mean_imp,no_sel,no_samp,norm_scale",0.18890814558058924,0.6146788990825688,0.757841292244962,0.30415263748597077,0.35856573705179284,0.5292397660818713,0.45699831365935917,0.3465870961556897,-1.0,19,"(4, 6)",89594
"woe_enc,mean_imp,under_samp,no_sel,norm_scale",0.3094059405940594,0.46788990825688076,0.6950085523246774,0.32309941520467833,0.30293159609120524,0.3742690058479532,0.34052388289676416,0.3230994152046782,-1.0,19,"(4, 6)",89594
"woe_enc,mean_imp,norm_scale,under_samp,no_sel",0.2885085574572127,0.48623853211009177,0.6929051987767585,0.3172514619883041,0.292358803986711,0.3771929824561403,0.33748055987558323,0.3172514619883041,-1.0,19,"(4, 6)",89594
"woe_enc,median_imp,norm_scale,under_samp,no_sel",0.2875,0.47706422018348627,0.6763769349601185,0.3128654970760234,0.282312925170068,0.3830409356725146,0.3364779874213837,0.3128654970760234,-1.0,19,"(4, 6)",89594
"woe_enc,median_imp,no_sel,no_samp,norm_scale",0.1854419410745234,0.6146788990825688,0.7535677879714577,0.303030303030303,0.3548387096774194,0.5321637426900585,0.4576271186440678,0.346227590835011,-1.0,20,"(4, 6)",89594
"woe_enc,mean_imp,no_sel,under_samp,norm_scale",0.2895377128953771,0.47706422018348627,0.6823622334285193,0.3099415204678363,0.2804054054054054,0.3771929824561403,0.33228840125391845,0.3099415204678363,-1.0,20,"(4, 6)",89594
"woe_enc,median_imp,no_samp,no_sel,norm_scale",0.1854419410745234,0.6146788990825688,0.7535677879714577,0.303030303030303,0.3548387096774194,0.5321637426900585,0.4576271186440678,0.346227590835011,-1.0,20,"(4, 6)",89594
"woe_enc,mean_imp,no_sel,no_samp,norm_scale",0.18890814558058924,0.6146788990825688,0.757841292244962,0.30415263748597077,0.35856573705179284,0.5292397660818713,0.45699831365935917,0.3465870961556897,-1.0,20,"(4, 6)",89594
"woe_enc,median_imp,under_samp,k_best_sel,norm_scale",0.3047858942065491,0.47706422018348627,0.6992864424057085,0.32894736842105265,0.30944625407166126,0.3801169590643275,0.3466872110939908,0.32894736842105277,-1.0,20,"(4, 6)",89594
"woe_enc,mean_imp,no_samp,no_sel,norm_scale",0.18890814558058924,0.6146788990825688,0.757841292244962,0.30415263748597077,0.35856573705179284,0.5292397660818713,0.45699831365935917,0.3465870961556897,-1.0,20,"(4, 6)",89594
"ordinal_enc,median_imp,norm_scale,no_samp,no_sel",0.19584055459272098,0.6055045871559633,0.7550772367286129,0.31200897867564537,0.3677685950413223,0.5526315789473684,0.476027397260274,0.35737225577605214,-1.0,20,"(4, 6)",89594
"woe_enc,median_imp,norm_scale,under_samp,no_sel",0.3034825870646766,0.45871559633027525,0.6737326611766916,0.314327485380117,0.2944983818770227,0.36257309941520466,0.3302611367127496,0.314327485380117,-1.0,20,"(4, 6)",89594
"woe_enc,mean_imp,under_samp,no_sel,norm_scale",0.29850746268656714,0.47706422018348627,0.6920812850299026,0.3201754385964912,0.29702970297029707,0.3771929824561403,0.3395348837209303,0.3201754385964911,-1.0,20,"(4, 6)",89594
"woe_enc,mean_imp,no_samp,k_best_sel,norm_scale",0.1854419410745234,0.6146788990825688,0.7535677879714577,0.303030303030303,0.356,0.5292397660818713,0.45608108108108103,0.3456763493433036,-1.0,20,"(4, 6)",89594
"loo_enc,median_imp,min_max_scale,no_samp,k_best_sel",0.903983927408405,0.8495097846202307,1.6655116839554633,0.19753086419753085,0.24382716049382713,0.283625730994152,0.2642642642642641,0.21376186367558248,0.04748002279785514,0,"(5, 5)",89594
"onehot_enc,median_imp,k_best_sel,over_samp,quant_scale",0.8232484076433121,0.6375,1.5242521367521367,0.21493624772313302,0.23063683304647165,0.18579234972677594,0.20884955752212397,0.2149362477231329,0.1767515923566879,0,"(5, 5)",89594
"target_enc,most_freq_imp,under_samp,no_sel,min_max_scale",0.8387096774193549,0.5963302752293578,1.5249017038007864,0.19590643274853803,0.19942196531791911,0.1900584795321637,0.19476744186046513,0.19590643274853792,0.16129032258064516,0,"(5, 5)",89594
"ordinal_enc,median_imp,no_sel,min_max_scale,no_samp",0.8782247292717659,0.8415167145725873,1.6140713204605266,0.20314253647586977,0.24764890282131657,0.29824561403508776,0.27382753403933435,0.2210718051960502,0.052362319617407255,0,"(5, 5)",89594
"loo_enc,mean_imp,no_sel,over_samp,quant_scale",0.8480948862107833,0.6863905325443787,1.5740923369128497,0.21493624772313302,0.21699819168173595,0.21129326047358832,0.21415607985480933,0.21493624772313302,0.14820971123492133,0,"(5, 5)",89594
"woe_enc,median_imp,no_sel,max_abs_scale,no_samp",0.8631897912550089,0.7761152892073867,1.4831428295682603,0.17732884399551063,0.2142857142857143,0.26023391812865493,0.23795180722891562,0.1929584891189723,0.0621398115776028,0,"(5, 5)",89594
"woe_enc,mean_imp,no_sel,under_samp,norm_scale",0.2964824120603015,0.4954128440366973,0.7134059236214724,0.33040935672514615,0.3079470198675497,0.38888888888888884,0.3509316770186335,0.33040935672514615,-1.0,0,"(5, 5)",89594
"woe_enc,most_freq_imp,max_abs_scale,k_best_sel,no_samp",0.8953184161432404,0.7895814466275545,1.5975111712239456,0.18518518518518523,0.23100303951367784,0.26023391812865493,0.24590163934426224,0.19933371680567524,0.05661079641282728,0,"(5, 5)",89594
"ordinal_enc,most_freq_imp,under_samp,no_sel,norm_scale",0.30904522613065327,0.45871559633027525,0.680168883527507,0.33040935672514615,0.2972027972027972,0.4122807017543859,0.3598726114649681,0.33040935672514615,-1.0,0,"(5, 5)",89594
"loo_enc,median_imp,k_best_sel,no_scale,over_samp",0.7791565500496633,0.5504214062592091,1.3593007984719345,0.20765027322404372,0.21693121693121697,0.1912568306010929,0.20430107526881724,0.20765027322404372,0.20648111723052717,0,"(5, 5)",89594
"target_enc,median_imp,k_best_sel,no_scale,over_samp",0.8356796653118144,0.6714111044925856,1.5037947702095846,0.2067395264116576,0.20512820512820518,0.20947176684881608,0.20730593607305947,0.20673952641165771,0.1477539977106386,1,"(5, 5)",89594
"loo_enc,most_freq_imp,under_samp,no_sel,min_max_scale",0.8322489391796323,0.6336181438752609,1.5130988506909842,0.20467836257309946,0.20118343195266275,0.21052631578947367,0.20588235294117652,0.20467836257309935,0.15568948199167743,1,"(5, 5)",89594
"woe_enc,mean_imp,no_sel,max_abs_scale,no_samp",0.8631897912550089,0.7761152892073867,1.4831428295682603,0.17732884399551063,0.2142857142857143,0.26023391812865493,0.23795180722891562,0.1929584891189723,0.0621398115776028,1,"(5, 5)",89594
"loo_enc,median_imp,no_sel,over_samp,quant_scale",0.8170252764342967,0.6571428571428571,1.4966490299823634,0.2222222222222222,0.22912966252220246,0.20947176684881608,0.21942446043165464,0.22222222222222232,0.1757283796505433,1,"(5, 5)",89594
"ordinal_enc,median_imp,min_max_scale,no_samp,k_best_sel",0.8921337027674442,0.8317517817065008,1.6515523515070707,0.20426487093153756,0.25609756097560976,0.2865497076023392,0.27164179104477615,0.2197775860416068,0.05680140515495801,1,"(5, 5)",89594
"loo_enc,most_freq_imp,under_samp,no_sel,norm_scale",0.3325,0.44954128440366975,0.7004003909328793,0.3508771929824561,0.326530612244898,0.42105263157894735,0.37735849056603776,0.3508771929824561,-1.0,1,"(5, 5)",89594
"ordinal_enc,most_freq_imp,under_samp,no_sel,norm_scale",0.3137254901960784,0.45871559633027525,0.689484827099506,0.33333333333333337,0.303448275862069,0.4093567251461988,0.3607594936708861,0.33333333333333337,-1.0,1,"(5, 5)",89594
"loo_enc,median_imp,k_best_sel,no_scale,over_samp",0.812691102638632,0.6050174153254865,1.4352643289057334,0.20400728597449913,0.20508166969147001,0.20218579234972678,0.20363636363636362,0.20400728597449902,0.17256620162189168,1,"(5, 5)",89594
"loo_enc,mean_imp,no_sel,over_samp,quant_scale",0.8237195094957723,0.6600903145437559,1.497934569054677,0.21493624772313302,0.22003577817531306,0.20582877959927137,0.21299638989169678,0.2149362477231329,0.16541825521417355,1,"(5, 5)",89594
"woe_enc,mean_imp,no_sel,under_samp,norm_scale",0.3032581453634085,0.47706422018348627,0.6977538753559,0.3201754385964912,0.29568106312292364,0.3801169590643275,0.3405909797822707,0.32017543859649134,-1.0,1,"(5, 5)",89594
"woe_enc,mean_imp,no_sel,under_samp,norm_scale",0.2903225806451613,0.48623853211009177,0.6937215253073707,0.3055555555555556,0.273037542662116,0.3771929824561403,0.3291338582677166,0.3055555555555556,-1.0,2,"(5, 5)",89594
"loo_enc,most_freq_imp,under_samp,no_sel,min_max_scale",0.8191489361702128,0.5871559633027523,1.430437986009446,0.1915204678362573,0.1942028985507246,0.1871345029239766,0.19068413391557493,0.1915204678362573,0.16906474820143885,2,"(5, 5)",89594
"ordinal_enc,most_freq_imp,no_sel,under_samp,norm_scale",0.30982367758186397,0.44954128440366975,0.6682912844036697,0.32894736842105265,0.2975778546712803,0.4064327485380117,0.3565768621236133,0.32894736842105265,-1.0,2,"(5, 5)",89594
"woe_enc,mean_imp,no_samp,no_sel,max_abs_scale",0.8631897912550089,0.7761152892073867,1.4831428295682603,0.17732884399551063,0.2142857142857143,0.26023391812865493,0.23795180722891562,0.1929584891189723,0.0621398115776028,2,"(5, 5)",89594
"loo_enc,median_imp,k_best_sel,no_scale,over_samp",0.8205518592734957,0.6394201205263805,1.4675302819698752,0.20856102003642984,0.208029197080292,0.20947176684881608,0.20875113947128532,0.20856102003642996,0.16109127586579974,2,"(5, 5)",89594
"ordinal_enc,most_freq_imp,under_samp,no_sel,norm_scale",0.30174563591022446,0.45871559633027525,0.6710443634535629,0.32456140350877194,0.2902097902097902,0.4064327485380117,0.35350318471337583,0.32456140350877194,-1.0,2,"(5, 5)",89594
"loo_enc,median_imp,no_sel,over_samp,quant_scale",0.8301658196005955,0.6949152542372882,1.5204138297358636,0.22313296903460833,0.22262773722627738,0.22404371584699456,0.22333637192342748,0.22313296903460833,0.15869101503563812,2,"(5, 5)",89594
"loo_enc,mean_imp,quant_scale,no_sel,over_samp",0.848733880060453,0.7094972067039106,1.5929255067988772,0.22677595628415304,0.22426470588235292,0.23132969034608375,0.2278133577310154,0.22677595628415292,0.1474855681352688,2,"(5, 5)",89594
"loo_enc,most_freq_imp,k_best_sel,norm_scale,under_samp",0.3251231527093596,0.43119266055045874,0.6668828962406944,0.33187134502923976,0.30375426621160406,0.4035087719298246,0.35748031496062993,0.3318713450292399,-1.0,2,"(5, 5)",89594
"loo_enc,most_freq_imp,under_samp,no_sel,norm_scale",0.3325062034739454,0.44036697247706424,0.6886662922049553,0.3406432748538012,0.31399317406143346,0.4122807017543859,0.36692913385826775,0.3406432748538012,-1.0,2,"(5, 5)",89594
"woe_enc,most_freq_imp,no_sel,under_samp,norm_scale",0.2977667493796526,0.47706422018348627,0.6913499344692006,0.3172514619883041,0.29372937293729373,0.3742690058479532,0.33643410852713174,0.3172514619883041,-1.0,3,"(5, 5)",89594
"ordinal_enc,mean_imp,no_sel,under_samp,norm_scale",0.315,0.46788990825688076,0.701566884201898,0.3362573099415205,0.3068965517241379,0.4122807017543859,0.36392405063291144,0.3362573099415205,-1.0,3,"(5, 5)",89594
"woe_enc,most_freq_imp,no_samp,no_sel,max_abs_scale",0.8614566890019759,0.7669409772807811,1.4739685176416548,0.17620650953984285,0.21362229102167185,0.2573099415204678,0.2360902255639098,0.19149650081487868,0.06402283617086349,3,"(5, 5)",89594
"loo_enc,mean_imp,under_samp,no_sel,min_max_scale",0.7923186968465583,0.5926290506752766,1.3877679395641653,0.21052631578947367,0.2155172413793104,0.20175438596491224,0.20869565217391306,0.21052631578947367,0.18203069785984813,3,"(5, 5)",89594
"loo_enc,most_freq_imp,k_best_sel,norm_scale,under_samp",0.3106796116504854,0.44954128440366975,0.6739637266478942,0.33187134502923976,0.29965156794425085,0.4122807017543859,0.36089030206677264,0.33187134502923976,-1.0,3,"(5, 5)",89594
"ordinal_enc,most_freq_imp,no_sel,under_samp,norm_scale",0.30423940149625933,0.43119266055045874,0.6366721126052532,0.3128654970760234,0.27464788732394363,0.39766081871345027,0.34185303514376986,0.3128654970760234,-1.0,3,"(5, 5)",89594
"loo_enc,median_imp,k_best_sel,no_scale,over_samp",0.8129267416191797,0.6416529979952615,1.4510072240161542,0.21311475409836067,0.21206581352833642,0.21493624772313302,0.21350364963503643,0.21311475409836067,0.1668420498789856,3,"(5, 5)",89594
"ordinal_enc,most_freq_imp,under_samp,no_sel,norm_scale",0.314214463840399,0.46788990825688076,0.7007666205856479,0.33479532163742687,0.30584192439862545,0.4093567251461988,0.3617693522906794,0.334795321637427,-1.0,3,"(5, 5)",89594
"woe_enc,mean_imp,no_sel,under_samp,norm_scale",0.28992628992628994,0.47706422018348627,0.6817622067606675,0.3128654970760234,0.2866666666666666,0.3742690058479532,0.33333333333333337,0.3128654970760234,-1.0,3,"(5, 5)",89594
"woe_enc,mean_imp,no_samp,no_sel,max_abs_scale",0.8631897912550089,0.7761152892073867,1.4831428295682603,0.17732884399551063,0.2142857142857143,0.26023391812865493,0.23795180722891562,0.1929584891189723,0.0621398115776028,3,"(5, 5)",89594
"ordinal_enc,most_freq_imp,no_sel,under_samp,norm_scale",0.3383458646616541,0.45871559633027525,0.7207845618475166,0.3508771929824561,0.32999999999999996,0.4122807017543859,0.3738317757009346,0.3508771929824561,-1.0,4,"(5, 5)",89594
"woe_enc,most_freq_imp,no_sel,under_samp,norm_scale",0.30597014925373134,0.47706422018348627,0.702320192879732,0.314327485380117,0.2904290429042904,0.3713450292397661,0.33333333333333337,0.3143274853801169,-1.0,4,"(5, 5)",89594
"woe_enc,mean_imp,no_sel,under_samp,norm_scale",0.3082706766917293,0.48623853211009177,0.7172730148687124,0.33333333333333337,0.3125,0.38888888888888884,0.3529411764705882,0.33333333333333326,-1.0,4,"(5, 5)",89594
"ordinal_enc,mean_imp,no_sel,under_samp,norm_scale",0.3240506329113924,0.46788990825688076,0.7126451530121255,0.3464912280701754,0.32558139534883723,0.4064327485380117,0.36858475894245724,0.3464912280701754,-1.0,4,"(5, 5)",89594
"ordinal_enc,most_freq_imp,under_samp,no_sel,norm_scale",0.3155216284987277,0.45871559633027525,0.687588835766895,0.33479532163742687,0.30584192439862545,0.4093567251461988,0.3617693522906794,0.334795321637427,-1.0,4,"(5, 5)",89594
"loo_enc,mean_imp,under_samp,no_sel,min_max_scale",0.8256364922206506,0.6055045871559633,1.4960923981909433,0.20175438596491224,0.2068965517241379,0.19298245614035092,0.19999999999999996,0.20175438596491235,0.17140423719791334,4,"(5, 5)",89594
"loo_enc,median_imp,k_best_sel,no_scale,over_samp",0.8185643968236702,0.6186731259240618,1.438711112628715,0.19854280510018218,0.20072332730560583,0.19489981785063748,0.19782214156079858,0.19854280510018207,0.16155876351835988,4,"(5, 5)",89594
"loo_enc,mean_imp,under_samp,no_sel,max_abs_scale",0.831578947368421,0.6244438319486554,1.5259027178903,0.21198830409356728,0.21449275362318843,0.20760233918128657,0.21106259097525482,0.21198830409356728,0.1595744680851064,4,"(5, 5)",89594
"loo_enc,most_freq_imp,k_best_sel,norm_scale,under_samp",0.3148614609571788,0.44954128440366975,0.6752357288481142,0.33040935672514615,0.295774647887324,0.41520467836257313,0.3610223642172524,0.33040935672514626,-1.0,4,"(5, 5)",89594
"woe_enc,mean_imp,no_samp,no_sel,max_abs_scale",0.8631897912550089,0.7761152892073867,1.4831428295682603,0.17732884399551063,0.2142857142857143,0.26023391812865493,0.23795180722891562,0.1929584891189723,0.0621398115776028,4,"(5, 5)",89594
"woe_enc,most_freq_imp,no_sel,under_samp,norm_scale",0.29876543209876544,0.48623853211009177,0.7058331267046863,0.314327485380117,0.2944983818770227,0.36257309941520466,0.3302611367127496,0.314327485380117,-1.0,5,"(5, 5)",89594
"ordinal_enc,most_freq_imp,under_samp,no_sel,norm_scale",0.314070351758794,0.45871559633027525,0.6870892987524206,0.33187134502923976,0.301038062283737,0.4093567251461988,0.35974643423137864,0.3318713450292399,-1.0,5,"(5, 5)",89594
"loo_enc,mean_imp,no_sel,under_samp,norm_scale",0.32019704433497537,0.44036697247706424,0.6726902048002965,0.33187134502923976,0.301038062283737,0.4093567251461988,0.35974643423137864,0.3318713450292399,-1.0,5,"(5, 5)",89594
"ordinal_enc,mean_imp,under_samp,no_sel,min_max_scale",0.8442674601785402,0.7155963302752294,1.5962980846611943,0.23830409356725146,0.2435530085959885,0.22807017543859653,0.23589001447178004,0.23830409356725146,0.15281119912880053,5,"(5, 5)",89594
"ordinal_enc,most_freq_imp,no_sel,under_samp,norm_scale",0.32418952618453867,0.45871559633027525,0.7018662812617821,0.3435672514619883,0.31740614334470985,0.41520467836257313,0.37007874015748043,0.3435672514619883,-1.0,5,"(5, 5)",89594
"ordinal_enc,mean_imp,no_sel,under_samp,norm_scale",0.31840796019900497,0.44036697247706424,0.6690359144565864,0.32894736842105265,0.30434782608695654,0.39181286549707606,0.35101404056162244,0.32894736842105265,-1.0,5,"(5, 5)",89594
"loo_enc,most_freq_imp,k_best_sel,norm_scale,under_samp",0.3358395989974937,0.44954128440366975,0.7047136981967732,0.3406432748538012,0.3152542372881356,0.4093567251461988,0.3657770800627944,0.3406432748538012,-1.0,5,"(5, 5)",89594
"woe_enc,mean_imp,no_sel,under_samp,norm_scale",0.3094059405940594,0.47706422018348627,0.7075726947597575,0.3201754385964912,0.30097087378640774,0.368421052631579,0.3364055299539169,0.3201754385964912,-1.0,5,"(5, 5)",89594
"woe_enc,mean_imp,no_samp,no_sel,max_abs_scale",0.8631897912550089,0.7761152892073867,1.4831428295682603,0.17732884399551063,0.2142857142857143,0.26023391812865493,0.23795180722891562,0.1929584891189723,0.0621398115776028,5,"(5, 5)",89594
"loo_enc,median_imp,k_best_sel,no_scale,over_samp",0.8646111460689444,0.7398971690127598,1.5851013475502715,0.2103825136612022,0.19999999999999996,0.22768670309653916,0.2140871177015755,0.2103825136612021,0.12018689971445877,5,"(5, 5)",89594
"woe_enc,mean_imp,no_sel,under_samp,norm_scale",0.285,0.48623853211009177,0.6855512468867241,0.314327485380117,0.2832764505119454,0.38596491228070173,0.3385826771653544,0.3143274853801169,-1.0,6,"(5, 5)",89594
"woe_enc,most_freq_imp,no_sel,under_samp,norm_scale",0.3082706766917293,0.47706422018348627,0.704650427080038,0.3201754385964912,0.2996742671009772,0.3713450292397661,0.33744221879815106,0.3201754385964912,-1.0,6,"(5, 5)",89594
"ordinal_enc,most_freq_imp,no_sel,under_samp,norm_scale",0.31909547738693467,0.46788990825688076,0.7066442335163963,0.3406432748538012,0.31399317406143346,0.4122807017543859,0.36692913385826775,0.3406432748538012,-1.0,6,"(5, 5)",89594
"ordinal_enc,most_freq_imp,under_samp,no_sel,norm_scale",0.32,0.45871559633027525,0.6958289983921309,0.3391812865497076,0.3129251700680272,0.4093567251461988,0.3647798742138365,0.3391812865497077,-1.0,6,"(5, 5)",89594
"loo_enc,most_freq_imp,no_sel,over_samp,norm_scale",0.3333333333333333,0.4350282485875706,0.6807547443140664,0.3424408014571949,0.31865828092243187,0.40801457194899815,0.3664717348927875,0.3424408014571948,-1.0,6,"(5, 5)",89594
"loo_enc,mean_imp,no_sel,under_samp,norm_scale",0.3275,0.41284403669724773,0.6430845865254264,0.33187134502923976,0.30639730639730645,0.39766081871345027,0.35524256651017216,0.33187134502923976,-1.0,6,"(5, 5)",89594
"woe_enc,mean_imp,no_samp,no_sel,max_abs_scale",0.8631897912550089,0.7761152892073867,1.4831428295682603,0.17732884399551063,0.2142857142857143,0.26023391812865493,0.23795180722891562,0.1929584891189723,0.0621398115776028,6,"(5, 5)",89594
"woe_enc,mean_imp,no_sel,norm_scale,under_samp",0.2781954887218045,0.47706422018348627,0.6632711167352104,0.3055555555555556,0.2698961937716263,0.3830409356725146,0.3312202852614897,0.3055555555555556,-1.0,6,"(5, 5)",89594
"loo_enc,median_imp,k_best_sel,no_scale,over_samp",0.838829271611027,0.6620528576355144,1.4906378528871764,0.1994535519125683,0.1966911764705882,0.20400728597449913,0.20036596523330275,0.1994535519125683,0.14454195428214645,6,"(5, 5)",89594
"ordinal_enc,mean_imp,no_sel,under_samp,norm_scale",0.305,0.46788990825688076,0.6878211797345439,0.33333333333333337,0.303448275862069,0.4093567251461988,0.3607594936708861,0.33333333333333337,-1.0,6,"(5, 5)",89594
"woe_enc,mean_imp,no_sel,under_samp,norm_scale",0.30198019801980197,0.47706422018348627,0.6974032032343337,0.3187134502923976,0.29470198675496684,0.3771929824561403,0.33850931677018625,0.3187134502923977,-1.0,7,"(5, 5)",89594
"woe_enc,most_freq_imp,no_sel,norm_scale,under_samp",0.29484029484029484,0.47706422018348627,0.6884736161566406,0.3114035087719298,0.28712871287128716,0.368421052631579,0.3302325581395349,0.3114035087719298,-1.0,7,"(5, 5)",89594
"ordinal_enc,most_freq_imp,no_sel,under_samp,norm_scale",0.32098765432098764,0.45871559633027525,0.6985804611951401,0.33333333333333337,0.3047945205479452,0.4064327485380117,0.35962145110410093,0.33333333333333337,-1.0,7,"(5, 5)",89594
"loo_enc,mean_imp,no_sel,under_samp,norm_scale",0.32673267326732675,0.45871559633027525,0.7061732234489193,0.3421052631578947,0.3125,0.42105263157894735,0.37142857142857144,0.3421052631578947,-1.0,7,"(5, 5)",89594
"woe_enc,mean_imp,no_sel,norm_scale,under_samp",0.291358024691358,0.47706422018348627,0.6831453012645674,0.3099415204678363,0.2804054054054054,0.3771929824561403,0.33228840125391845,0.3099415204678363,-1.0,7,"(5, 5)",89594
"woe_enc,most_freq_imp,no_sel,under_samp,norm_scale",0.3065326633165829,0.47706422018348627,0.7019777149931749,0.32163742690058483,0.3044871794871795,0.36549707602339176,0.33639143730886845,0.32163742690058483,-1.0,7,"(5, 5)",89594
"ordinal_enc,most_freq_imp,under_samp,no_sel,norm_scale",0.31773399014778325,0.45871559633027525,0.694405832020511,0.3406432748538012,0.3152542372881356,0.4093567251461988,0.3657770800627944,0.3406432748538012,-1.0,7,"(5, 5)",89594
"ordinal_enc,mean_imp,no_sel,under_samp,norm_scale",0.31343283582089554,0.44036697247706424,0.6622099758900335,0.32748538011695905,0.297945205479452,0.4005847953216374,0.35331230283911674,0.32748538011695894,-1.0,7,"(5, 5)",89594
"woe_enc,mean_imp,no_samp,no_sel,max_abs_scale",0.8631897912550089,0.7761152892073867,1.4831428295682603,0.17732884399551063,0.2142857142857143,0.26023391812865493,0.23795180722891562,0.1929584891189723,0.0621398115776028,7,"(5, 5)",89594
"loo_enc,most_freq_imp,no_sel,over_samp,norm_scale",0.32547169811320753,0.44047619047619047,0.681929181929182,0.3378870673952641,0.3138075313807531,0.4025500910746812,0.36124634858812077,0.3378870673952642,-1.0,7,"(5, 5)",89594
"ordinal_enc,mean_imp,no_sel,under_samp,norm_scale",0.31313131313131315,0.44954128440366975,0.6725378000831123,0.32894736842105265,0.3016949152542373,0.39766081871345027,0.3532182103610674,0.32894736842105265,-1.0,8,"(5, 5)",89594
"woe_enc,most_freq_imp,no_sel,norm_scale,under_samp",0.2932330827067669,0.46788990825688076,0.6713381841189497,0.3114035087719298,0.2885245901639344,0.36549707602339176,0.32921174652241114,0.3114035087719298,-1.0,8,"(5, 5)",89594
"woe_enc,mean_imp,no_sel,norm_scale,under_samp",0.28641975308641976,0.45871559633027525,0.6512831638978428,0.29532163742690054,0.26027397260273977,0.368421052631579,0.3186119873817035,0.29532163742690054,-1.0,8,"(5, 5)",89594
"loo_enc,most_freq_imp,no_sel,over_samp,norm_scale",0.33539412673879443,0.43575418994413406,0.6836174378073819,0.3424408014571949,0.31941544885177453,0.4061930783242259,0.36575875486381326,0.3424408014571949,-1.0,8,"(5, 5)",89594
"ordinal_enc,most_freq_imp,no_sel,under_samp,norm_scale",0.31851851851851853,0.44954128440366975,0.6826493925117778,0.33040935672514615,0.30272108843537415,0.4005847953216374,0.35534591194968557,0.33040935672514615,-1.0,8,"(5, 5)",89594
"woe_enc,mean_imp,k_best_sel,under_samp,norm_scale",0.29925187032418954,0.4954128440366973,0.7180155837627247,0.32456140350877194,0.2986577181208053,0.38888888888888884,0.34687499999999993,0.32456140350877194,-1.0,8,"(5, 5)",89594
"woe_enc,mean_imp,no_sel,under_samp,norm_scale",0.29876543209876544,0.48623853211009177,0.7058331267046863,0.32309941520467833,0.2990033222591362,0.3830409356725146,0.3437013996889581,0.32309941520467833,-1.0,8,"(5, 5)",89594
"woe_enc,mean_imp,no_samp,no_sel,max_abs_scale",0.8631897912550089,0.7761152892073867,1.4831428295682603,0.17732884399551063,0.2142857142857143,0.26023391812865493,0.23795180722891562,0.1929584891189723,0.0621398115776028,8,"(5, 5)",89594
"loo_enc,mean_imp,no_sel,under_samp,norm_scale",0.3249370277078086,0.46788990825688076,0.7144176860346585,0.3508771929824561,0.3253424657534246,0.42397660818713445,0.3785488958990536,0.3508771929824561,-1.0,8,"(5, 5)",89594
"woe_enc,most_freq_imp,no_sel,under_samp,norm_scale",0.3,0.48623853211009177,0.706169803587755,0.3187134502923976,0.29470198675496684,0.3771929824561403,0.33850931677018625,0.3187134502923977,-1.0,8,"(5, 5)",89594
"woe_enc,most_freq_imp,no_sel,under_samp,norm_scale",0.2871536523929471,0.48623853211009177,0.6876274209989807,0.314327485380117,0.2876254180602007,0.3771929824561403,0.33541341653666146,0.314327485380117,-1.0,9,"(5, 5)",89594
"ordinal_enc,mean_imp,k_best_sel,under_samp,norm_scale",0.3176178660049628,0.42201834862385323,0.6431067839980029,0.3201754385964912,0.2901023890784983,0.39181286549707606,0.34488188976377954,0.3201754385964912,-1.0,9,"(5, 5)",89594
"woe_enc,mean_imp,no_sel,under_samp,norm_scale",0.2882205513784461,0.48623853211009177,0.6896868079721608,0.314327485380117,0.2832764505119454,0.38596491228070173,0.3385826771653544,0.3143274853801169,-1.0,9,"(5, 5)",89594
"woe_enc,mean_imp,no_samp,no_sel,max_abs_scale",0.8631897912550089,0.7761152892073867,1.4831428295682603,0.17732884399551063,0.2142857142857143,0.26023391812865493,0.23795180722891562,0.1929584891189723,0.0621398115776028,9,"(5, 5)",89594
"woe_enc,mean_imp,k_best_sel,no_samp,norm_scale",0.1854419410745234,0.6146788990825688,0.7535677879714577,0.303030303030303,0.356,0.5292397660818713,0.45608108108108103,0.3456763493433036,-1.0,9,"(5, 5)",89594
"woe_enc,mean_imp,no_sel,norm_scale,under_samp",0.3082706766917293,0.47706422018348627,0.704650427080038,0.32602339181286555,0.30618892508143325,0.3771929824561403,0.3436055469953775,0.32602339181286555,-1.0,9,"(5, 5)",89594
"woe_enc,most_freq_imp,no_sel,norm_scale,under_samp",0.28211586901763225,0.47706422018348627,0.6680364424057085,0.3084795321637427,0.2779661016949152,0.3771929824561403,0.3312401883830455,0.3084795321637427,-1.0,9,"(5, 5)",89594
"loo_enc,most_freq_imp,no_sel,over_samp,norm_scale",0.325,0.46511627906976744,0.7129795269330153,0.34699453551912574,0.32278481012658233,0.41530054644808745,0.37243401759530803,0.34699453551912574,-1.0,9,"(5, 5)",89594
"woe_enc,mean_imp,k_best_sel,under_samp,norm_scale",0.2935323383084577,0.48623853211009177,0.6978426276732317,0.3157894736842105,0.2842465753424658,0.38888888888888884,0.34069400630914837,0.3157894736842105,-1.0,9,"(5, 5)",89594
"ordinal_enc,mean_imp,no_sel,under_samp,norm_scale",0.31313131313131315,0.44036697247706424,0.6598791675990154,0.32163742690058483,0.2896551724137931,0.39766081871345027,0.3481012658227849,0.3216374269005847,-1.0,9,"(5, 5)",89594
"woe_enc,mean_imp,k_best_sel,no_samp,norm_scale",0.1854419410745234,0.6146788990825688,0.7535677879714577,0.303030303030303,0.356,0.5292397660818713,0.45608108108108103,0.3456763493433036,-1.0,10,"(5, 5)",89594
"woe_enc,mean_imp,no_sel,under_samp,norm_scale",0.29455445544554454,0.47706422018348627,0.68723371170891,0.3187134502923976,0.29738562091503273,0.3713450292397661,0.3364197530864197,0.3187134502923976,-1.0,10,"(5, 5)",89594
"woe_enc,mean_imp,k_best_sel,under_samp,norm_scale",0.3071253071253071,0.4954128440366973,0.7303121728957577,0.33187134502923976,0.3127035830618893,0.3830409356725146,0.349768875192604,0.33187134502923976,-1.0,10,"(5, 5)",89594
"woe_enc,most_freq_imp,k_best_sel,no_samp,norm_scale",0.18890814558058924,0.6146788990825688,0.757841292244962,0.30639730639730645,0.3647058823529412,0.5263157894736843,0.457286432160804,0.3478573482887547,-1.0,10,"(5, 5)",89594
"woe_enc,mean_imp,no_sel,norm_scale,under_samp",0.3075,0.48623853211009177,0.7164790819382705,0.32163742690058483,0.29801324503311255,0.3801169590643275,0.3416149068322981,0.32163742690058483,-1.0,10,"(5, 5)",89594
"woe_enc,most_freq_imp,no_sel,under_samp,norm_scale",0.3007518796992481,0.4954128440366973,0.71955077507118,0.32748538011695905,0.305921052631579,0.3830409356725146,0.34674922600619196,0.32748538011695905,-1.0,10,"(5, 5)",89594
"woe_enc,most_freq_imp,no_sel,norm_scale,under_samp",0.31017369727047145,0.47706422018348627,0.708356737190289,0.3157894736842105,0.2967741935483871,0.36257309941520466,0.3312883435582822,0.3157894736842105,-1.0,10,"(5, 5)",89594
"ordinal_enc,mean_imp,k_best_sel,under_samp,norm_scale",0.3208955223880597,0.44954128440366975,0.6850361649497448,0.32894736842105265,0.2989690721649485,0.4035087719298246,0.35545023696682465,0.32894736842105265,-1.0,10,"(5, 5)",89594
"ordinal_enc,mean_imp,no_sel,under_samp,norm_scale",0.32338308457711445,0.46788990825688076,0.7136236966527851,0.3391812865497076,0.3129251700680272,0.4093567251461988,0.3647798742138365,0.3391812865497077,-1.0,10,"(5, 5)",89594
"woe_enc,mean_imp,no_samp,no_sel,max_abs_scale",0.8631897912550089,0.7761152892073867,1.4831428295682603,0.17732884399551063,0.2142857142857143,0.26023391812865493,0.23795180722891562,0.1929584891189723,0.0621398115776028,10,"(5, 5)",89594
"woe_enc,mean_imp,no_sel,max_abs_scale,no_samp",0.8631897912550089,0.7761152892073867,1.4831428295682603,0.17732884399551063,0.2142857142857143,0.26023391812865493,0.23795180722891562,0.1929584891189723,0.0621398115776028,11,"(5, 5)",89594
"woe_enc,most_freq_imp,under_samp,no_sel,norm_scale",0.3207070707070707,0.48623853211009177,0.7336252916919733,0.32456140350877194,0.30519480519480524,0.3742690058479532,0.34153846153846157,0.32456140350877194,-1.0,11,"(5, 5)",89594
"woe_enc,most_freq_imp,no_sel,under_samp,norm_scale",0.2942643391521197,0.48623853211009177,0.6985672992333795,0.3172514619883041,0.29508196721311475,0.3713450292397661,0.33539412673879443,0.317251461988304,-1.0,11,"(5, 5)",89594
"woe_enc,most_freq_imp,no_sel,norm_scale,under_samp",0.30402010050251255,0.47706422018348627,0.6985175073807182,0.3114035087719298,0.2857142857142857,0.3713450292397661,0.3312597200622084,0.3114035087719298,-1.0,11,"(5, 5)",89594
"woe_enc,mean_imp,k_best_sel,no_samp,norm_scale",0.1854419410745234,0.6146788990825688,0.7535677879714577,0.303030303030303,0.356,0.5292397660818713,0.45608108108108103,0.3456763493433036,-1.0,11,"(5, 5)",89594
"woe_enc,most_freq_imp,k_best_sel,no_samp,norm_scale",0.18890814558058924,0.6146788990825688,0.757841292244962,0.30639730639730645,0.3647058823529412,0.5263157894736843,0.457286432160804,0.3478573482887547,-1.0,11,"(5, 5)",89594
"woe_enc,mean_imp,no_sel,under_samp,norm_scale",0.29873417721518986,0.47706422018348627,0.6903509334701996,0.3172514619883041,0.2895622895622896,0.3830409356725146,0.3395931142410016,0.3172514619883041,-1.0,11,"(5, 5)",89594
"ordinal_enc,mean_imp,no_sel,under_samp,norm_scale",0.3249370277078086,0.46788990825688076,0.7144176860346585,0.3421052631578947,0.31756756756756754,0.4093567251461988,0.36677115987460807,0.3421052631578948,-1.0,11,"(5, 5)",89594
"woe_enc,mean_imp,no_samp,no_sel,max_abs_scale",0.8631897912550089,0.7761152892073867,1.4831428295682603,0.17732884399551063,0.2142857142857143,0.26023391812865493,0.23795180722891562,0.1929584891189723,0.0621398115776028,11,"(5, 5)",89594
"woe_enc,mean_imp,no_sel,norm_scale,under_samp",0.3125,0.45871559633027525,0.6855197200416154,0.3128654970760234,0.2880794701986755,0.3713450292397661,0.33229813664596264,0.3128654970760233,-1.0,11,"(5, 5)",89594
"woe_enc,most_freq_imp,no_sel,norm_scale,under_samp",0.30904522613065327,0.47706422018348627,0.7054379226056315,0.3157894736842105,0.2941176470588235,0.368421052631579,0.33333333333333326,0.3157894736842105,-1.0,12,"(5, 5)",89594
"woe_enc,most_freq_imp,under_samp,no_sel,norm_scale",0.29846938775510207,0.47706422018348627,0.6890783544591046,0.32163742690058483,0.29801324503311255,0.3801169590643275,0.3416149068322981,0.32163742690058483,-1.0,12,"(5, 5)",89594
"woe_enc,mean_imp,no_sel,under_samp,norm_scale",0.2960199004975124,0.47706422018348627,0.6886683157466262,0.3157894736842105,0.29139072847682124,0.3742690058479532,0.3354037267080745,0.3157894736842105,-1.0,12,"(5, 5)",89594
"woe_enc,mean_imp,no_samp,no_sel,max_abs_scale",0.8631897912550089,0.7761152892073867,1.4831428295682603,0.17732884399551063,0.2142857142857143,0.26023391812865493,0.23795180722891562,0.1929584891189723,0.0621398115776028,12,"(5, 5)",89594
"woe_enc,most_freq_imp,no_sel,under_samp,norm_scale",0.30423940149625933,0.47706422018348627,0.6996669599095137,0.3201754385964912,0.3022508038585209,0.36549707602339176,0.33537519142419603,0.3201754385964912,-1.0,12,"(5, 5)",89594
"ordinal_enc,mean_imp,no_sel,under_samp,norm_scale",0.3007518796992481,0.46788990825688076,0.6816830117051567,0.32748538011695905,0.2922535211267606,0.4122807017543859,0.35782747603833853,0.32748538011695905,-1.0,12,"(5, 5)",89594
"woe_enc,most_freq_imp,k_best_sel,no_samp,norm_scale",0.18890814558058924,0.6146788990825688,0.757841292244962,0.30639730639730645,0.3647058823529412,0.5263157894736843,0.457286432160804,0.3478573482887547,-1.0,12,"(5, 5)",89594
"woe_enc,mean_imp,k_best_sel,no_samp,norm_scale",0.1854419410745234,0.6146788990825688,0.7535677879714577,0.303030303030303,0.356,0.5292397660818713,0.45608108108108103,0.3456763493433036,-1.0,12,"(5, 5)",89594
"woe_enc,mean_imp,no_sel,norm_scale,under_samp",0.30174563591022446,0.4954128440366973,0.7214402412969713,0.33040935672514615,0.3104575163398693,0.3830409356725146,0.3487654320987654,0.33040935672514615,-1.0,12,"(5, 5)",89594
"woe_enc,mean_imp,no_sel,max_abs_scale,no_samp",0.8631897912550089,0.7761152892073867,1.4831428295682603,0.17732884399551063,0.2142857142857143,0.26023391812865493,0.23795180722891562,0.1929584891189723,0.0621398115776028,12,"(5, 5)",89594
"woe_enc,most_freq_imp,no_sel,under_samp,norm_scale",0.30445544554455445,0.47706422018348627,0.7007930337428083,0.3157894736842105,0.29276315789473684,0.3713450292397661,0.33436532507739936,0.3157894736842106,-1.0,13,"(5, 5)",89594
"woe_enc,most_freq_imp,under_samp,no_sel,norm_scale",0.3015075376884422,0.48623853211009177,0.7076918193073236,0.32602339181286555,0.3010033444816054,0.38888888888888884,0.3478939157566303,0.32602339181286544,-1.0,13,"(5, 5)",89594
"woe_enc,mean_imp,no_samp,k_best_sel,norm_scale",0.1854419410745234,0.6146788990825688,0.7535677879714577,0.303030303030303,0.356,0.5292397660818713,0.45608108108108103,0.3456763493433036,-1.0,13,"(5, 5)",89594
"woe_enc,mean_imp,no_sel,no_samp,max_abs_scale",0.8631897912550089,0.7761152892073867,1.4831428295682603,0.17732884399551063,0.2142857142857143,0.26023391812865493,0.23795180722891562,0.1929584891189723,0.0621398115776028,13,"(5, 5)",89594
"woe_enc,most_freq_imp,no_sel,norm_scale,under_samp",0.28211586901763225,0.46788990825688076,0.6553899082568808,0.3114035087719298,0.2798634812286689,0.3830409356725146,0.3354330708661417,0.3114035087719298,-1.0,13,"(5, 5)",89594
"woe_enc,mean_imp,no_sel,norm_scale,under_samp",0.29064039408866993,0.48623853211009177,0.6949927408643005,0.314327485380117,0.2861952861952862,0.3801169590643275,0.33646322378716753,0.3143274853801169,-1.0,13,"(5, 5)",89594
"ordinal_enc,mean_imp,no_sel,under_samp,norm_scale",0.312807881773399,0.45871559633027525,0.6876718252865042,0.33479532163742687,0.30847457627118646,0.4035087719298246,0.35949764521193095,0.33479532163742687,-1.0,13,"(5, 5)",89594
"woe_enc,mean_imp,k_best_sel,no_samp,norm_scale",0.1854419410745234,0.6146788990825688,0.7535677879714577,0.303030303030303,0.356,0.5292397660818713,0.45608108108108103,0.3456763493433036,-1.0,13,"(5, 5)",89594
"woe_enc,most_freq_imp,k_best_sel,no_samp,norm_scale",0.18890814558058924,0.6146788990825688,0.757841292244962,0.30639730639730645,0.3647058823529412,0.5263157894736843,0.457286432160804,0.3478573482887547,-1.0,13,"(5, 5)",89594
"woe_enc,mean_imp,no_samp,no_sel,max_abs_scale",0.8631897912550089,0.7761152892073867,1.4831428295682603,0.17732884399551063,0.2142857142857143,0.26023391812865493,0.23795180722891562,0.1929584891189723,0.0621398115776028,13,"(5, 5)",89594
"woe_enc,mean_imp,under_samp,k_best_sel,norm_scale",0.2932330827067669,0.5045871559633027,0.7218285352736475,0.32894736842105265,0.3016949152542373,0.39766081871345027,0.3532182103610674,0.32894736842105265,-1.0,14,"(5, 5)",89594
"woe_enc,most_freq_imp,no_samp,no_sel,norm_scale",0.18890814558058924,0.6146788990825688,0.757841292244962,0.30527497194163866,0.36,0.5321637426900585,0.45945945945945954,0.34804908445978333,-1.0,14,"(5, 5)",89594
"woe_enc,mean_imp,k_best_sel,under_samp,norm_scale",0.291358024691358,0.47706422018348627,0.6831453012645674,0.3128654970760234,0.282312925170068,0.3830409356725146,0.3364779874213837,0.3128654970760234,-1.0,14,"(5, 5)",89594
"woe_enc,most_freq_imp,no_sel,no_samp,norm_scale",0.18890814558058924,0.6146788990825688,0.757841292244962,0.30527497194163866,0.36,0.5321637426900585,0.45945945945945954,0.34804908445978333,-1.0,14,"(5, 5)",89594
"woe_enc,most_freq_imp,under_samp,no_sel,norm_scale",0.2860696517412935,0.46788990825688076,0.6624291574036385,0.3099415204678363,0.29032258064516125,0.35672514619883045,0.32515337423312884,0.3099415204678362,-1.0,14,"(5, 5)",89594
"woe_enc,mean_imp,k_best_sel,norm_scale,no_samp",0.1854419410745234,0.6146788990825688,0.7535677879714577,0.303030303030303,0.356,0.5292397660818713,0.45608108108108103,0.3456763493433036,-1.0,14,"(5, 5)",89594
"woe_enc,most_freq_imp,no_sel,norm_scale,under_samp",0.2817258883248731,0.47706422018348627,0.6665379043940126,0.30409356725146197,0.27210884353741494,0.3742690058479532,0.32704402515723274,0.30409356725146197,-1.0,14,"(5, 5)",89594
"ordinal_enc,mean_imp,no_sel,under_samp,norm_scale",0.31592039800995025,0.46788990825688076,0.7033847888029559,0.33040935672514615,0.30000000000000004,0.4064327485380117,0.3575949367088608,0.33040935672514626,-1.0,14,"(5, 5)",89594
"woe_enc,mean_imp,k_best_sel,no_samp,norm_scale",0.1854419410745234,0.6146788990825688,0.7535677879714577,0.303030303030303,0.356,0.5292397660818713,0.45608108108108103,0.3456763493433036,-1.0,14,"(5, 5)",89594
"woe_enc,mean_imp,no_samp,k_best_sel,norm_scale",0.1854419410745234,0.6146788990825688,0.7535677879714577,0.303030303030303,0.356,0.5292397660818713,0.45608108108108103,0.3456763493433036,-1.0,14,"(5, 5)",89594
"woe_enc,most_freq_imp,no_sel,norm_scale,under_samp",0.3065326633165829,0.47706422018348627,0.7019777149931749,0.32163742690058483,0.29934210526315785,0.3771929824561403,0.3405572755417956,0.32163742690058483,-1.0,15,"(5, 5)",89594
"woe_enc,most_freq_imp,under_samp,no_sel,norm_scale",0.2875,0.47706422018348627,0.6763769349601185,0.3114035087719298,0.2857142857142857,0.3713450292397661,0.3312597200622084,0.3114035087719298,-1.0,15,"(5, 5)",89594
"woe_enc,mean_imp,k_best_sel,norm_scale,no_samp",0.1854419410745234,0.6146788990825688,0.7535677879714577,0.303030303030303,0.356,0.5292397660818713,0.45608108108108103,0.3456763493433036,-1.0,15,"(5, 5)",89594
"woe_enc,most_freq_imp,no_samp,no_sel,norm_scale",0.18890814558058924,0.6146788990825688,0.757841292244962,0.30527497194163866,0.36,0.5321637426900585,0.45945945945945954,0.34804908445978333,-1.0,15,"(5, 5)",89594
"woe_enc,mean_imp,no_samp,k_best_sel,norm_scale",0.1854419410745234,0.6146788990825688,0.7535677879714577,0.303030303030303,0.356,0.5292397660818713,0.45608108108108103,0.3456763493433036,-1.0,15,"(5, 5)",89594
"woe_enc,mean_imp,k_best_sel,no_samp,norm_scale",0.1854419410745234,0.6146788990825688,0.7535677879714577,0.303030303030303,0.356,0.5292397660818713,0.45608108108108103,0.3456763493433036,-1.0,15,"(5, 5)",89594
"woe_enc,mean_imp,k_best_sel,under_samp,norm_scale",0.30174563591022446,0.48623853211009177,0.7088412718361192,0.32309941520467833,0.2990033222591362,0.3830409356725146,0.3437013996889581,0.32309941520467833,-1.0,15,"(5, 5)",89594
"woe_enc,mean_imp,under_samp,k_best_sel,norm_scale",0.29528535980148884,0.46788990825688076,0.6753729014541596,0.3070175438596491,0.28,0.368421052631579,0.3271028037383178,0.3070175438596491,-1.0,15,"(5, 5)",89594
"woe_enc,most_freq_imp,no_sel,no_samp,norm_scale",0.18890814558058924,0.6146788990825688,0.757841292244962,0.30527497194163866,0.36,0.5321637426900585,0.45945945945945954,0.34804908445978333,-1.0,15,"(5, 5)",89594
"ordinal_enc,mean_imp,no_sel,under_samp,norm_scale",0.32338308457711445,0.44036697247706424,0.6758618530231393,0.32894736842105265,0.30434782608695654,0.39181286549707606,0.35101404056162244,0.32894736842105265,-1.0,15,"(5, 5)",89594
"woe_enc,mean_imp,under_samp,k_best_sel,norm_scale",0.3844221105527638,0.3669724770642202,0.657629916510587,0.26023391812865493,0.31278538812785384,0.11988304093567248,0.22820512820512817,0.26023391812865493,-1.0,16,"(5, 5)",89594
"woe_enc,mean_imp,k_best_sel,no_samp,norm_scale",0.1854419410745234,0.6146788990825688,0.7535677879714577,0.303030303030303,0.356,0.5292397660818713,0.45608108108108103,0.3456763493433036,-1.0,16,"(5, 5)",89594
"woe_enc,mean_imp,no_samp,k_best_sel,norm_scale",0.1854419410745234,0.6146788990825688,0.7535677879714577,0.303030303030303,0.356,0.5292397660818713,0.45608108108108103,0.3456763493433036,-1.0,16,"(5, 5)",89594
"woe_enc,mean_imp,k_best_sel,norm_scale,no_samp",0.1854419410745234,0.6146788990825688,0.7535677879714577,0.303030303030303,0.356,0.5292397660818713,0.45608108108108103,0.3456763493433036,-1.0,16,"(5, 5)",89594
"woe_enc,most_freq_imp,no_samp,no_sel,norm_scale",0.18890814558058924,0.6146788990825688,0.757841292244962,0.30527497194163866,0.36,0.5321637426900585,0.45945945945945954,0.34804908445978333,-1.0,16,"(5, 5)",89594
"woe_enc,most_freq_imp,under_samp,no_sel,norm_scale",0.3069306930693069,0.47706422018348627,0.7041828642512828,0.3187134502923976,0.29605263157894735,0.3742690058479532,0.33746130030959753,0.3187134502923976,-1.0,16,"(5, 5)",89594
"woe_enc,mean_imp,k_best_sel,under_samp,norm_scale",0.3092269326683292,0.47706422018348627,0.7065162749780068,0.32309941520467833,0.3016393442622951,0.3771929824561403,0.3415765069551777,0.32309941520467833,-1.0,16,"(5, 5)",89594
"woe_enc,most_freq_imp,no_sel,no_samp,norm_scale",0.18890814558058924,0.6146788990825688,0.757841292244962,0.30527497194163866,0.36,0.5321637426900585,0.45945945945945954,0.34804908445978333,-1.0,16,"(5, 5)",89594
"woe_enc,most_freq_imp,no_sel,norm_scale,under_samp",0.30864197530864196,0.48623853211009177,0.7193466402181998,0.3172514619883041,0.2977346278317152,0.36549707602339176,0.33333333333333326,0.317251461988304,-1.0,16,"(5, 5)",89594
"woe_enc,mean_imp,k_best_sel,norm_scale,over_samp",0.2942097026604069,0.47953216374269003,0.6910706252811516,0.30601092896174864,0.2932038834951456,0.33697632058287796,0.3157894736842105,0.30601092896174864,-1.0,16,"(5, 5)",89594
"woe_enc,mean_imp,k_best_sel,no_samp,norm_scale",0.1854419410745234,0.6146788990825688,0.7535677879714577,0.303030303030303,0.356,0.5292397660818713,0.45608108108108103,0.3456763493433036,-1.0,17,"(5, 5)",89594
"woe_enc,mean_imp,no_samp,no_sel,norm_scale",0.18890814558058924,0.6146788990825688,0.757841292244962,0.30415263748597077,0.35856573705179284,0.5292397660818713,0.45699831365935917,0.3465870961556897,-1.0,17,"(5, 5)",89594
"woe_enc,most_freq_imp,no_samp,k_best_sel,norm_scale",0.18890814558058924,0.6146788990825688,0.757841292244962,0.30639730639730645,0.3647058823529412,0.5263157894736843,0.457286432160804,0.3478573482887547,-1.0,17,"(5, 5)",89594
"woe_enc,mean_imp,k_best_sel,norm_scale,no_samp",0.1854419410745234,0.6146788990825688,0.7535677879714577,0.303030303030303,0.356,0.5292397660818713,0.45608108108108103,0.3456763493433036,-1.0,17,"(5, 5)",89594
"woe_enc,most_freq_imp,no_sel,no_samp,norm_scale",0.18890814558058924,0.6146788990825688,0.757841292244962,0.30527497194163866,0.36,0.5321637426900585,0.45945945945945954,0.34804908445978333,-1.0,17,"(5, 5)",89594
"woe_enc,mean_imp,k_best_sel,under_samp,norm_scale",0.2832080200501253,0.4954128440366973,0.6954128440366973,0.3201754385964912,0.28865979381443296,0.39473684210526316,0.3459715639810427,0.32017543859649134,-1.0,17,"(5, 5)",89594
"woe_enc,median_imp,no_samp,k_best_sel,norm_scale",0.1854419410745234,0.6146788990825688,0.7535677879714577,0.303030303030303,0.356,0.5292397660818713,0.45608108108108103,0.3456763493433036,-1.0,17,"(5, 5)",89594
"woe_enc,most_freq_imp,no_samp,no_sel,norm_scale",0.18890814558058924,0.6146788990825688,0.757841292244962,0.30527497194163866,0.36,0.5321637426900585,0.45945945945945954,0.34804908445978333,-1.0,17,"(5, 5)",89594
"woe_enc,most_freq_imp,under_samp,no_sel,norm_scale",0.3025,0.48623853211009177,0.7096062297045935,0.32163742690058483,0.29934210526315785,0.3771929824561403,0.3405572755417956,0.32163742690058483,-1.0,17,"(5, 5)",89594
"woe_enc,mean_imp,k_best_sel,norm_scale,over_samp",0.28885400313971743,0.47337278106508873,0.6763642340565417,0.2923497267759563,0.27470355731225293,0.331511839708561,0.30426540284360193,0.2923497267759563,-1.0,17,"(5, 5)",89594
"woe_enc,most_freq_imp,no_samp,no_sel,norm_scale",0.18890814558058924,0.6146788990825688,0.757841292244962,0.30527497194163866,0.36,0.5321637426900585,0.45945945945945954,0.34804908445978333,-1.0,18,"(5, 5)",89594
"woe_enc,most_freq_imp,k_best_sel,no_samp,norm_scale",0.18890814558058924,0.6146788990825688,0.757841292244962,0.30639730639730645,0.3647058823529412,0.5263157894736843,0.457286432160804,0.3478573482887547,-1.0,18,"(5, 5)",89594
"woe_enc,median_imp,no_samp,k_best_sel,norm_scale",0.1854419410745234,0.6146788990825688,0.7535677879714577,0.303030303030303,0.356,0.5292397660818713,0.45608108108108103,0.3456763493433036,-1.0,18,"(5, 5)",89594
"woe_enc,most_freq_imp,no_sel,no_samp,norm_scale",0.18890814558058924,0.6146788990825688,0.757841292244962,0.30527497194163866,0.36,0.5321637426900585,0.45945945945945954,0.34804908445978333,-1.0,18,"(5, 5)",89594
"woe_enc,mean_imp,k_best_sel,norm_scale,over_samp",0.28637770897832815,0.4943820224719101,0.6973734754633631,0.30601092896174864,0.2848484848484848,0.35519125683060104,0.32183908045977005,0.30601092896174864,-1.0,18,"(5, 5)",89594
"woe_enc,most_freq_imp,no_samp,k_best_sel,norm_scale",0.18890814558058924,0.6146788990825688,0.757841292244962,0.30639730639730645,0.3647058823529412,0.5263157894736843,0.457286432160804,0.3478573482887547,-1.0,18,"(5, 5)",89594
"woe_enc,mean_imp,k_best_sel,no_samp,norm_scale",0.1854419410745234,0.6146788990825688,0.7535677879714577,0.303030303030303,0.356,0.5292397660818713,0.45608108108108103,0.3456763493433036,-1.0,18,"(5, 5)",89594
"woe_enc,mean_imp,k_best_sel,norm_scale,no_samp",0.1854419410745234,0.6146788990825688,0.7535677879714577,0.303030303030303,0.356,0.5292397660818713,0.45608108108108103,0.3456763493433036,-1.0,18,"(5, 5)",89594
"woe_enc,most_freq_imp,under_samp,no_sel,norm_scale",0.29396984924623115,0.48623853211009177,0.6973111964699533,0.3157894736842105,0.29000000000000004,0.3771929824561403,0.33644859813084105,0.3157894736842105,-1.0,18,"(5, 5)",89594
"woe_enc,mean_imp,no_samp,no_sel,norm_scale",0.18890814558058924,0.6146788990825688,0.757841292244962,0.30415263748597077,0.35856573705179284,0.5292397660818713,0.45699831365935917,0.3465870961556897,-1.0,18,"(5, 5)",89594
"woe_enc,mean_imp,no_samp,no_sel,norm_scale",0.18890814558058924,0.6146788990825688,0.757841292244962,0.30415263748597077,0.35856573705179284,0.5292397660818713,0.45699831365935917,0.3465870961556897,-1.0,19,"(5, 5)",89594
"woe_enc,median_imp,no_samp,k_best_sel,norm_scale",0.1854419410745234,0.6146788990825688,0.7535677879714577,0.303030303030303,0.356,0.5292397660818713,0.45608108108108103,0.3456763493433036,-1.0,19,"(5, 5)",89594
"woe_enc,mean_imp,k_best_sel,norm_scale,no_samp",0.1854419410745234,0.6146788990825688,0.7535677879714577,0.303030303030303,0.356,0.5292397660818713,0.45608108108108103,0.3456763493433036,-1.0,19,"(5, 5)",89594
"woe_enc,most_freq_imp,no_samp,no_sel,norm_scale",0.18890814558058924,0.6146788990825688,0.757841292244962,0.30527497194163866,0.36,0.5321637426900585,0.45945945945945954,0.34804908445978333,-1.0,19,"(5, 5)",89594
"woe_enc,mean_imp,k_best_sel,norm_scale,over_samp",0.30441400304414,0.455026455026455,0.6622914122914123,0.2969034608378871,0.2783300198807157,0.3387978142076503,0.3098859315589354,0.2969034608378871,-1.0,19,"(5, 5)",89594
"woe_enc,mean_imp,k_best_sel,no_samp,norm_scale",0.1854419410745234,0.6146788990825688,0.7535677879714577,0.303030303030303,0.356,0.5292397660818713,0.45608108108108103,0.3456763493433036,-1.0,19,"(5, 5)",89594
"woe_enc,most_freq_imp,no_samp,k_best_sel,norm_scale",0.18890814558058924,0.6146788990825688,0.757841292244962,0.30639730639730645,0.3647058823529412,0.5263157894736843,0.457286432160804,0.3478573482887547,-1.0,19,"(5, 5)",89594
"woe_enc,most_freq_imp,under_samp,no_sel,norm_scale",0.2957393483709273,0.46788990825688076,0.6747864599810187,0.3055555555555556,0.2775919732441472,0.368421052631579,0.32605304212168496,0.3055555555555556,-1.0,19,"(5, 5)",89594
"woe_enc,median_imp,k_best_sel,no_samp,norm_scale",0.1854419410745234,0.6146788990825688,0.7535677879714577,0.303030303030303,0.356,0.5292397660818713,0.45608108108108103,0.3456763493433036,-1.0,19,"(5, 5)",89594
"woe_enc,median_imp,under_samp,k_best_sel,norm_scale",0.2955665024630542,0.4954128440366973,0.7142680628919161,0.3187134502923976,0.29470198675496684,0.3771929824561403,0.33850931677018625,0.3187134502923977,-1.0,19,"(5, 5)",89594
"woe_enc,most_freq_imp,no_samp,no_sel,norm_scale",0.18890814558058924,0.6146788990825688,0.757841292244962,0.30527497194163866,0.36,0.5321637426900585,0.45945945945945954,0.34804908445978333,-1.0,20,"(5, 5)",89594
"woe_enc,median_imp,k_best_sel,no_samp,norm_scale",0.1854419410745234,0.6146788990825688,0.7535677879714577,0.303030303030303,0.356,0.5292397660818713,0.45608108108108103,0.3456763493433036,-1.0,20,"(5, 5)",89594
"woe_enc,median_imp,no_samp,k_best_sel,norm_scale",0.1854419410745234,0.6146788990825688,0.7535677879714577,0.303030303030303,0.356,0.5292397660818713,0.45608108108108103,0.3456763493433036,-1.0,20,"(5, 5)",89594
"woe_enc,mean_imp,k_best_sel,no_samp,norm_scale",0.1854419410745234,0.6146788990825688,0.7535677879714577,0.303030303030303,0.356,0.5292397660818713,0.45608108108108103,0.3456763493433036,-1.0,20,"(5, 5)",89594
"woe_enc,most_freq_imp,under_samp,no_sel,norm_scale",0.2975,0.46788990825688076,0.6775119013840285,0.3084795321637427,0.28524590163934427,0.36257309941520466,0.32612055641421944,0.3084795321637428,-1.0,20,"(5, 5)",89594
"woe_enc,mean_imp,no_samp,no_sel,norm_scale",0.18890814558058924,0.6146788990825688,0.757841292244962,0.30415263748597077,0.35856573705179284,0.5292397660818713,0.45699831365935917,0.3465870961556897,-1.0,20,"(5, 5)",89594
"woe_enc,mean_imp,k_best_sel,norm_scale,no_samp",0.1854419410745234,0.6146788990825688,0.7535677879714577,0.303030303030303,0.356,0.5292397660818713,0.45608108108108103,0.3456763493433036,-1.0,20,"(5, 5)",89594
"woe_enc,most_freq_imp,no_samp,k_best_sel,norm_scale",0.18890814558058924,0.6146788990825688,0.757841292244962,0.30639730639730645,0.3647058823529412,0.5263157894736843,0.457286432160804,0.3478573482887547,-1.0,20,"(5, 5)",89594
"woe_enc,mean_imp,norm_scale,k_best_sel,no_samp",0.1854419410745234,0.6146788990825688,0.7535677879714577,0.3019079685746352,0.3545816733067729,0.5263157894736843,0.45362563237774034,0.3442143610392101,-1.0,20,"(5, 5)",89594
"loo_enc,most_freq_imp,no_samp,no_sel,norm_scale",0.2045060658578856,0.5871559633027523,0.7431388692856583,0.31200897867564537,0.3709677419354839,0.543859649122807,0.4711864406779661,0.3557185313009299,-1.0,20,"(5, 5)",89594
"loo_enc,median_imp,min_max_scale,no_samp,k_best_sel",0.903983927408405,0.8495097846202307,1.6655116839554633,0.19753086419753085,0.24382716049382713,0.283625730994152,0.2642642642642641,0.21376186367558248,0.04748002279785514,0,"(6, 4)",89594
"onehot_enc,median_imp,k_best_sel,over_samp,quant_scale",0.8232484076433121,0.6375,1.5242521367521367,0.21493624772313302,0.23063683304647165,0.18579234972677594,0.20884955752212397,0.2149362477231329,0.1767515923566879,0,"(6, 4)",89594
"target_enc,most_freq_imp,under_samp,no_sel,min_max_scale",0.8387096774193549,0.5963302752293578,1.5249017038007864,0.19590643274853803,0.19942196531791911,0.1900584795321637,0.19476744186046513,0.19590643274853792,0.16129032258064516,0,"(6, 4)",89594
"ordinal_enc,median_imp,no_sel,min_max_scale,no_samp",0.8782247292717659,0.8415167145725873,1.6140713204605266,0.20314253647586977,0.24764890282131657,0.29824561403508776,0.27382753403933435,0.2210718051960502,0.052362319617407255,0,"(6, 4)",89594
"loo_enc,mean_imp,no_sel,over_samp,quant_scale",0.8480948862107833,0.6863905325443787,1.5740923369128497,0.21493624772313302,0.21699819168173595,0.21129326047358832,0.21415607985480933,0.21493624772313302,0.14820971123492133,0,"(6, 4)",89594
"woe_enc,median_imp,no_sel,max_abs_scale,no_samp",0.8631897912550089,0.7761152892073867,1.4831428295682603,0.17732884399551063,0.2142857142857143,0.26023391812865493,0.23795180722891562,0.1929584891189723,0.0621398115776028,0,"(6, 4)",89594
"woe_enc,mean_imp,no_sel,under_samp,norm_scale",0.2964824120603015,0.4954128440366973,0.7134059236214724,0.33040935672514615,0.3079470198675497,0.38888888888888884,0.3509316770186335,0.33040935672514615,-1.0,0,"(6, 4)",89594
"woe_enc,most_freq_imp,max_abs_scale,k_best_sel,no_samp",0.8953184161432404,0.7895814466275545,1.5975111712239456,0.18518518518518523,0.23100303951367784,0.26023391812865493,0.24590163934426224,0.19933371680567524,0.05661079641282728,0,"(6, 4)",89594
"ordinal_enc,most_freq_imp,under_samp,no_sel,norm_scale",0.30904522613065327,0.45871559633027525,0.680168883527507,0.33040935672514615,0.2972027972027972,0.4122807017543859,0.3598726114649681,0.33040935672514615,-1.0,0,"(6, 4)",89594
"loo_enc,median_imp,k_best_sel,no_scale,over_samp",0.7791565500496633,0.5504214062592091,1.3593007984719345,0.20765027322404372,0.21693121693121697,0.1912568306010929,0.20430107526881724,0.20765027322404372,0.20648111723052717,0,"(6, 4)",89594
"onehot_enc,median_imp,k_best_sel,no_scale,over_samp",0.8440944881889764,0.7125748502994012,1.6036004913250421,0.22859744990892528,0.23487544483985767,0.21675774134790526,0.22592259225922584,0.22859744990892528,0.15590551181102363,1,"(6, 4)",89594
"loo_enc,median_imp,k_best_sel,over_samp,quant_scale",0.8581331877729257,0.686046511627907,1.588705580953643,0.2103825136612022,0.20772058823529416,0.21493624772313302,0.21134492223238788,0.2103825136612022,0.1381030701754386,1,"(6, 4)",89594
"woe_enc,mean_imp,no_sel,max_abs_scale,no_samp",0.8631897912550089,0.7761152892073867,1.4831428295682603,0.17732884399551063,0.2142857142857143,0.26023391812865493,0.23795180722891562,0.1929584891189723,0.0621398115776028,1,"(6, 4)",89594
"loo_enc,median_imp,no_sel,over_samp,quant_scale",0.8283792802505261,0.6865773646801531,1.5427027208055093,0.22859744990892528,0.2310469314079422,0.22404371584699456,0.22756119673617403,0.2285974499089254,0.16424094887864507,1,"(6, 4)",89594
"ordinal_enc,median_imp,min_max_scale,no_samp,k_best_sel",0.8921337027674442,0.8317517817065008,1.6515523515070707,0.20426487093153756,0.25609756097560976,0.2865497076023392,0.27164179104477615,0.2197775860416068,0.05680140515495801,1,"(6, 4)",89594
"loo_enc,most_freq_imp,under_samp,no_sel,norm_scale",0.3341645885286783,0.44036697247706424,0.6903669724770642,0.3464912280701754,0.32441471571906355,0.4093567251461988,0.36973478939157556,0.3464912280701755,-1.0,1,"(6, 4)",89594
"ordinal_enc,most_freq_imp,under_samp,no_sel,norm_scale",0.31,0.45871559633027525,0.682083293924777,0.33479532163742687,0.30716723549488056,0.4064327485380117,0.3606299212598424,0.33479532163742687,-1.0,1,"(6, 4)",89594
"loo_enc,median_imp,k_best_sel,no_scale,over_samp",0.8043808180050588,0.608063558063558,1.4276267109600442,0.21129326047358832,0.21338155515370705,0.20765027322404372,0.21052631578947367,0.21129326047358832,0.18089367502917356,1,"(6, 4)",89594
"loo_enc,mean_imp,no_sel,over_samp,quant_scale",0.8248496058695749,0.6657908959884699,1.5079086547728953,0.2213114754098361,0.22080291970802923,0.2222222222222222,0.2215132178669098,0.22131147540983598,0.1639786161728236,1,"(6, 4)",89594
"woe_enc,mean_imp,no_sel,under_samp,norm_scale",0.3025,0.47706422018348627,0.6969954916611495,0.3201754385964912,0.29702970297029707,0.3771929824561403,0.3395348837209303,0.3201754385964911,-1.0,1,"(6, 4)",89594
"loo_enc,mean_imp,no_sel,over_samp,quant_scale",0.8237786572052401,0.6717660847572635,1.497264660255839,0.21766848816029138,0.22021660649819497,0.21311475409836067,0.21668177697189483,0.2176684881602915,0.16343542128603106,2,"(6, 4)",89594
"loo_enc,median_imp,no_sel,over_samp,quant_scale",0.8503206877729257,0.6950218987107519,1.5950693820915687,0.22040072859744986,0.22040072859744986,0.22040072859744986,0.22040072859744986,0.22040072859744986,0.1459498355263158,2,"(6, 4)",89594
"ordinal_enc,most_freq_imp,no_sel,under_samp,norm_scale",0.3111111111111111,0.46788990825688076,0.6976196379866105,0.32456140350877194,0.2902097902097902,0.4064327485380117,0.35350318471337583,0.32456140350877194,-1.0,2,"(6, 4)",89594
"woe_enc,mean_imp,no_sel,max_abs_scale,no_samp",0.8631897912550089,0.7761152892073867,1.4831428295682603,0.17732884399551063,0.2142857142857143,0.26023391812865493,0.23795180722891562,0.1929584891189723,0.0621398115776028,2,"(6, 4)",89594
"ordinal_enc,most_freq_imp,under_samp,no_sel,norm_scale",0.3189873417721519,0.46788990825688076,0.7056521460191185,0.3421052631578947,0.31756756756756754,0.4093567251461988,0.36677115987460807,0.3421052631578948,-1.0,2,"(6, 4)",89594
"loo_enc,median_imp,k_best_sel,no_scale,over_samp",0.8184779450720352,0.6175095492742552,1.449893214991254,0.2030965391621129,0.20363636363636362,0.20218579234972678,0.20291173794358497,0.203096539162113,0.16500568383906716,2,"(6, 4)",89594
"woe_enc,mean_imp,norm_scale,under_samp,no_sel",0.31343283582089554,0.47706422018348627,0.7125591007295613,0.32602339181286555,0.30618892508143325,0.3771929824561403,0.3436055469953775,0.32602339181286555,-1.0,2,"(6, 4)",89594
"loo_enc,median_imp,over_samp,k_best_sel,quant_scale",0.8510169076206813,0.6845238095238095,1.5764991181657848,0.21220400728597455,0.21376811594202894,0.20947176684881608,0.21162579473206178,0.21220400728597455,0.14528301886792452,2,"(6, 4)",89594
"woe_enc,mean_imp,no_sel,under_samp,norm_scale",0.30864197530864196,0.47706422018348627,0.706793949913216,0.3187134502923976,0.2987012987012987,0.368421052631579,0.3353846153846154,0.3187134502923977,-1.0,2,"(6, 4)",89594
"loo_enc,most_freq_imp,under_samp,no_sel,norm_scale",0.32169576059850374,0.42201834862385323,0.6480457458841272,0.32748538011695905,0.29655172413793107,0.4035087719298246,0.35443037974683556,0.32748538011695905,-1.0,2,"(6, 4)",89594
"woe_enc,mean_imp,no_sel,under_samp,norm_scale",0.3082706766917293,0.47706422018348627,0.704650427080038,0.3172514619883041,0.292358803986711,0.3771929824561403,0.33748055987558323,0.3172514619883041,-1.0,3,"(6, 4)",89594
"woe_enc,mean_imp,norm_scale,under_samp,no_sel",0.2942643391521197,0.47706422018348627,0.6859683297725274,0.32163742690058483,0.2953020134228188,0.38596491228070173,0.3437500000000001,0.32163742690058483,-1.0,3,"(6, 4)",89594
"loo_enc,median_imp,no_scale,over_samp,k_best_sel",0.8414461889498561,0.6559391827684511,1.4887976822936173,0.19489981785063748,0.19266055045871555,0.19854280510018218,0.19561243144424123,0.1948998178506376,0.14198266072071572,3,"(6, 4)",89594
"woe_enc,mean_imp,no_sel,norm_scale,under_samp",0.30982367758186397,0.47706422018348627,0.7062308868501529,0.32602339181286555,0.30491803278688523,0.3801169590643275,0.3446676970633695,0.32602339181286544,-1.0,3,"(6, 4)",89594
"loo_enc,mean_imp,under_samp,no_sel,norm_scale",0.32754342431761785,0.44036697247706424,0.68186357111652,0.3377192982456141,0.31058020477815695,0.4093567251461988,0.36377952755905507,0.3377192982456141,-1.0,3,"(6, 4)",89594
"loo_enc,most_freq_imp,no_sel,over_samp,quant_scale",0.8689547581903276,0.7572254335260116,1.6674818437824217,0.23132969034608375,0.22735674676524953,0.23861566484517305,0.23302752293577988,0.23132969034608375,0.1310452418096724,3,"(6, 4)",89594
"ordinal_enc,most_freq_imp,no_sel,under_samp,norm_scale",0.30402010050251255,0.45871559633027525,0.6732484683025937,0.32894736842105265,0.2961672473867596,0.4093567251461988,0.35771065182829886,0.32894736842105254,-1.0,3,"(6, 4)",89594
"loo_enc,mean_imp,no_sel,over_samp,quant_scale",0.8058124128912366,0.6324324324324324,1.4515207515207516,0.22040072859744986,0.22441651705565535,0.21311475409836067,0.21880650994575046,0.22040072859744997,0.1831742056113888,3,"(6, 4)",89594
"loo_enc,most_freq_imp,under_samp,no_sel,norm_scale",0.32169576059850374,0.43119266055045874,0.6606447153449793,0.33040935672514615,0.30000000000000004,0.4064327485380117,0.3575949367088608,0.33040935672514626,-1.0,3,"(6, 4)",89594
"loo_enc,median_imp,over_samp,k_best_sel,quant_scale",0.8310077519379845,0.6497175141242938,1.5492901636969434,0.2213114754098361,0.22775800711743777,0.20947176684881608,0.21872187218721884,0.2213114754098362,0.16899224806201552,3,"(6, 4)",89594
"loo_enc,mean_imp,no_sel,norm_scale,under_samp",0.345,0.43119266055045874,0.6923610454301838,0.347953216374269,0.32781456953642385,0.4064327485380117,0.3695652173913043,0.347953216374269,-1.0,4,"(6, 4)",89594
"woe_enc,mean_imp,under_samp,no_sel,norm_scale",0.3054187192118227,0.47706422018348627,0.7026534457727118,0.3187134502923976,0.2987012987012987,0.368421052631579,0.3353846153846154,0.3187134502923977,-1.0,4,"(6, 4)",89594
"woe_enc,mean_imp,no_sel,under_samp,norm_scale",0.30808080808080807,0.47706422018348627,0.7035450564204201,0.3201754385964912,0.2996742671009772,0.3713450292397661,0.33744221879815106,0.3201754385964912,-1.0,4,"(6, 4)",89594
"woe_enc,mean_imp,norm_scale,under_samp,no_sel",0.2907268170426065,0.5045871559633027,0.7183802594115786,0.33187134502923976,0.3076923076923077,0.39473684210526316,0.3541341653666147,0.33187134502923976,-1.0,4,"(6, 4)",89594
"woe_enc,most_freq_imp,norm_scale,under_samp,no_sel",0.31565656565656564,0.47706422018348627,0.713998018092894,0.33187134502923976,0.31974921630094044,0.36549707602339176,0.3434190620272315,0.33187134502923976,-1.0,4,"(6, 4)",89594
"ordinal_enc,mean_imp,no_sel,under_samp,norm_scale",0.33248081841432225,0.45871559633027525,0.7104886459756653,0.3494152046783626,0.3289036544850499,0.4093567251461988,0.3716951788491447,0.3494152046783626,-1.0,4,"(6, 4)",89594
"loo_enc,median_imp,no_scale,over_samp,k_best_sel",0.8012029890385988,0.5842762267863731,1.3855582780684244,0.19763205828779595,0.20250896057347667,0.18943533697632053,0.1960252935862692,0.19763205828779595,0.1790363991241264,4,"(6, 4)",89594
"woe_enc,mean_imp,no_sel,norm_scale,under_samp",0.2982456140350877,0.4954128440366973,0.7161024992091111,0.32309941520467833,0.3003300330033003,0.3801169590643275,0.3426356589147286,0.32309941520467844,-1.0,4,"(6, 4)",89594
"loo_enc,mean_imp,under_samp,no_sel,norm_scale",0.34,0.42201834862385323,0.6728774551530629,0.33479532163742687,0.3097643097643098,0.4005847953216374,0.3583724569640062,0.33479532163742676,-1.0,4,"(6, 4)",89594
"ordinal_enc,most_freq_imp,no_sel,under_samp,norm_scale",0.2925,0.45871559633027525,0.6580283111069076,0.3172514619883041,0.2743682310469314,0.4122807017543859,0.35056542810985447,0.3172514619883041,-1.0,4,"(6, 4)",89594
"ordinal_enc,most_freq_imp,no_sel,under_samp,norm_scale",0.314214463840399,0.44954128440366975,0.6755686816639437,0.32894736842105265,0.3003412969283277,0.4005847953216374,0.35433070866141736,0.32894736842105254,-1.0,5,"(6, 4)",89594
"loo_enc,mean_imp,under_samp,no_sel,norm_scale",0.33753148614609574,0.43119266055045874,0.6811926605504588,0.3406432748538012,0.3164983164983165,0.4064327485380117,0.3646322378716744,0.3406432748538012,-1.0,5,"(6, 4)",89594
"woe_enc,mean_imp,no_sel,under_samp,norm_scale",0.29802955665024633,0.47706422018348627,0.6925524356717018,0.3114035087719298,0.2828282828282829,0.3771929824561403,0.33333333333333326,0.3114035087719298,-1.0,5,"(6, 4)",89594
"woe_enc,mean_imp,norm_scale,under_samp,no_sel",0.2969543147208122,0.47706422018348627,0.6875905359729599,0.32309941520467833,0.2990033222591362,0.3830409356725146,0.3437013996889581,0.32309941520467833,-1.0,5,"(6, 4)",89594
"woe_enc,mean_imp,under_samp,no_sel,norm_scale",0.30174563591022446,0.48623853211009177,0.7088412718361192,0.32602339181286555,0.3023255813953488,0.38596491228070173,0.34681181959564544,0.32602339181286544,-1.0,5,"(6, 4)",89594
"woe_enc,mean_imp,no_sel,norm_scale,no_samp",0.18890814558058924,0.6146788990825688,0.757841292244962,0.30415263748597077,0.35856573705179284,0.5292397660818713,0.45699831365935917,0.3465870961556897,-1.0,5,"(6, 4)",89594
"woe_enc,most_freq_imp,norm_scale,under_samp,no_sel",0.3009950248756219,0.46788990825688076,0.6829069731032972,0.3128654970760234,0.29220779220779225,0.36257309941520466,0.3292307692307692,0.3128654970760234,-1.0,5,"(6, 4)",89594
"woe_enc,mean_imp,no_sel,norm_scale,under_samp",0.3082706766917293,0.47706422018348627,0.704650427080038,0.3157894736842105,0.29000000000000004,0.3771929824561403,0.33644859813084105,0.3157894736842105,-1.0,5,"(6, 4)",89594
"ordinal_enc,mean_imp,no_sel,under_samp,norm_scale",0.3217821782178218,0.46788990825688076,0.7119577048670502,0.3362573099415205,0.3120805369127517,0.4005847953216374,0.3593749999999999,0.33625730994152037,-1.0,5,"(6, 4)",89594
"ordinal_enc,mean_imp,norm_scale,over_samp,no_sel",0.3102362204724409,0.47904191616766467,0.7140846512103998,0.32513661202185795,0.30165289256198347,0.3843351548269581,0.34559535333978697,0.32513661202185784,-1.0,5,"(6, 4)",89594
"woe_enc,mean_imp,no_sel,under_samp,norm_scale",0.285,0.48623853211009177,0.6855512468867241,0.314327485380117,0.2832764505119454,0.38596491228070173,0.3385826771653544,0.3143274853801169,-1.0,6,"(6, 4)",89594
"woe_enc,mean_imp,no_sel,norm_scale,under_samp",0.3057644110275689,0.47706422018348627,0.701202151217969,0.3201754385964912,0.29836065573770487,0.3742690058479532,0.33848531684698613,0.3201754385964912,-1.0,6,"(6, 4)",89594
"woe_enc,mean_imp,no_sel,norm_scale,no_samp",0.18890814558058924,0.6146788990825688,0.757841292244962,0.30415263748597077,0.35856573705179284,0.5292397660818713,0.45699831365935917,0.3465870961556897,-1.0,6,"(6, 4)",89594
"woe_enc,mean_imp,no_samp,no_sel,norm_scale",0.18890814558058924,0.6146788990825688,0.757841292244962,0.30415263748597077,0.35856573705179284,0.5292397660818713,0.45699831365935917,0.3465870961556897,-1.0,6,"(6, 4)",89594
"woe_enc,most_freq_imp,norm_scale,under_samp,no_sel",0.30904522613065327,0.48623853211009177,0.7180724421446938,0.33040935672514615,0.3104575163398693,0.3830409356725146,0.3487654320987654,0.33040935672514615,-1.0,6,"(6, 4)",89594
"ordinal_enc,mean_imp,under_samp,no_sel,norm_scale",0.315,0.46788990825688076,0.701566884201898,0.3362573099415205,0.30952380952380953,0.4064327485380117,0.3616352201257862,0.3362573099415205,-1.0,6,"(6, 4)",89594
"woe_enc,mean_imp,under_samp,no_sel,norm_scale",0.28536585365853656,0.47706422018348627,0.6763997683562437,0.30409356725146197,0.2766666666666666,0.36549707602339176,0.3239875389408099,0.30409356725146197,-1.0,6,"(6, 4)",89594
"ordinal_enc,most_freq_imp,no_sel,norm_scale,under_samp",0.3325062034739454,0.45871559633027525,0.7138176371466018,0.347953216374269,0.325503355704698,0.4122807017543859,0.37187499999999996,0.347953216374269,-1.0,6,"(6, 4)",89594
"ordinal_enc,mean_imp,no_sel,under_samp,norm_scale",0.315136476426799,0.46788990825688076,0.7025837858079012,0.33479532163742687,0.30847457627118646,0.4035087719298246,0.35949764521193095,0.33479532163742687,-1.0,6,"(6, 4)",89594
"woe_enc,mean_imp,norm_scale,under_samp,no_sel",0.29528535980148884,0.48623853211009177,0.700524246395806,0.3157894736842105,0.28859060402684567,0.3801169590643275,0.3375,0.3157894736842106,-1.0,6,"(6, 4)",89594
"woe_enc,mean_imp,under_samp,no_sel,norm_scale",0.3012345679012346,0.47706422018348627,0.6966588147780809,0.314327485380117,0.2876254180602007,0.3771929824561403,0.33541341653666146,0.314327485380117,-1.0,7,"(6, 4)",89594
"woe_enc,mean_imp,no_sel,under_samp,norm_scale",0.30073349633251834,0.47706422018348627,0.6970642201834862,0.3128654970760234,0.2894736842105263,0.368421052631579,0.3312693498452012,0.3128654970760234,-1.0,7,"(6, 4)",89594
"woe_enc,most_freq_imp,no_sel,under_samp,norm_scale",0.29396984924623115,0.46788990825688076,0.6720421573918288,0.3128654970760234,0.28523489932885904,0.3771929824561403,0.334375,0.3128654970760234,-1.0,7,"(6, 4)",89594
"woe_enc,mean_imp,norm_scale,under_samp,no_sel",0.29455445544554454,0.48623853211009177,0.6997978541439901,0.3187134502923976,0.29054054054054057,0.38596491228070173,0.34169278996865193,0.3187134502923976,-1.0,7,"(6, 4)",89594
"woe_enc,most_freq_imp,norm_scale,under_samp,no_sel",0.2885085574572127,0.47706422018348627,0.6803975535168196,0.30116959064327486,0.2702702702702703,0.368421052631579,0.32288401253918486,0.30116959064327486,-1.0,7,"(6, 4)",89594
"woe_enc,mean_imp,no_sel,norm_scale,no_samp",0.18890814558058924,0.6146788990825688,0.757841292244962,0.30415263748597077,0.35856573705179284,0.5292397660818713,0.45699831365935917,0.3465870961556897,-1.0,7,"(6, 4)",89594
"woe_enc,mean_imp,no_samp,no_sel,norm_scale",0.18890814558058924,0.6146788990825688,0.757841292244962,0.30415263748597077,0.35856573705179284,0.5292397660818713,0.45699831365935917,0.3465870961556897,-1.0,7,"(6, 4)",89594
"ordinal_enc,mean_imp,no_sel,under_samp,norm_scale",0.32914572864321606,0.45871559633027525,0.707850544427161,0.3421052631578947,0.3223684210526315,0.39766081871345027,0.3622291021671825,0.3421052631578947,-1.0,7,"(6, 4)",89594
"woe_enc,mean_imp,no_sel,norm_scale,under_samp",0.2962962962962963,0.47706422018348627,0.6899020580213241,0.3172514619883041,0.29508196721311475,0.3713450292397661,0.33539412673879443,0.317251461988304,-1.0,7,"(6, 4)",89594
"woe_enc,mean_imp,over_samp,no_sel,norm_scale",0.2964669738863287,0.4644808743169399,0.6674723273083929,0.30236794171220405,0.28080808080808084,0.35154826958105645,0.31800766283524895,0.30236794171220394,-1.0,7,"(6, 4)",89594
"woe_enc,mean_imp,norm_scale,no_samp,no_sel",0.18890814558058924,0.6146788990825688,0.757841292244962,0.30415263748597077,0.35856573705179284,0.5292397660818713,0.45699831365935917,0.3465870961556897,-1.0,8,"(6, 4)",89594
"woe_enc,most_freq_imp,under_samp,no_sel,norm_scale",0.30174563591022446,0.4954128440366973,0.7214402412969713,0.32602339181286555,0.3099041533546326,0.368421052631579,0.34045801526717556,0.32602339181286555,-1.0,8,"(6, 4)",89594
"woe_enc,mean_imp,under_samp,no_sel,norm_scale",0.2982456140350877,0.47706422018348627,0.6908573236317621,0.3172514619883041,0.292358803986711,0.3771929824561403,0.33748055987558323,0.3172514619883041,-1.0,8,"(6, 4)",89594
"woe_enc,most_freq_imp,norm_scale,no_samp,no_sel",0.18890814558058924,0.6146788990825688,0.757841292244962,0.30527497194163866,0.36,0.5321637426900585,0.45945945945945954,0.34804908445978333,-1.0,8,"(6, 4)",89594
"woe_enc,mean_imp,no_sel,norm_scale,under_samp",0.2914572864321608,0.47706422018348627,0.6812164693184344,0.3172514619883041,0.292358803986711,0.3771929824561403,0.33748055987558323,0.3172514619883041,-1.0,8,"(6, 4)",89594
"woe_enc,most_freq_imp,no_sel,under_samp,norm_scale",0.28292682926829266,0.47706422018348627,0.6730775092200312,0.29970760233918126,0.2677966101694915,0.368421052631579,0.3218210361067504,0.29970760233918137,-1.0,8,"(6, 4)",89594
"woe_enc,mean_imp,no_samp,no_sel,norm_scale",0.18890814558058924,0.6146788990825688,0.757841292244962,0.30415263748597077,0.35856573705179284,0.5292397660818713,0.45699831365935917,0.3465870961556897,-1.0,8,"(6, 4)",89594
"woe_enc,mean_imp,no_sel,norm_scale,no_samp",0.18890814558058924,0.6146788990825688,0.757841292244962,0.30415263748597077,0.35856573705179284,0.5292397660818713,0.45699831365935917,0.3465870961556897,-1.0,8,"(6, 4)",89594
"woe_enc,mean_imp,over_samp,no_sel,norm_scale",0.2846034214618974,0.5085714285714286,0.7158363858363859,0.30965391621129323,0.289738430583501,0.3570127504553734,0.32504780114722753,0.30965391621129335,-1.0,8,"(6, 4)",89594
"ordinal_enc,mean_imp,no_sel,under_samp,norm_scale",0.33251231527093594,0.46788990825688076,0.72714916751614,0.3391812865497076,0.31418918918918914,0.4064327485380117,0.36363636363636365,0.3391812865497076,-1.0,8,"(6, 4)",89594
"woe_enc,most_freq_imp,norm_scale,under_samp,no_sel",0.31265508684863524,0.48623853211009177,0.7243337702053299,0.32748538011695905,0.3121019108280255,0.368421052631579,0.3414634146341464,0.32748538011695905,-1.0,9,"(6, 4)",89594
"woe_enc,mean_imp,no_sel,no_samp,norm_scale",0.18890814558058924,0.6146788990825688,0.757841292244962,0.30415263748597077,0.35856573705179284,0.5292397660818713,0.45699831365935917,0.3465870961556897,-1.0,9,"(6, 4)",89594
"woe_enc,mean_imp,no_samp,no_sel,norm_scale",0.18890814558058924,0.6146788990825688,0.757841292244962,0.30415263748597077,0.35856573705179284,0.5292397660818713,0.45699831365935917,0.3465870961556897,-1.0,9,"(6, 4)",89594
"woe_enc,mean_imp,no_sel,norm_scale,over_samp",0.2969230769230769,0.4835164835164835,0.695054945054945,0.30601092896174864,0.28910891089108914,0.3460837887067395,0.31878557874762814,0.30601092896174853,-1.0,9,"(6, 4)",89594
"woe_enc,mean_imp,over_samp,no_sel,norm_scale",0.2993730407523511,0.4647058823529412,0.6783810960281549,0.29599271402550087,0.28125,0.32969034608378867,0.3063147973609802,0.29599271402550087,-1.0,9,"(6, 4)",89594
"woe_enc,mean_imp,under_samp,no_sel,norm_scale",0.29177057356608477,0.48623853211009177,0.6951426416991329,0.3172514619883041,0.292358803986711,0.3771929824561403,0.33748055987558323,0.3172514619883041,-1.0,9,"(6, 4)",89594
"woe_enc,mean_imp,no_sel,norm_scale,no_samp",0.18890814558058924,0.6146788990825688,0.757841292244962,0.30415263748597077,0.35856573705179284,0.5292397660818713,0.45699831365935917,0.3465870961556897,-1.0,9,"(6, 4)",89594
"woe_enc,mean_imp,no_sel,norm_scale,under_samp",0.30982367758186397,0.48623853211009177,0.7188774209989807,0.33479532163742687,0.31715210355987056,0.3830409356725146,0.3517665130568356,0.33479532163742687,-1.0,9,"(6, 4)",89594
"woe_enc,mean_imp,norm_scale,no_samp,no_sel",0.18890814558058924,0.6146788990825688,0.757841292244962,0.30415263748597077,0.35856573705179284,0.5292397660818713,0.45699831365935917,0.3465870961556897,-1.0,9,"(6, 4)",89594
"woe_enc,most_freq_imp,norm_scale,no_samp,no_sel",0.18890814558058924,0.6146788990825688,0.757841292244962,0.30527497194163866,0.36,0.5321637426900585,0.45945945945945954,0.34804908445978333,-1.0,9,"(6, 4)",89594
"woe_enc,mean_imp,norm_scale,no_samp,no_sel",0.18890814558058924,0.6146788990825688,0.757841292244962,0.30415263748597077,0.35856573705179284,0.5292397660818713,0.45699831365935917,0.3465870961556897,-1.0,10,"(6, 4)",89594
"woe_enc,most_freq_imp,no_sel,norm_scale,no_samp",0.18890814558058924,0.6146788990825688,0.757841292244962,0.30527497194163866,0.36,0.5321637426900585,0.45945945945945954,0.34804908445978333,-1.0,10,"(6, 4)",89594
"woe_enc,mean_imp,norm_scale,over_samp,no_sel",0.29237947122861585,0.4742857142857143,0.6794139194139195,0.30327868852459017,0.2865612648221344,0.3424408014571949,0.3156398104265402,0.30327868852459017,-1.0,10,"(6, 4)",89594
"woe_enc,mean_imp,no_samp,no_sel,norm_scale",0.18890814558058924,0.6146788990825688,0.757841292244962,0.30415263748597077,0.35856573705179284,0.5292397660818713,0.45699831365935917,0.3465870961556897,-1.0,10,"(6, 4)",89594
"woe_enc,mean_imp,under_samp,no_sel,norm_scale",0.2857142857142857,0.47706422018348627,0.6736159443214174,0.3114035087719298,0.2828282828282829,0.3771929824561403,0.33333333333333326,0.3114035087719298,-1.0,10,"(6, 4)",89594
"woe_enc,mean_imp,over_samp,no_sel,norm_scale",0.3010752688172043,0.46994535519125685,0.6814838167297184,0.3005464480874317,0.28402366863905326,0.3387978142076503,0.3125,0.3005464480874317,-1.0,10,"(6, 4)",89594
"woe_enc,mean_imp,norm_scale,no_sel,no_samp",0.18890814558058924,0.6146788990825688,0.757841292244962,0.30415263748597077,0.35856573705179284,0.5292397660818713,0.45699831365935917,0.3465870961556897,-1.0,10,"(6, 4)",89594
"woe_enc,mean_imp,no_sel,no_samp,norm_scale",0.18890814558058924,0.6146788990825688,0.757841292244962,0.30415263748597077,0.35856573705179284,0.5292397660818713,0.45699831365935917,0.3465870961556897,-1.0,10,"(6, 4)",89594
"woe_enc,mean_imp,no_sel,norm_scale,under_samp",0.28428927680798005,0.47706422018348627,0.6722696996355411,0.3084795321637427,0.2764505119453925,0.3801169590643275,0.33228346456692914,0.3084795321637428,-1.0,10,"(6, 4)",89594
"woe_enc,most_freq_imp,norm_scale,no_samp,no_sel",0.18890814558058924,0.6146788990825688,0.757841292244962,0.30527497194163866,0.36,0.5321637426900585,0.45945945945945954,0.34804908445978333,-1.0,10,"(6, 4)",89594
"woe_enc,mean_imp,norm_scale,no_samp,no_sel",0.18890814558058924,0.6146788990825688,0.757841292244962,0.30415263748597077,0.35856573705179284,0.5292397660818713,0.45699831365935917,0.3465870961556897,-1.0,11,"(6, 4)",89594
"woe_enc,most_freq_imp,no_sel,norm_scale,no_samp",0.18890814558058924,0.6146788990825688,0.757841292244962,0.30527497194163866,0.36,0.5321637426900585,0.45945945945945954,0.34804908445978333,-1.0,11,"(6, 4)",89594
"woe_enc,mean_imp,no_sel,norm_scale,no_samp",0.18890814558058924,0.6146788990825688,0.757841292244962,0.30415263748597077,0.35856573705179284,0.5292397660818713,0.45699831365935917,0.3465870961556897,-1.0,11,"(6, 4)",89594
"woe_enc,most_freq_imp,norm_scale,no_samp,no_sel",0.18890814558058924,0.6146788990825688,0.757841292244962,0.30527497194163866,0.36,0.5321637426900585,0.45945945945945954,0.34804908445978333,-1.0,11,"(6, 4)",89594
"woe_enc,mean_imp,no_samp,no_sel,norm_scale",0.18890814558058924,0.6146788990825688,0.757841292244962,0.30415263748597077,0.35856573705179284,0.5292397660818713,0.45699831365935917,0.3465870961556897,-1.0,11,"(6, 4)",89594
"woe_enc,mean_imp,norm_scale,no_sel,no_samp",0.18890814558058924,0.6146788990825688,0.757841292244962,0.30415263748597077,0.35856573705179284,0.5292397660818713,0.45699831365935917,0.3465870961556897,-1.0,11,"(6, 4)",89594
"woe_enc,mean_imp,no_sel,no_samp,norm_scale",0.18890814558058924,0.6146788990825688,0.757841292244962,0.30415263748597077,0.35856573705179284,0.5292397660818713,0.45699831365935917,0.3465870961556897,-1.0,11,"(6, 4)",89594
"woe_enc,mean_imp,under_samp,no_sel,norm_scale",0.3022113022113022,0.48623853211009177,0.7110707468751924,0.32163742690058483,0.30194805194805197,0.3713450292397661,0.3384615384615386,0.3216374269005846,-1.0,11,"(6, 4)",89594
"woe_enc,mean_imp,no_sel,norm_scale,under_samp",0.2918781725888325,0.48623853211009177,0.6932560759697409,0.3187134502923976,0.2891156462585034,0.38888888888888884,0.3427672955974842,0.3187134502923976,-1.0,11,"(6, 4)",89594
"woe_enc,mean_imp,norm_scale,over_samp,no_sel",0.2868462757527734,0.49079754601226994,0.7001992554139793,0.3005464480874317,0.28402366863905326,0.3387978142076503,0.3125,0.3005464480874317,-1.0,11,"(6, 4)",89594
"woe_enc,mean_imp,norm_scale,no_samp,no_sel",0.18890814558058924,0.6146788990825688,0.757841292244962,0.30415263748597077,0.35856573705179284,0.5292397660818713,0.45699831365935917,0.3465870961556897,-1.0,12,"(6, 4)",89594
"woe_enc,mean_imp,over_samp,no_sel,norm_scale",0.29310344827586204,0.4823529411764706,0.6938914027149321,0.30692167577413476,0.28714859437751006,0.3533697632058288,0.32187201528175746,0.30692167577413465,-1.0,12,"(6, 4)",89594
"woe_enc,most_freq_imp,no_sel,norm_scale,no_samp",0.18890814558058924,0.6146788990825688,0.757841292244962,0.30527497194163866,0.36,0.5321637426900585,0.45945945945945954,0.34804908445978333,-1.0,12,"(6, 4)",89594
"woe_enc,mean_imp,no_sel,norm_scale,no_samp",0.18890814558058924,0.6146788990825688,0.757841292244962,0.30415263748597077,0.35856573705179284,0.5292397660818713,0.45699831365935917,0.3465870961556897,-1.0,12,"(6, 4)",89594
"woe_enc,mean_imp,norm_scale,no_sel,no_samp",0.18890814558058924,0.6146788990825688,0.757841292244962,0.30415263748597077,0.35856573705179284,0.5292397660818713,0.45699831365935917,0.3465870961556897,-1.0,12,"(6, 4)",89594
"woe_enc,most_freq_imp,norm_scale,no_samp,no_sel",0.18890814558058924,0.6146788990825688,0.757841292244962,0.30527497194163866,0.36,0.5321637426900585,0.45945945945945954,0.34804908445978333,-1.0,12,"(6, 4)",89594
"woe_enc,mean_imp,norm_scale,over_samp,no_sel",0.30359937402190923,0.43859649122807015,0.6479982006297795,0.30327868852459017,0.2865612648221344,0.3424408014571949,0.3156398104265402,0.30327868852459017,-1.0,12,"(6, 4)",89594
"woe_enc,mean_imp,no_samp,no_sel,norm_scale",0.18890814558058924,0.6146788990825688,0.757841292244962,0.30415263748597077,0.35856573705179284,0.5292397660818713,0.45699831365935917,0.3465870961556897,-1.0,12,"(6, 4)",89594
"woe_enc,mean_imp,no_sel,no_samp,norm_scale",0.18890814558058924,0.6146788990825688,0.757841292244962,0.30415263748597077,0.35856573705179284,0.5292397660818713,0.45699831365935917,0.3465870961556897,-1.0,12,"(6, 4)",89594
"woe_enc,mean_imp,no_sel,norm_scale,under_samp",0.2932330827067669,0.48623853211009177,0.6965833596962987,0.3157894736842105,0.28859060402684567,0.3801169590643275,0.3375,0.3157894736842106,-1.0,12,"(6, 4)",89594
"woe_enc,mean_imp,no_sel,norm_scale,no_samp",0.18890814558058924,0.6146788990825688,0.757841292244962,0.30415263748597077,0.35856573705179284,0.5292397660818713,0.45699831365935917,0.3465870961556897,-1.0,13,"(6, 4)",89594
"woe_enc,mean_imp,norm_scale,no_sel,no_samp",0.18890814558058924,0.6146788990825688,0.757841292244962,0.30415263748597077,0.35856573705179284,0.5292397660818713,0.45699831365935917,0.3465870961556897,-1.0,13,"(6, 4)",89594
"woe_enc,mean_imp,no_samp,no_sel,norm_scale",0.18890814558058924,0.6146788990825688,0.757841292244962,0.30415263748597077,0.35856573705179284,0.5292397660818713,0.45699831365935917,0.3465870961556897,-1.0,13,"(6, 4)",89594
"woe_enc,mean_imp,norm_scale,no_samp,no_sel",0.18890814558058924,0.6146788990825688,0.757841292244962,0.30415263748597077,0.35856573705179284,0.5292397660818713,0.45699831365935917,0.3465870961556897,-1.0,13,"(6, 4)",89594
"woe_enc,most_freq_imp,no_sel,norm_scale,no_samp",0.18890814558058924,0.6146788990825688,0.757841292244962,0.30527497194163866,0.36,0.5321637426900585,0.45945945945945954,0.34804908445978333,-1.0,13,"(6, 4)",89594
"woe_enc,mean_imp,no_sel,no_samp,norm_scale",0.18890814558058924,0.6146788990825688,0.757841292244962,0.30415263748597077,0.35856573705179284,0.5292397660818713,0.45699831365935917,0.3465870961556897,-1.0,13,"(6, 4)",89594
"woe_enc,mean_imp,over_samp,no_sel,norm_scale",0.28683385579937304,0.4823529411764706,0.6853443941679236,0.2969034608378871,0.2756539235412475,0.34426229508196726,0.3116634799235183,0.2969034608378872,-1.0,13,"(6, 4)",89594
"woe_enc,most_freq_imp,norm_scale,no_samp,no_sel",0.18890814558058924,0.6146788990825688,0.757841292244962,0.30527497194163866,0.36,0.5321637426900585,0.45945945945945954,0.34804908445978333,-1.0,13,"(6, 4)",89594
"woe_enc,mean_imp,norm_scale,over_samp,no_sel",0.27956989247311825,0.5191256830601093,0.7199803839148102,0.307832422586521,0.28686868686868683,0.3570127504553734,0.3237547892720306,0.307832422586521,-1.0,13,"(6, 4)",89594
"woe_enc,mean_imp,no_sel,norm_scale,under_samp",0.3034825870646766,0.48623853211009177,0.7114945048063375,0.32163742690058483,0.29801324503311255,0.3801169590643275,0.3416149068322981,0.32163742690058483,-1.0,13,"(6, 4)",89594
"woe_enc,mean_imp,no_samp,no_sel,norm_scale",0.18890814558058924,0.6146788990825688,0.757841292244962,0.30415263748597077,0.35856573705179284,0.5292397660818713,0.45699831365935917,0.3465870961556897,-1.0,14,"(6, 4)",89594
"woe_enc,mean_imp,norm_scale,no_sel,no_samp",0.18890814558058924,0.6146788990825688,0.757841292244962,0.30415263748597077,0.35856573705179284,0.5292397660818713,0.45699831365935917,0.3465870961556897,-1.0,14,"(6, 4)",89594
"woe_enc,mean_imp,no_sel,under_samp,norm_scale",0.28391959798994976,0.47706422018348627,0.6708358464810641,0.3084795321637427,0.27491408934707906,0.3830409356725146,0.33333333333333326,0.3084795321637427,-1.0,14,"(6, 4)",89594
"woe_enc,mean_imp,no_sel,norm_scale,no_samp",0.18890814558058924,0.6146788990825688,0.757841292244962,0.30415263748597077,0.35856573705179284,0.5292397660818713,0.45699831365935917,0.3465870961556897,-1.0,14,"(6, 4)",89594
"woe_enc,mean_imp,no_sel,no_samp,norm_scale",0.18890814558058924,0.6146788990825688,0.757841292244962,0.30415263748597077,0.35856573705179284,0.5292397660818713,0.45699831365935917,0.3465870961556897,-1.0,14,"(6, 4)",89594
"woe_enc,most_freq_imp,norm_scale,no_samp,no_sel",0.18890814558058924,0.6146788990825688,0.757841292244962,0.30527497194163866,0.36,0.5321637426900585,0.45945945945945954,0.34804908445978333,-1.0,14,"(6, 4)",89594
"woe_enc,most_freq_imp,no_sel,norm_scale,no_samp",0.18890814558058924,0.6146788990825688,0.757841292244962,0.30527497194163866,0.36,0.5321637426900585,0.45945945945945954,0.34804908445978333,-1.0,14,"(6, 4)",89594
"woe_enc,mean_imp,norm_scale,no_samp,no_sel",0.18890814558058924,0.6146788990825688,0.757841292244962,0.30415263748597077,0.35856573705179284,0.5292397660818713,0.45699831365935917,0.3465870961556897,-1.0,14,"(6, 4)",89594
"woe_enc,mean_imp,norm_scale,over_samp,no_sel",0.29457364341085274,0.4858757062146893,0.6974141677531508,0.3087431693989071,0.28830645161290325,0.3570127504553734,0.32440191387559814,0.3087431693989071,-1.0,14,"(6, 4)",89594
"woe_enc,mean_imp,no_scale,no_samp,no_sel",0.823002792833567,0.6990195692404615,1.3663984866193788,0.17845117845117842,0.22356495468277948,0.2485380116959064,0.23625557206537884,0.1916642699645288,0.09006029243049284,14,"(6, 4)",89594
"woe_enc,mean_imp,no_sel,no_samp,norm_scale",0.18890814558058924,0.6146788990825688,0.757841292244962,0.30415263748597077,0.35856573705179284,0.5292397660818713,0.45699831365935917,0.3465870961556897,-1.0,15,"(6, 4)",89594
"woe_enc,mean_imp,no_sel,norm_scale,no_samp",0.18890814558058924,0.6146788990825688,0.757841292244962,0.30415263748597077,0.35856573705179284,0.5292397660818713,0.45699831365935917,0.3465870961556897,-1.0,15,"(6, 4)",89594
"woe_enc,mean_imp,under_samp,no_sel,norm_scale",0.2989949748743719,0.47706422018348627,0.6915970921558046,0.32309941520467833,0.3003300330033003,0.3801169590643275,0.3426356589147286,0.32309941520467844,-1.0,15,"(6, 4)",89594
"woe_enc,mean_imp,no_samp,no_sel,norm_scale",0.18890814558058924,0.6146788990825688,0.757841292244962,0.30415263748597077,0.35856573705179284,0.5292397660818713,0.45699831365935917,0.3465870961556897,-1.0,15,"(6, 4)",89594
"woe_enc,most_freq_imp,no_sel,norm_scale,no_samp",0.18890814558058924,0.6146788990825688,0.757841292244962,0.30527497194163866,0.36,0.5321637426900585,0.45945945945945954,0.34804908445978333,-1.0,15,"(6, 4)",89594
"woe_enc,mean_imp,norm_scale,no_samp,no_sel",0.18890814558058924,0.6146788990825688,0.757841292244962,0.30415263748597077,0.35856573705179284,0.5292397660818713,0.45699831365935917,0.3465870961556897,-1.0,15,"(6, 4)",89594
"woe_enc,mean_imp,norm_scale,no_sel,no_samp",0.18890814558058924,0.6146788990825688,0.757841292244962,0.30415263748597077,0.35856573705179284,0.5292397660818713,0.45699831365935917,0.3465870961556897,-1.0,15,"(6, 4)",89594
"woe_enc,mean_imp,no_sel,under_samp,norm_scale",0.31,0.47706422018348627,0.7073047700116649,0.3201754385964912,0.29568106312292364,0.3801169590643275,0.3405909797822707,0.32017543859649134,-1.0,15,"(6, 4)",89594
"woe_enc,most_freq_imp,norm_scale,no_samp,no_sel",0.18890814558058924,0.6146788990825688,0.757841292244962,0.30527497194163866,0.36,0.5321637426900585,0.45945945945945954,0.34804908445978333,-1.0,15,"(6, 4)",89594
"loo_enc,most_freq_imp,norm_scale,no_samp,no_sel",0.2045060658578856,0.5871559633027523,0.7431388692856583,0.31200897867564537,0.3709677419354839,0.543859649122807,0.4711864406779661,0.3557185313009299,-1.0,15,"(6, 4)",89594
"woe_enc,mean_imp,norm_scale,no_sel,no_samp",0.18890814558058924,0.6146788990825688,0.757841292244962,0.30415263748597077,0.35856573705179284,0.5292397660818713,0.45699831365935917,0.3465870961556897,-1.0,16,"(6, 4)",89594
"woe_enc,mean_imp,norm_scale,no_samp,no_sel",0.18890814558058924,0.6146788990825688,0.757841292244962,0.30415263748597077,0.35856573705179284,0.5292397660818713,0.45699831365935917,0.3465870961556897,-1.0,16,"(6, 4)",89594
"woe_enc,most_freq_imp,norm_scale,no_samp,no_sel",0.18890814558058924,0.6146788990825688,0.757841292244962,0.30527497194163866,0.36,0.5321637426900585,0.45945945945945954,0.34804908445978333,-1.0,16,"(6, 4)",89594
"woe_enc,most_freq_imp,no_sel,norm_scale,no_samp",0.18890814558058924,0.6146788990825688,0.757841292244962,0.30527497194163866,0.36,0.5321637426900585,0.45945945945945954,0.34804908445978333,-1.0,16,"(6, 4)",89594
"woe_enc,mean_imp,no_sel,no_samp,norm_scale",0.18890814558058924,0.6146788990825688,0.757841292244962,0.30415263748597077,0.35856573705179284,0.5292397660818713,0.45699831365935917,0.3465870961556897,-1.0,16,"(6, 4)",89594
"woe_enc,mean_imp,no_sel,norm_scale,no_samp",0.18890814558058924,0.6146788990825688,0.757841292244962,0.30415263748597077,0.35856573705179284,0.5292397660818713,0.45699831365935917,0.3465870961556897,-1.0,16,"(6, 4)",89594
"woe_enc,mean_imp,no_samp,no_sel,norm_scale",0.18890814558058924,0.6146788990825688,0.757841292244962,0.30415263748597077,0.35856573705179284,0.5292397660818713,0.45699831365935917,0.3465870961556897,-1.0,16,"(6, 4)",89594
"count_enc,most_freq_imp,norm_scale,no_samp,no_sel",0.11785095320623917,0.7247706422018348,0.8059672233984161,0.2828282828282829,0.2727272727272727,0.5789473684210527,0.4666666666666667,0.33865401207937884,-1.0,16,"(6, 4)",89594
"woe_enc,mean_imp,under_samp,no_sel,norm_scale",0.3094059405940594,0.47706422018348627,0.7075726947597575,0.3201754385964912,0.29836065573770487,0.3742690058479532,0.33848531684698613,0.3201754385964912,-1.0,16,"(6, 4)",89594
"woe_enc,mean_imp,no_sel,under_samp,norm_scale",0.29219143576826195,0.47706422018348627,0.6819253312945974,0.3157894736842105,0.28716216216216217,0.3830409356725146,0.3385579937304075,0.3157894736842105,-1.0,16,"(6, 4)",89594
"woe_enc,mean_imp,no_sel,norm_scale,no_samp",0.18890814558058924,0.6146788990825688,0.757841292244962,0.30415263748597077,0.35856573705179284,0.5292397660818713,0.45699831365935917,0.3465870961556897,-1.0,17,"(6, 4)",89594
"woe_enc,mean_imp,no_sel,no_samp,norm_scale",0.18890814558058924,0.6146788990825688,0.757841292244962,0.30415263748597077,0.35856573705179284,0.5292397660818713,0.45699831365935917,0.3465870961556897,-1.0,17,"(6, 4)",89594
"woe_enc,mean_imp,no_samp,no_sel,norm_scale",0.18890814558058924,0.6146788990825688,0.757841292244962,0.30415263748597077,0.35856573705179284,0.5292397660818713,0.45699831365935917,0.3465870961556897,-1.0,17,"(6, 4)",89594
"woe_enc,mean_imp,norm_scale,no_sel,no_samp",0.18890814558058924,0.6146788990825688,0.757841292244962,0.30415263748597077,0.35856573705179284,0.5292397660818713,0.45699831365935917,0.3465870961556897,-1.0,17,"(6, 4)",89594
"woe_enc,mean_imp,norm_scale,no_samp,no_sel",0.18890814558058924,0.6146788990825688,0.757841292244962,0.30415263748597077,0.35856573705179284,0.5292397660818713,0.45699831365935917,0.3465870961556897,-1.0,17,"(6, 4)",89594
"woe_enc,most_freq_imp,k_best_sel,norm_scale,no_samp",0.18890814558058924,0.6146788990825688,0.757841292244962,0.30639730639730645,0.3647058823529412,0.5263157894736843,0.457286432160804,0.3478573482887547,-1.0,17,"(6, 4)",89594
"count_enc,most_freq_imp,norm_scale,no_samp,no_sel",0.11785095320623917,0.7247706422018348,0.8059672233984161,0.2828282828282829,0.2727272727272727,0.5789473684210527,0.4666666666666667,0.33865401207937884,-1.0,17,"(6, 4)",89594
"woe_enc,mean_imp,no_sel,no_scale,no_samp",0.823002792833567,0.6990195692404615,1.3663984866193788,0.17845117845117842,0.22356495468277948,0.2485380116959064,0.23625557206537884,0.1916642699645288,0.09006029243049284,17,"(6, 4)",89594
"woe_enc,most_freq_imp,norm_scale,no_samp,no_sel",0.18890814558058924,0.6146788990825688,0.757841292244962,0.30527497194163866,0.36,0.5321637426900585,0.45945945945945954,0.34804908445978333,-1.0,17,"(6, 4)",89594
"woe_enc,mean_imp,no_sel,under_samp,norm_scale",0.2975,0.47706422018348627,0.6901226394274725,0.314327485380117,0.2876254180602007,0.3771929824561403,0.33541341653666146,0.314327485380117,-1.0,17,"(6, 4)",89594
"count_enc,mean_imp,no_sel,norm_scale,no_samp",0.11785095320623917,0.7247706422018348,0.8059672233984161,0.2828282828282829,0.2727272727272727,0.5789473684210527,0.4666666666666667,0.33865401207937884,-1.0,18,"(6, 4)",89594
"woe_enc,most_freq_imp,norm_scale,no_samp,no_sel",0.18890814558058924,0.6146788990825688,0.757841292244962,0.30527497194163866,0.36,0.5321637426900585,0.45945945945945954,0.34804908445978333,-1.0,18,"(6, 4)",89594
"woe_enc,mean_imp,norm_scale,no_samp,no_sel",0.18890814558058924,0.6146788990825688,0.757841292244962,0.30415263748597077,0.35856573705179284,0.5292397660818713,0.45699831365935917,0.3465870961556897,-1.0,18,"(6, 4)",89594
"woe_enc,most_freq_imp,no_samp,no_sel,norm_scale",0.18890814558058924,0.6146788990825688,0.757841292244962,0.30527497194163866,0.36,0.5321637426900585,0.45945945945945954,0.34804908445978333,-1.0,18,"(6, 4)",89594
"woe_enc,mean_imp,no_sel,no_samp,norm_scale",0.18890814558058924,0.6146788990825688,0.757841292244962,0.30415263748597077,0.35856573705179284,0.5292397660818713,0.45699831365935917,0.3465870961556897,-1.0,18,"(6, 4)",89594
"woe_enc,mean_imp,no_sel,norm_scale,no_samp",0.18890814558058924,0.6146788990825688,0.757841292244962,0.30415263748597077,0.35856573705179284,0.5292397660818713,0.45699831365935917,0.3465870961556897,-1.0,18,"(6, 4)",89594
"woe_enc,mean_imp,no_samp,no_sel,norm_scale",0.18890814558058924,0.6146788990825688,0.757841292244962,0.30415263748597077,0.35856573705179284,0.5292397660818713,0.45699831365935917,0.3465870961556897,-1.0,18,"(6, 4)",89594
"woe_enc,mean_imp,norm_scale,no_sel,no_samp",0.18890814558058924,0.6146788990825688,0.757841292244962,0.30415263748597077,0.35856573705179284,0.5292397660818713,0.45699831365935917,0.3465870961556897,-1.0,18,"(6, 4)",89594
"count_enc,most_freq_imp,norm_scale,no_samp,no_sel",0.11785095320623917,0.7247706422018348,0.8059672233984161,0.2828282828282829,0.2727272727272727,0.5789473684210527,0.4666666666666667,0.33865401207937884,-1.0,18,"(6, 4)",89594
"woe_enc,mean_imp,no_sel,under_samp,norm_scale",0.2885572139303483,0.47706422018348627,0.6784294078967968,0.3114035087719298,0.28428093645484953,0.3742690058479532,0.3322932917316693,0.3114035087719298,-1.0,18,"(6, 4)",89594
"woe_enc,mean_imp,no_sel,no_samp,norm_scale",0.18890814558058924,0.6146788990825688,0.757841292244962,0.30415263748597077,0.35856573705179284,0.5292397660818713,0.45699831365935917,0.3465870961556897,-1.0,19,"(6, 4)",89594
"woe_enc,mean_imp,no_samp,no_sel,norm_scale",0.18890814558058924,0.6146788990825688,0.757841292244962,0.30415263748597077,0.35856573705179284,0.5292397660818713,0.45699831365935917,0.3465870961556897,-1.0,19,"(6, 4)",89594
"woe_enc,mean_imp,norm_scale,no_samp,no_sel",0.18890814558058924,0.6146788990825688,0.757841292244962,0.30415263748597077,0.35856573705179284,0.5292397660818713,0.45699831365935917,0.3465870961556897,-1.0,19,"(6, 4)",89594
"woe_enc,mean_imp,no_sel,norm_scale,no_samp",0.18890814558058924,0.6146788990825688,0.757841292244962,0.30415263748597077,0.35856573705179284,0.5292397660818713,0.45699831365935917,0.3465870961556897,-1.0,19,"(6, 4)",89594
"woe_enc,mean_imp,no_sel,under_samp,norm_scale",0.30198019801980197,0.48623853211009177,0.7099673456694138,0.3172514619883041,0.29096989966555187,0.3801169590643275,0.3385335413416536,0.31725146198830423,-1.0,19,"(6, 4)",89594
"count_enc,mean_imp,no_sel,norm_scale,no_samp",0.11785095320623917,0.7247706422018348,0.8059672233984161,0.2828282828282829,0.2727272727272727,0.5789473684210527,0.4666666666666667,0.33865401207937884,-1.0,19,"(6, 4)",89594
"count_enc,most_freq_imp,norm_scale,no_samp,no_sel",0.11785095320623917,0.7247706422018348,0.8059672233984161,0.2828282828282829,0.2727272727272727,0.5789473684210527,0.4666666666666667,0.33865401207937884,-1.0,19,"(6, 4)",89594
"loo_enc,mean_imp,no_sel,norm_scale,no_samp",0.19584055459272098,0.6055045871559633,0.7550772367286129,0.31200897867564537,0.3677685950413223,0.5526315789473684,0.476027397260274,0.35737225577605214,-1.0,19,"(6, 4)",89594
"woe_enc,most_freq_imp,norm_scale,no_samp,no_sel",0.18890814558058924,0.6146788990825688,0.757841292244962,0.30527497194163866,0.36,0.5321637426900585,0.45945945945945954,0.34804908445978333,-1.0,19,"(6, 4)",89594
"woe_enc,mean_imp,norm_scale,no_sel,no_samp",0.18890814558058924,0.6146788990825688,0.757841292244962,0.30415263748597077,0.35856573705179284,0.5292397660818713,0.45699831365935917,0.3465870961556897,-1.0,19,"(6, 4)",89594
"woe_enc,mean_imp,no_sel,no_samp,norm_scale",0.18890814558058924,0.6146788990825688,0.757841292244962,0.30415263748597077,0.35856573705179284,0.5292397660818713,0.45699831365935917,0.3465870961556897,-1.0,20,"(6, 4)",89594
"woe_enc,mean_imp,no_samp,no_sel,norm_scale",0.18890814558058924,0.6146788990825688,0.757841292244962,0.30415263748597077,0.35856573705179284,0.5292397660818713,0.45699831365935917,0.3465870961556897,-1.0,20,"(6, 4)",89594
"woe_enc,most_freq_imp,norm_scale,no_samp,no_sel",0.18890814558058924,0.6146788990825688,0.757841292244962,0.30527497194163866,0.36,0.5321637426900585,0.45945945945945954,0.34804908445978333,-1.0,20,"(6, 4)",89594
"count_enc,mean_imp,no_sel,no_samp,norm_scale",0.11785095320623917,0.7247706422018348,0.8059672233984161,0.2828282828282829,0.2727272727272727,0.5789473684210527,0.4666666666666667,0.33865401207937884,-1.0,20,"(6, 4)",89594
"woe_enc,mean_imp,norm_scale,no_sel,no_samp",0.18890814558058924,0.6146788990825688,0.757841292244962,0.30415263748597077,0.35856573705179284,0.5292397660818713,0.45699831365935917,0.3465870961556897,-1.0,20,"(6, 4)",89594
"woe_enc,mean_imp,no_sel,norm_scale,no_samp",0.18890814558058924,0.6146788990825688,0.757841292244962,0.30415263748597077,0.35856573705179284,0.5292397660818713,0.45699831365935917,0.3465870961556897,-1.0,20,"(6, 4)",89594
"count_enc,mean_imp,no_sel,norm_scale,no_samp",0.11785095320623917,0.7247706422018348,0.8059672233984161,0.2828282828282829,0.2727272727272727,0.5789473684210527,0.4666666666666667,0.33865401207937884,-1.0,20,"(6, 4)",89594
"loo_enc,mean_imp,no_sel,norm_scale,no_samp",0.19584055459272098,0.6055045871559633,0.7550772367286129,0.31200897867564537,0.3677685950413223,0.5526315789473684,0.476027397260274,0.35737225577605214,-1.0,20,"(6, 4)",89594
"woe_enc,mean_imp,no_sel,over_samp,norm_scale",0.2904238618524333,0.4911242603550296,0.7026627218934911,0.30236794171220405,0.2859960552268245,0.34061930783242256,0.31439393939393934,0.30236794171220394,-1.0,20,"(6, 4)",89594
"woe_enc,mean_imp,no_sel,norm_scale,under_samp",0.28428927680798005,0.47706422018348627,0.6722696996355411,0.3055555555555556,0.273037542662116,0.3771929824561403,0.3291338582677166,0.3055555555555556,-1.0,20,"(6, 4)",89594
"loo_enc,median_imp,min_max_scale,no_samp,k_best_sel",0.903983927408405,0.8495097846202307,1.6655116839554633,0.19753086419753085,0.24382716049382713,0.283625730994152,0.2642642642642641,0.21376186367558248,0.04748002279785514,0,"(7, 3)",89594
"onehot_enc,median_imp,k_best_sel,over_samp,quant_scale",0.8232484076433121,0.6375,1.5242521367521367,0.21493624772313302,0.23063683304647165,0.18579234972677594,0.20884955752212397,0.2149362477231329,0.1767515923566879,0,"(7, 3)",89594
"target_enc,most_freq_imp,under_samp,no_sel,min_max_scale",0.8387096774193549,0.5963302752293578,1.5249017038007864,0.19590643274853803,0.19942196531791911,0.1900584795321637,0.19476744186046513,0.19590643274853792,0.16129032258064516,0,"(7, 3)",89594
"ordinal_enc,median_imp,no_sel,min_max_scale,no_samp",0.8782247292717659,0.8415167145725873,1.6140713204605266,0.20314253647586977,0.24764890282131657,0.29824561403508776,0.27382753403933435,0.2210718051960502,0.052362319617407255,0,"(7, 3)",89594
"loo_enc,mean_imp,no_sel,over_samp,quant_scale",0.8480948862107833,0.6863905325443787,1.5740923369128497,0.21493624772313302,0.21699819168173595,0.21129326047358832,0.21415607985480933,0.21493624772313302,0.14820971123492133,0,"(7, 3)",89594
"woe_enc,median_imp,no_sel,max_abs_scale,no_samp",0.8631897912550089,0.7761152892073867,1.4831428295682603,0.17732884399551063,0.2142857142857143,0.26023391812865493,0.23795180722891562,0.1929584891189723,0.0621398115776028,0,"(7, 3)",89594
"woe_enc,mean_imp,no_sel,under_samp,norm_scale",0.2964824120603015,0.4954128440366973,0.7134059236214724,0.33040935672514615,0.3079470198675497,0.38888888888888884,0.3509316770186335,0.33040935672514615,-1.0,0,"(7, 3)",89594
"woe_enc,most_freq_imp,max_abs_scale,k_best_sel,no_samp",0.8953184161432404,0.7895814466275545,1.5975111712239456,0.18518518518518523,0.23100303951367784,0.26023391812865493,0.24590163934426224,0.19933371680567524,0.05661079641282728,0,"(7, 3)",89594
"ordinal_enc,most_freq_imp,under_samp,no_sel,norm_scale",0.30904522613065327,0.45871559633027525,0.680168883527507,0.33040935672514615,0.2972027972027972,0.4122807017543859,0.3598726114649681,0.33040935672514615,-1.0,0,"(7, 3)",89594
"loo_enc,median_imp,k_best_sel,no_scale,over_samp",0.7791565500496633,0.5504214062592091,1.3593007984719345,0.20765027322404372,0.21693121693121697,0.1912568306010929,0.20430107526881724,0.20765027322404372,0.20648111723052717,0,"(7, 3)",89594
"onehot_enc,median_imp,k_best_sel,no_scale,over_samp",0.8440944881889764,0.7125748502994012,1.6036004913250421,0.22859744990892528,0.23487544483985767,0.21675774134790526,0.22592259225922584,0.22859744990892528,0.15590551181102363,1,"(7, 3)",89594
"loo_enc,median_imp,k_best_sel,over_samp,quant_scale",0.8581331877729257,0.686046511627907,1.588705580953643,0.2103825136612022,0.20772058823529416,0.21493624772313302,0.21134492223238788,0.2103825136612022,0.1381030701754386,1,"(7, 3)",89594
"woe_enc,mean_imp,no_sel,max_abs_scale,no_samp",0.8631897912550089,0.7761152892073867,1.4831428295682603,0.17732884399551063,0.2142857142857143,0.26023391812865493,0.23795180722891562,0.1929584891189723,0.0621398115776028,1,"(7, 3)",89594
"loo_enc,median_imp,no_sel,over_samp,quant_scale",0.8283792802505261,0.6865773646801531,1.5427027208055093,0.22859744990892528,0.2310469314079422,0.22404371584699456,0.22756119673617403,0.2285974499089254,0.16424094887864507,1,"(7, 3)",89594
"ordinal_enc,median_imp,min_max_scale,no_samp,k_best_sel",0.8921337027674442,0.8317517817065008,1.6515523515070707,0.20426487093153756,0.25609756097560976,0.2865497076023392,0.27164179104477615,0.2197775860416068,0.05680140515495801,1,"(7, 3)",89594
"loo_enc,most_freq_imp,under_samp,no_sel,norm_scale",0.3341645885286783,0.44036697247706424,0.6903669724770642,0.3464912280701754,0.32441471571906355,0.4093567251461988,0.36973478939157556,0.3464912280701755,-1.0,1,"(7, 3)",89594
"ordinal_enc,most_freq_imp,under_samp,no_sel,norm_scale",0.31,0.45871559633027525,0.682083293924777,0.33479532163742687,0.30716723549488056,0.4064327485380117,0.3606299212598424,0.33479532163742687,-1.0,1,"(7, 3)",89594
"loo_enc,median_imp,k_best_sel,no_scale,over_samp",0.8043808180050588,0.608063558063558,1.4276267109600442,0.21129326047358832,0.21338155515370705,0.20765027322404372,0.21052631578947367,0.21129326047358832,0.18089367502917356,1,"(7, 3)",89594
"loo_enc,mean_imp,no_sel,over_samp,quant_scale",0.8248496058695749,0.6657908959884699,1.5079086547728953,0.2213114754098361,0.22080291970802923,0.2222222222222222,0.2215132178669098,0.22131147540983598,0.1639786161728236,1,"(7, 3)",89594
"woe_enc,mean_imp,no_sel,under_samp,norm_scale",0.3025,0.47706422018348627,0.6969954916611495,0.3201754385964912,0.29702970297029707,0.3771929824561403,0.3395348837209303,0.3201754385964911,-1.0,1,"(7, 3)",89594
"loo_enc,mean_imp,no_sel,over_samp,quant_scale",0.8237786572052401,0.6717660847572635,1.497264660255839,0.21766848816029138,0.22021660649819497,0.21311475409836067,0.21668177697189483,0.2176684881602915,0.16343542128603106,2,"(7, 3)",89594
"loo_enc,median_imp,no_sel,over_samp,quant_scale",0.8503206877729257,0.6950218987107519,1.5950693820915687,0.22040072859744986,0.22040072859744986,0.22040072859744986,0.22040072859744986,0.22040072859744986,0.1459498355263158,2,"(7, 3)",89594
"ordinal_enc,most_freq_imp,no_sel,under_samp,norm_scale",0.3111111111111111,0.46788990825688076,0.6976196379866105,0.32456140350877194,0.2902097902097902,0.4064327485380117,0.35350318471337583,0.32456140350877194,-1.0,2,"(7, 3)",89594
"woe_enc,mean_imp,no_sel,max_abs_scale,no_samp",0.8631897912550089,0.7761152892073867,1.4831428295682603,0.17732884399551063,0.2142857142857143,0.26023391812865493,0.23795180722891562,0.1929584891189723,0.0621398115776028,2,"(7, 3)",89594
"ordinal_enc,most_freq_imp,under_samp,no_sel,norm_scale",0.3189873417721519,0.46788990825688076,0.7056521460191185,0.3421052631578947,0.31756756756756754,0.4093567251461988,0.36677115987460807,0.3421052631578948,-1.0,2,"(7, 3)",89594
"loo_enc,median_imp,k_best_sel,no_scale,over_samp",0.8184779450720352,0.6175095492742552,1.449893214991254,0.2030965391621129,0.20363636363636362,0.20218579234972678,0.20291173794358497,0.203096539162113,0.16500568383906716,2,"(7, 3)",89594
"woe_enc,mean_imp,norm_scale,under_samp,no_sel",0.31343283582089554,0.47706422018348627,0.7125591007295613,0.32602339181286555,0.30618892508143325,0.3771929824561403,0.3436055469953775,0.32602339181286555,-1.0,2,"(7, 3)",89594
"loo_enc,median_imp,over_samp,k_best_sel,quant_scale",0.8510169076206813,0.6845238095238095,1.5764991181657848,0.21220400728597455,0.21376811594202894,0.20947176684881608,0.21162579473206178,0.21220400728597455,0.14528301886792452,2,"(7, 3)",89594
"woe_enc,mean_imp,no_sel,under_samp,norm_scale",0.30864197530864196,0.47706422018348627,0.706793949913216,0.3187134502923976,0.2987012987012987,0.368421052631579,0.3353846153846154,0.3187134502923977,-1.0,2,"(7, 3)",89594
"loo_enc,most_freq_imp,under_samp,no_sel,norm_scale",0.32169576059850374,0.42201834862385323,0.6480457458841272,0.32748538011695905,0.29655172413793107,0.4035087719298246,0.35443037974683556,0.32748538011695905,-1.0,2,"(7, 3)",89594
"woe_enc,mean_imp,no_sel,under_samp,norm_scale",0.3082706766917293,0.47706422018348627,0.704650427080038,0.3172514619883041,0.292358803986711,0.3771929824561403,0.33748055987558323,0.3172514619883041,-1.0,3,"(7, 3)",89594
"woe_enc,mean_imp,norm_scale,under_samp,no_sel",0.2942643391521197,0.47706422018348627,0.6859683297725274,0.32163742690058483,0.2953020134228188,0.38596491228070173,0.3437500000000001,0.32163742690058483,-1.0,3,"(7, 3)",89594
"loo_enc,median_imp,no_scale,over_samp,k_best_sel",0.8414461889498561,0.6559391827684511,1.4887976822936173,0.19489981785063748,0.19266055045871555,0.19854280510018218,0.19561243144424123,0.1948998178506376,0.14198266072071572,3,"(7, 3)",89594
"woe_enc,mean_imp,no_sel,norm_scale,under_samp",0.30982367758186397,0.47706422018348627,0.7062308868501529,0.32602339181286555,0.30491803278688523,0.3801169590643275,0.3446676970633695,0.32602339181286544,-1.0,3,"(7, 3)",89594
"loo_enc,mean_imp,under_samp,no_sel,norm_scale",0.32754342431761785,0.44036697247706424,0.68186357111652,0.3377192982456141,0.31058020477815695,0.4093567251461988,0.36377952755905507,0.3377192982456141,-1.0,3,"(7, 3)",89594
"loo_enc,most_freq_imp,no_sel,over_samp,quant_scale",0.8689547581903276,0.7572254335260116,1.6674818437824217,0.23132969034608375,0.22735674676524953,0.23861566484517305,0.23302752293577988,0.23132969034608375,0.1310452418096724,3,"(7, 3)",89594
"ordinal_enc,most_freq_imp,no_sel,under_samp,norm_scale",0.30402010050251255,0.45871559633027525,0.6732484683025937,0.32894736842105265,0.2961672473867596,0.4093567251461988,0.35771065182829886,0.32894736842105254,-1.0,3,"(7, 3)",89594
"loo_enc,mean_imp,no_sel,over_samp,quant_scale",0.8058124128912366,0.6324324324324324,1.4515207515207516,0.22040072859744986,0.22441651705565535,0.21311475409836067,0.21880650994575046,0.22040072859744997,0.1831742056113888,3,"(7, 3)",89594
"loo_enc,most_freq_imp,under_samp,no_sel,norm_scale",0.32169576059850374,0.43119266055045874,0.6606447153449793,0.33040935672514615,0.30000000000000004,0.4064327485380117,0.3575949367088608,0.33040935672514626,-1.0,3,"(7, 3)",89594
"loo_enc,median_imp,over_samp,k_best_sel,quant_scale",0.8310077519379845,0.6497175141242938,1.5492901636969434,0.2213114754098361,0.22775800711743777,0.20947176684881608,0.21872187218721884,0.2213114754098362,0.16899224806201552,3,"(7, 3)",89594
"loo_enc,mean_imp,no_sel,norm_scale,under_samp",0.345,0.43119266055045874,0.6923610454301838,0.347953216374269,0.32781456953642385,0.4064327485380117,0.3695652173913043,0.347953216374269,-1.0,4,"(7, 3)",89594
"woe_enc,mean_imp,under_samp,no_sel,norm_scale",0.3054187192118227,0.47706422018348627,0.7026534457727118,0.3187134502923976,0.2987012987012987,0.368421052631579,0.3353846153846154,0.3187134502923977,-1.0,4,"(7, 3)",89594
"woe_enc,mean_imp,no_sel,under_samp,norm_scale",0.30808080808080807,0.47706422018348627,0.7035450564204201,0.3201754385964912,0.2996742671009772,0.3713450292397661,0.33744221879815106,0.3201754385964912,-1.0,4,"(7, 3)",89594
"woe_enc,mean_imp,norm_scale,under_samp,no_sel",0.2907268170426065,0.5045871559633027,0.7183802594115786,0.33187134502923976,0.3076923076923077,0.39473684210526316,0.3541341653666147,0.33187134502923976,-1.0,4,"(7, 3)",89594
"woe_enc,most_freq_imp,norm_scale,under_samp,no_sel",0.31565656565656564,0.47706422018348627,0.713998018092894,0.33187134502923976,0.31974921630094044,0.36549707602339176,0.3434190620272315,0.33187134502923976,-1.0,4,"(7, 3)",89594
"ordinal_enc,mean_imp,no_sel,under_samp,norm_scale",0.33248081841432225,0.45871559633027525,0.7104886459756653,0.3494152046783626,0.3289036544850499,0.4093567251461988,0.3716951788491447,0.3494152046783626,-1.0,4,"(7, 3)",89594
"loo_enc,median_imp,no_scale,over_samp,k_best_sel",0.8012029890385988,0.5842762267863731,1.3855582780684244,0.19763205828779595,0.20250896057347667,0.18943533697632053,0.1960252935862692,0.19763205828779595,0.1790363991241264,4,"(7, 3)",89594
"woe_enc,mean_imp,no_sel,norm_scale,under_samp",0.2982456140350877,0.4954128440366973,0.7161024992091111,0.32309941520467833,0.3003300330033003,0.3801169590643275,0.3426356589147286,0.32309941520467844,-1.0,4,"(7, 3)",89594
"loo_enc,mean_imp,under_samp,no_sel,norm_scale",0.34,0.42201834862385323,0.6728774551530629,0.33479532163742687,0.3097643097643098,0.4005847953216374,0.3583724569640062,0.33479532163742676,-1.0,4,"(7, 3)",89594
"ordinal_enc,most_freq_imp,no_sel,under_samp,norm_scale",0.2925,0.45871559633027525,0.6580283111069076,0.3172514619883041,0.2743682310469314,0.4122807017543859,0.35056542810985447,0.3172514619883041,-1.0,4,"(7, 3)",89594
"ordinal_enc,most_freq_imp,no_sel,under_samp,norm_scale",0.314214463840399,0.44954128440366975,0.6755686816639437,0.32894736842105265,0.3003412969283277,0.4005847953216374,0.35433070866141736,0.32894736842105254,-1.0,5,"(7, 3)",89594
"ordinal_enc,mean_imp,no_sel,under_samp,norm_scale",0.3249370277078086,0.45871559633027525,0.7017711518858308,0.3377192982456141,0.311864406779661,0.4064327485380117,0.3626373626373627,0.3377192982456141,-1.0,5,"(7, 3)",89594
"woe_enc,mean_imp,no_sel,under_samp,norm_scale",0.29802955665024633,0.47706422018348627,0.6925524356717018,0.3114035087719298,0.2828282828282829,0.3771929824561403,0.33333333333333326,0.3114035087719298,-1.0,5,"(7, 3)",89594
"woe_enc,mean_imp,norm_scale,under_samp,no_sel",0.2969543147208122,0.47706422018348627,0.6875905359729599,0.32309941520467833,0.2990033222591362,0.3830409356725146,0.3437013996889581,0.32309941520467833,-1.0,5,"(7, 3)",89594
"woe_enc,mean_imp,under_samp,no_sel,norm_scale",0.30174563591022446,0.48623853211009177,0.7088412718361192,0.32602339181286555,0.3023255813953488,0.38596491228070173,0.34681181959564544,0.32602339181286544,-1.0,5,"(7, 3)",89594
"woe_enc,mean_imp,no_sel,norm_scale,no_samp",0.18890814558058924,0.6146788990825688,0.757841292244962,0.30415263748597077,0.35856573705179284,0.5292397660818713,0.45699831365935917,0.3465870961556897,-1.0,5,"(7, 3)",89594
"woe_enc,most_freq_imp,norm_scale,under_samp,no_sel",0.3009950248756219,0.46788990825688076,0.6829069731032972,0.3128654970760234,0.29220779220779225,0.36257309941520466,0.3292307692307692,0.3128654970760234,-1.0,5,"(7, 3)",89594
"woe_enc,mean_imp,no_sel,norm_scale,under_samp",0.3082706766917293,0.47706422018348627,0.704650427080038,0.3157894736842105,0.29000000000000004,0.3771929824561403,0.33644859813084105,0.3157894736842105,-1.0,5,"(7, 3)",89594
"loo_enc,mean_imp,under_samp,no_sel,norm_scale",0.33910891089108913,0.44954128440366975,0.7105582335562122,0.3538011695906432,0.33333333333333337,0.41520467836257313,0.3769470404984424,0.35380116959064334,-1.0,5,"(7, 3)",89594
"loo_enc,mean_imp,norm_scale,no_sel,over_samp",0.31968503937007875,0.46706586826347307,0.7106556118532167,0.33970856102003644,0.3158995815899581,0.40437158469945356,0.3631937682570594,0.33970856102003644,-1.0,5,"(7, 3)",89594
"woe_enc,mean_imp,no_sel,under_samp,norm_scale",0.285,0.48623853211009177,0.6855512468867241,0.314327485380117,0.2832764505119454,0.38596491228070173,0.3385826771653544,0.3143274853801169,-1.0,6,"(7, 3)",89594
"woe_enc,mean_imp,under_samp,no_sel,norm_scale",0.3057644110275689,0.47706422018348627,0.701202151217969,0.3201754385964912,0.29836065573770487,0.3742690058479532,0.33848531684698613,0.3201754385964912,-1.0,6,"(7, 3)",89594
"woe_enc,mean_imp,no_sel,norm_scale,no_samp",0.18890814558058924,0.6146788990825688,0.757841292244962,0.30415263748597077,0.35856573705179284,0.5292397660818713,0.45699831365935917,0.3465870961556897,-1.0,6,"(7, 3)",89594
"woe_enc,most_freq_imp,norm_scale,under_samp,no_sel",0.30904522613065327,0.48623853211009177,0.7180724421446938,0.33040935672514615,0.3104575163398693,0.3830409356725146,0.3487654320987654,0.33040935672514615,-1.0,6,"(7, 3)",89594
"ordinal_enc,mean_imp,no_sel,norm_scale,under_samp",0.315,0.46788990825688076,0.701566884201898,0.3362573099415205,0.30952380952380953,0.4064327485380117,0.3616352201257862,0.3362573099415205,-1.0,6,"(7, 3)",89594
"loo_enc,mean_imp,norm_scale,no_sel,over_samp",0.33488372093023255,0.423728813559322,0.6673185571490656,0.33606557377049184,0.3132780082987552,0.39708561020036426,0.3579049466537342,0.33606557377049173,-1.0,6,"(7, 3)",89594
"woe_enc,mean_imp,no_sel,norm_scale,under_samp",0.285,0.47706422018348627,0.67294050884328,0.3114035087719298,0.2828282828282829,0.3771929824561403,0.33333333333333326,0.3114035087719298,-1.0,6,"(7, 3)",89594
"woe_enc,most_freq_imp,no_sel,norm_scale,under_samp",0.2807017543859649,0.48623853211009177,0.6793419803859538,0.3114035087719298,0.27835051546391754,0.38596491228070173,0.3364928909952606,0.3114035087719297,-1.0,6,"(7, 3)",89594
"ordinal_enc,mean_imp,no_sel,under_samp,norm_scale",0.3075,0.44954128440366975,0.6660361297644946,0.32602339181286555,0.2941176470588235,0.4035087719298246,0.3534072900158479,0.32602339181286544,-1.0,6,"(7, 3)",89594
"woe_enc,mean_imp,norm_scale,under_samp,no_sel",0.3135802469135803,0.4954128440366973,0.7386560872799406,0.33040935672514615,0.3141025641025641,0.3742690058479532,0.345565749235474,0.33040935672514615,-1.0,6,"(7, 3)",89594
"woe_enc,mean_imp,no_sel,norm_scale,under_samp",0.2903225806451613,0.47706422018348627,0.6811458528365475,0.3099415204678363,0.2833333333333333,0.3713450292397661,0.3302180685358256,0.3099415204678362,-1.0,7,"(7, 3)",89594
"woe_enc,mean_imp,no_samp,no_sel,norm_scale",0.18890814558058924,0.6146788990825688,0.757841292244962,0.30415263748597077,0.35856573705179284,0.5292397660818713,0.45699831365935917,0.3465870961556897,-1.0,7,"(7, 3)",89594
"woe_enc,mean_imp,no_sel,under_samp,norm_scale",0.30597014925373134,0.48623853211009177,0.714907474089614,0.32894736842105265,0.30944625407166126,0.3801169590643275,0.3466872110939908,0.32894736842105277,-1.0,7,"(7, 3)",89594
"woe_enc,mean_imp,norm_scale,no_samp,no_sel",0.18890814558058924,0.6146788990825688,0.757841292244962,0.30415263748597077,0.35856573705179284,0.5292397660818713,0.45699831365935917,0.3465870961556897,-1.0,7,"(7, 3)",89594
"woe_enc,most_freq_imp,no_sel,norm_scale,under_samp",0.291358024691358,0.48623853211009177,0.6956979915695513,0.3157894736842105,0.29276315789473684,0.3713450292397661,0.33436532507739936,0.3157894736842106,-1.0,7,"(7, 3)",89594
"woe_enc,mean_imp,under_samp,no_sel,norm_scale",0.28860759493670884,0.48623853211009177,0.6890357349072945,0.3187134502923976,0.2891156462585034,0.38888888888888884,0.3427672955974842,0.3187134502923976,-1.0,7,"(7, 3)",89594
"ordinal_enc,mean_imp,no_sel,under_samp,norm_scale",0.314214463840399,0.45871559633027525,0.6881676511247958,0.33333333333333337,0.30743243243243246,0.4005847953216374,0.3573667711598746,0.33333333333333326,-1.0,7,"(7, 3)",89594
"woe_enc,mean_imp,no_sel,norm_scale,no_samp",0.18890814558058924,0.6146788990825688,0.757841292244962,0.30415263748597077,0.35856573705179284,0.5292397660818713,0.45699831365935917,0.3465870961556897,-1.0,7,"(7, 3)",89594
"woe_enc,most_freq_imp,norm_scale,under_samp,no_sel",0.2892768079800499,0.47706422018348627,0.6791190147040342,0.3099415204678363,0.2818791946308725,0.3742690058479532,0.33124999999999993,0.3099415204678363,-1.0,7,"(7, 3)",89594
"woe_enc,mean_imp,no_sel,under_samp,max_abs_scale",0.834931798806479,0.6244438319486554,1.4513085748902437,0.1842105263157895,0.16871165644171782,0.20760233918128657,0.18862275449101795,0.1842105263157896,0.14334135141045265,7,"(7, 3)",89594
"woe_enc,mean_imp,no_samp,no_sel,norm_scale",0.18890814558058924,0.6146788990825688,0.757841292244962,0.30415263748597077,0.35856573705179284,0.5292397660818713,0.45699831365935917,0.3465870961556897,-1.0,8,"(7, 3)",89594
"woe_enc,most_freq_imp,no_sel,norm_scale,under_samp",0.3065326633165829,0.4954128440366973,0.7272467540712994,0.33479532163742687,0.3159609120521173,0.38596491228070173,0.35285053929121735,0.33479532163742687,-1.0,8,"(7, 3)",89594
"woe_enc,mean_imp,no_sel,under_samp,norm_scale",0.2864321608040201,0.47706422018348627,0.6742960540935209,0.3099415204678363,0.2773972602739726,0.3830409356725146,0.33438485804416407,0.3099415204678362,-1.0,8,"(7, 3)",89594
"woe_enc,mean_imp,no_sel,norm_scale,under_samp",0.286783042394015,0.45871559633027525,0.6504964182480835,0.3070175438596491,0.2755102040816326,0.3771929824561403,0.33018867924528295,0.3070175438596491,-1.0,8,"(7, 3)",89594
"woe_enc,mean_imp,no_sel,norm_scale,no_samp",0.18890814558058924,0.6146788990825688,0.757841292244962,0.30415263748597077,0.35856573705179284,0.5292397660818713,0.45699831365935917,0.3465870961556897,-1.0,8,"(7, 3)",89594
"woe_enc,mean_imp,norm_scale,no_samp,no_sel",0.18890814558058924,0.6146788990825688,0.757841292244962,0.30415263748597077,0.35856573705179284,0.5292397660818713,0.45699831365935917,0.3465870961556897,-1.0,8,"(7, 3)",89594
"ordinal_enc,mean_imp,no_sel,under_samp,norm_scale",0.3200992555831266,0.44036697247706424,0.671659489483867,0.33040935672514615,0.30536912751677847,0.39473684210526316,0.353125,0.33040935672514626,-1.0,8,"(7, 3)",89594
"woe_enc,mean_imp,under_samp,no_sel,norm_scale",0.30198019801980197,0.47706422018348627,0.6974032032343337,0.3172514619883041,0.292358803986711,0.3771929824561403,0.33748055987558323,0.3172514619883041,-1.0,8,"(7, 3)",89594
"woe_enc,most_freq_imp,norm_scale,under_samp,no_sel",0.2975,0.48623853211009177,0.7027333774709166,0.3187134502923976,0.29470198675496684,0.3771929824561403,0.33850931677018625,0.3187134502923977,-1.0,8,"(7, 3)",89594
"woe_enc,mean_imp,no_sel,under_samp,max_abs_scale",0.8071375411985682,0.5693979603890224,1.4185562095472717,0.19298245614035092,0.19476744186046513,0.1900584795321637,0.19241982507288635,0.19298245614035092,0.17807971995164115,8,"(7, 3)",89594
"woe_enc,mean_imp,norm_scale,no_samp,no_sel",0.18890814558058924,0.6146788990825688,0.757841292244962,0.30415263748597077,0.35856573705179284,0.5292397660818713,0.45699831365935917,0.3465870961556897,-1.0,9,"(7, 3)",89594
"woe_enc,mean_imp,no_samp,no_sel,norm_scale",0.18890814558058924,0.6146788990825688,0.757841292244962,0.30415263748597077,0.35856573705179284,0.5292397660818713,0.45699831365935917,0.3465870961556897,-1.0,9,"(7, 3)",89594
"woe_enc,most_freq_imp,norm_scale,under_samp,no_sel",0.30730478589420657,0.46788990825688076,0.6901121304791029,0.3172514619883041,0.2990353697749196,0.36257309941520466,0.332312404287902,0.3172514619883041,-1.0,9,"(7, 3)",89594
"woe_enc,mean_imp,no_sel,norm_scale,under_samp",0.28607594936708863,0.47706422018348627,0.6728684159876821,0.3201754385964912,0.29431438127090304,0.3830409356725146,0.34165366614664583,0.3201754385964912,-1.0,9,"(7, 3)",89594
"woe_enc,most_freq_imp,no_sel,norm_scale,under_samp",0.2864321608040201,0.47706422018348627,0.6742960540935209,0.314327485380117,0.2861952861952862,0.3801169590643275,0.33646322378716753,0.3143274853801169,-1.0,9,"(7, 3)",89594
"woe_enc,mean_imp,no_sel,norm_scale,no_samp",0.18890814558058924,0.6146788990825688,0.757841292244962,0.30415263748597077,0.35856573705179284,0.5292397660818713,0.45699831365935917,0.3465870961556897,-1.0,9,"(7, 3)",89594
"woe_enc,mean_imp,no_sel,under_samp,norm_scale",0.2972972972972973,0.47706422018348627,0.6918293208546272,0.3172514619883041,0.29096989966555187,0.3801169590643275,0.3385335413416536,0.31725146198830423,-1.0,9,"(7, 3)",89594
"ordinal_enc,mean_imp,no_sel,under_samp,norm_scale",0.30174563591022446,0.46788990825688076,0.683643332914415,0.32456140350877194,0.2872340425531915,0.4122807017543859,0.3557692307692307,0.32456140350877194,-1.0,9,"(7, 3)",89594
"woe_enc,mean_imp,under_samp,no_sel,norm_scale",0.295,0.47706422018348627,0.6866862133106341,0.3172514619883041,0.29096989966555187,0.3801169590643275,0.3385335413416536,0.31725146198830423,-1.0,9,"(7, 3)",89594
"woe_enc,mean_imp,no_sel,norm_scale,over_samp",0.2927215189873418,0.4695121951219512,0.6789139045236606,0.29872495446265934,0.28375733855185914,0.33333333333333337,0.309433962264151,0.29872495446265934,-1.0,9,"(7, 3)",89594
"woe_enc,most_freq_imp,no_sel,norm_scale,under_samp",0.31683168316831684,0.48623853211009177,0.7303063287202612,0.33040935672514615,0.3141025641025641,0.3742690058479532,0.345565749235474,0.33040935672514615,-1.0,10,"(7, 3)",89594
"woe_enc,most_freq_imp,norm_scale,under_samp,no_sel",0.2918781725888325,0.48623853211009177,0.6932560759697409,0.32309941520467833,0.29491525423728815,0.39181286549707606,0.34693877551020413,0.32309941520467833,-1.0,10,"(7, 3)",89594
"woe_enc,mean_imp,no_sel,norm_scale,under_samp",0.29802955665024633,0.47706422018348627,0.6925524356717018,0.3114035087719298,0.2857142857142857,0.3713450292397661,0.3312597200622084,0.3114035087719298,-1.0,10,"(7, 3)",89594
"woe_enc,mean_imp,no_sel,norm_scale,over_samp",0.28100470957613816,0.514792899408284,0.7220578566732413,0.29872495446265934,0.28205128205128205,0.33697632058287796,0.31060606060606066,0.29872495446265934,-1.0,10,"(7, 3)",89594
"woe_enc,mean_imp,norm_scale,no_samp,no_sel",0.18890814558058924,0.6146788990825688,0.757841292244962,0.30415263748597077,0.35856573705179284,0.5292397660818713,0.45699831365935917,0.3465870961556897,-1.0,10,"(7, 3)",89594
"woe_enc,mean_imp,no_sel,under_samp,norm_scale",0.2914572864321608,0.47706422018348627,0.6812164693184344,0.3187134502923976,0.2919463087248322,0.3830409356725146,0.34062499999999996,0.3187134502923977,-1.0,10,"(7, 3)",89594
"woe_enc,mean_imp,no_sel,norm_scale,no_samp",0.18890814558058924,0.6146788990825688,0.757841292244962,0.30415263748597077,0.35856573705179284,0.5292397660818713,0.45699831365935917,0.3465870961556897,-1.0,10,"(7, 3)",89594
"woe_enc,mean_imp,no_samp,no_sel,norm_scale",0.18890814558058924,0.6146788990825688,0.757841292244962,0.30415263748597077,0.35856573705179284,0.5292397660818713,0.45699831365935917,0.3465870961556897,-1.0,10,"(7, 3)",89594
"woe_enc,mean_imp,no_sel,quant_scale,over_samp",0.8387537663467213,0.7220899470899471,1.5642077058743724,0.23588342440801457,0.22744360902255634,0.2513661202185792,0.23959296947271036,0.23588342440801446,0.14967721618642732,10,"(7, 3)",89594
"woe_enc,mean_imp,under_samp,no_sel,norm_scale",0.29455445544554454,0.48623853211009177,0.6997978541439901,0.3187134502923976,0.29333333333333333,0.3801169590643275,0.33956386292834884,0.3187134502923977,-1.0,10,"(7, 3)",89594
"woe_enc,most_freq_imp,under_samp,no_sel,norm_scale",0.3123425692695214,0.47706422018348627,0.7097031090723751,0.32894736842105265,0.3142857142857143,0.368421052631579,0.34246575342465757,0.32894736842105265,-1.0,11,"(7, 3)",89594
"woe_enc,mean_imp,no_sel,norm_scale,no_samp",0.18890814558058924,0.6146788990825688,0.757841292244962,0.30415263748597077,0.35856573705179284,0.5292397660818713,0.45699831365935917,0.3465870961556897,-1.0,11,"(7, 3)",89594
"woe_enc,mean_imp,over_samp,no_sel,norm_scale",0.2978395061728395,0.4777777777777778,0.6893162393162393,0.31056466302367947,0.2928286852589641,0.3533697632058288,0.32445290199809707,0.3105646630236796,-1.0,11,"(7, 3)",89594
"woe_enc,mean_imp,no_sel,quant_scale,under_samp",0.8568155582774513,0.7155963302752294,1.6099798919190649,0.2222222222222222,0.21893491124260356,0.22807017543859653,0.22352941176470587,0.2222222222222222,0.14014608867901168,11,"(7, 3)",89594
"woe_enc,mean_imp,norm_scale,no_samp,no_sel",0.18890814558058924,0.6146788990825688,0.757841292244962,0.30415263748597077,0.35856573705179284,0.5292397660818713,0.45699831365935917,0.3465870961556897,-1.0,11,"(7, 3)",89594
"woe_enc,mean_imp,no_samp,no_sel,norm_scale",0.18890814558058924,0.6146788990825688,0.757841292244962,0.30415263748597077,0.35856573705179284,0.5292397660818713,0.45699831365935917,0.3465870961556897,-1.0,11,"(7, 3)",89594
"woe_enc,most_freq_imp,norm_scale,under_samp,no_sel",0.2938271604938272,0.47706422018348627,0.6865236796429457,0.3128654970760234,0.2866666666666666,0.3742690058479532,0.33333333333333337,0.3128654970760234,-1.0,11,"(7, 3)",89594
"woe_enc,mean_imp,no_sel,norm_scale,over_samp",0.2982998454404946,0.4860335195530726,0.7018454853650384,0.3087431693989071,0.29166666666666663,0.3497267759562842,0.32193732193732194,0.3087431693989071,-1.0,11,"(7, 3)",89594
"woe_enc,mean_imp,under_samp,no_sel,norm_scale",0.2962962962962963,0.47706422018348627,0.6899020580213241,0.3172514619883041,0.2895622895622896,0.3830409356725146,0.3395931142410016,0.3172514619883041,-1.0,11,"(7, 3)",89594
"woe_enc,mean_imp,no_sel,under_samp,norm_scale",0.2955665024630542,0.48623853211009177,0.7017267475983072,0.314327485380117,0.2904290429042904,0.3713450292397661,0.33333333333333337,0.3143274853801169,-1.0,11,"(7, 3)",89594
"woe_enc,mean_imp,no_sel,norm_scale,no_samp",0.18890814558058924,0.6146788990825688,0.757841292244962,0.30415263748597077,0.35856573705179284,0.5292397660818713,0.45699831365935917,0.3465870961556897,-1.0,12,"(7, 3)",89594
"woe_enc,mean_imp,no_sel,norm_scale,over_samp",0.29923664122137406,0.48128342245989303,0.6928218839983545,0.3051001821493625,0.28600000000000003,0.3497267759562842,0.31935176358436623,0.3051001821493624,-1.0,12,"(7, 3)",89594
"woe_enc,mean_imp,norm_scale,under_samp,no_sel",0.3092269326683292,0.48623853211009177,0.7191152444388589,0.32309941520467833,0.3003300330033003,0.3801169590643275,0.3426356589147286,0.32309941520467844,-1.0,12,"(7, 3)",89594
"woe_enc,most_freq_imp,norm_scale,no_samp,no_sel",0.18890814558058924,0.6146788990825688,0.757841292244962,0.30527497194163866,0.36,0.5321637426900585,0.45945945945945954,0.34804908445978333,-1.0,12,"(7, 3)",89594
"woe_enc,mean_imp,no_sel,norm_scale,under_samp",0.2835820895522388,0.47706422018348627,0.671603469330244,0.3084795321637427,0.2764505119453925,0.3801169590643275,0.33228346456692914,0.3084795321637428,-1.0,12,"(7, 3)",89594
"woe_enc,mean_imp,no_sel,over_samp,norm_scale",0.27229299363057324,0.5125,0.7112179487179486,0.30601092896174864,0.2857142857142857,0.3533697632058288,0.3212237093690248,0.30601092896174875,-1.0,12,"(7, 3)",89594
"woe_enc,most_freq_imp,norm_scale,under_samp,no_sel",0.3034825870646766,0.46788990825688076,0.6863199423865736,0.3099415204678363,0.2875816993464052,0.36257309941520466,0.3271604938271605,0.3099415204678363,-1.0,12,"(7, 3)",89594
"woe_enc,mean_imp,norm_scale,no_samp,no_sel",0.18890814558058924,0.6146788990825688,0.757841292244962,0.30415263748597077,0.35856573705179284,0.5292397660818713,0.45699831365935917,0.3465870961556897,-1.0,12,"(7, 3)",89594
"woe_enc,mean_imp,under_samp,no_sel,norm_scale",0.3057644110275689,0.44954128440366975,0.6633343878519457,0.3099415204678363,0.2818791946308725,0.3742690058479532,0.33124999999999993,0.3099415204678363,-1.0,12,"(7, 3)",89594
"woe_enc,mean_imp,no_sel,under_samp,norm_scale",0.3025,0.47706422018348627,0.6969954916611495,0.314327485380117,0.2876254180602007,0.3771929824561403,0.33541341653666146,0.314327485380117,-1.0,12,"(7, 3)",89594
"woe_enc,mean_imp,under_samp,no_sel,norm_scale",0.2860635696821516,0.47706422018348627,0.6770642201834862,0.3055555555555556,0.27609427609427606,0.3713450292397661,0.32707355242566516,0.30555555555555547,-1.0,13,"(7, 3)",89594
"woe_enc,mean_imp,no_sel,norm_scale,over_samp",0.2921875,0.4883720930232558,0.6999105545617174,0.30601092896174864,0.2899408284023669,0.34426229508196726,0.31818181818181823,0.30601092896174875,-1.0,13,"(7, 3)",89594
"woe_enc,most_freq_imp,norm_scale,no_samp,no_sel",0.18890814558058924,0.6146788990825688,0.757841292244962,0.30527497194163866,0.36,0.5321637426900585,0.45945945945945954,0.34804908445978333,-1.0,13,"(7, 3)",89594
"woe_enc,mean_imp,norm_scale,no_samp,no_sel",0.18890814558058924,0.6146788990825688,0.757841292244962,0.30415263748597077,0.35856573705179284,0.5292397660818713,0.45699831365935917,0.3465870961556897,-1.0,13,"(7, 3)",89594
"woe_enc,mean_imp,no_sel,norm_scale,no_samp",0.18890814558058924,0.6146788990825688,0.757841292244962,0.30415263748597077,0.35856573705179284,0.5292397660818713,0.45699831365935917,0.3465870961556897,-1.0,13,"(7, 3)",89594
"woe_enc,most_freq_imp,norm_scale,under_samp,no_sel",0.3071253071253071,0.47706422018348627,0.7052521396465735,0.3172514619883041,0.2964169381107492,0.368421052631579,0.33436055469953785,0.3172514619883041,-1.0,13,"(7, 3)",89594
"woe_enc,mean_imp,no_sel,norm_scale,under_samp",0.2972292191435768,0.47706422018348627,0.6888697757390418,0.3172514619883041,0.292358803986711,0.3771929824561403,0.33748055987558323,0.3172514619883041,-1.0,13,"(7, 3)",89594
"woe_enc,mean_imp,no_sel,over_samp,norm_scale",0.289922480620155,0.5084745762711864,0.7221497899464001,0.30327868852459017,0.28740157480314965,0.34061930783242256,0.31504257332071905,0.30327868852459006,-1.0,13,"(7, 3)",89594
"woe_enc,mean_imp,no_sel,under_samp,norm_scale",0.2932330827067669,0.47706422018348627,0.6839607719076242,0.3157894736842105,0.28716216216216217,0.3830409356725146,0.3385579937304075,0.3157894736842105,-1.0,13,"(7, 3)",89594
"woe_enc,mean_imp,no_sel,under_samp,quant_scale",0.8468175388967468,0.6697247706422018,1.549205477457925,0.20614035087719296,0.20178041543026703,0.21345029239766078,0.20765832106038284,0.20614035087719296,0.14709024859320463,13,"(7, 3)",89594
"woe_enc,most_freq_imp,norm_scale,under_samp,no_sel",0.2853598014888337,0.48623853211009177,0.6869188042189354,0.3070175438596491,0.277027027027027,0.3742690058479532,0.3291536050156739,0.3070175438596491,-1.0,14,"(7, 3)",89594
"woe_enc,mean_imp,norm_scale,no_samp,no_sel",0.18890814558058924,0.6146788990825688,0.757841292244962,0.30415263748597077,0.35856573705179284,0.5292397660818713,0.45699831365935917,0.3465870961556897,-1.0,14,"(7, 3)",89594
"woe_enc,mean_imp,under_samp,no_sel,norm_scale",0.2892768079800499,0.46788990825688076,0.6665200452431821,0.3099415204678363,0.2833333333333333,0.3713450292397661,0.3302180685358256,0.3099415204678362,-1.0,14,"(7, 3)",89594
"woe_enc,mean_imp,no_sel,norm_scale,under_samp",0.3071253071253071,0.48623853211009177,0.7177821562711656,0.32602339181286555,0.30618892508143325,0.3771929824561403,0.3436055469953775,0.32602339181286555,-1.0,14,"(7, 3)",89594
"woe_enc,mean_imp,no_sel,norm_scale,no_samp",0.18890814558058924,0.6146788990825688,0.757841292244962,0.30415263748597077,0.35856573705179284,0.5292397660818713,0.45699831365935917,0.3465870961556897,-1.0,14,"(7, 3)",89594
"woe_enc,mean_imp,no_sel,under_samp,norm_scale",0.3034825870646766,0.46788990825688076,0.6863199423865736,0.3187134502923976,0.29738562091503273,0.3713450292397661,0.3364197530864197,0.3187134502923976,-1.0,14,"(7, 3)",89594
"woe_enc,mean_imp,no_sel,norm_scale,over_samp",0.30340557275541796,0.4550561797752809,0.6665946413137425,0.29417122040072863,0.2757936507936508,0.3351548269581056,0.3067426400759734,0.29417122040072863,-1.0,14,"(7, 3)",89594
"woe_enc,most_freq_imp,norm_scale,no_samp,no_sel",0.18890814558058924,0.6146788990825688,0.757841292244962,0.30527497194163866,0.36,0.5321637426900585,0.45945945945945954,0.34804908445978333,-1.0,14,"(7, 3)",89594
"woe_enc,mean_imp,no_sel,over_samp,norm_scale",0.29082426127527217,0.49714285714285716,0.7086813186813187,0.30965391621129323,0.28888888888888886,0.35883424408014575,0.32567049808429127,0.30965391621129323,-1.0,14,"(7, 3)",89594
"woe_enc,mean_imp,no_sel,under_samp,quant_scale",0.8532338308457712,0.6972477064220184,1.6085105050568307,0.2207602339181286,0.21994134897360706,0.2222222222222222,0.22108345534407037,0.2207602339181287,0.14676616915422885,14,"(7, 3)",89594
"woe_enc,most_freq_imp,no_sel,norm_scale,no_samp",0.18890814558058924,0.6146788990825688,0.757841292244962,0.30527497194163866,0.36,0.5321637426900585,0.45945945945945954,0.34804908445978333,-1.0,15,"(7, 3)",89594
"woe_enc,mean_imp,norm_scale,no_samp,no_sel",0.18890814558058924,0.6146788990825688,0.757841292244962,0.30415263748597077,0.35856573705179284,0.5292397660818713,0.45699831365935917,0.3465870961556897,-1.0,15,"(7, 3)",89594
"woe_enc,most_freq_imp,norm_scale,under_samp,no_sel",0.2839506172839506,0.46788990825688076,0.6604574758244484,0.3026315789473685,0.2786885245901639,0.35672514619883045,0.31993817619783615,0.30263157894736836,-1.0,15,"(7, 3)",89594
"woe_enc,mean_imp,under_samp,no_sel,norm_scale",0.2755102040816326,0.48623853211009177,0.6699841151489611,0.3099415204678363,0.2727272727272727,0.39181286549707606,0.33757961783439494,0.3099415204678363,-1.0,15,"(7, 3)",89594
"woe_enc,mean_imp,no_sel,no_samp,norm_scale",0.18890814558058924,0.6146788990825688,0.757841292244962,0.30415263748597077,0.35856573705179284,0.5292397660818713,0.45699831365935917,0.3465870961556897,-1.0,15,"(7, 3)",89594
"woe_enc,mean_imp,no_sel,norm_scale,under_samp",0.30597014925373134,0.47706422018348627,0.702320192879732,0.314327485380117,0.2876254180602007,0.3771929824561403,0.33541341653666146,0.314327485380117,-1.0,15,"(7, 3)",89594
"woe_enc,mean_imp,no_sel,under_samp,norm_scale",0.2957393483709273,0.46788990825688076,0.6747864599810187,0.3187134502923976,0.29470198675496684,0.3771929824561403,0.33850931677018625,0.3187134502923977,-1.0,15,"(7, 3)",89594
"woe_enc,most_freq_imp,max_abs_scale,no_samp,no_sel",0.8614566890019759,0.7669409772807811,1.4739685176416548,0.17620650953984285,0.21362229102167185,0.2573099415204678,0.2360902255639098,0.19149650081487868,0.06402283617086349,15,"(7, 3)",89594
"woe_enc,mean_imp,no_sel,norm_scale,no_samp",0.18890814558058924,0.6146788990825688,0.757841292244962,0.30415263748597077,0.35856573705179284,0.5292397660818713,0.45699831365935917,0.3465870961556897,-1.0,15,"(7, 3)",89594
"woe_enc,most_freq_imp,norm_scale,no_samp,no_sel",0.18890814558058924,0.6146788990825688,0.757841292244962,0.30527497194163866,0.36,0.5321637426900585,0.45945945945945954,0.34804908445978333,-1.0,15,"(7, 3)",89594
"woe_enc,most_freq_imp,no_sel,norm_scale,no_samp",0.18890814558058924,0.6146788990825688,0.757841292244962,0.30527497194163866,0.36,0.5321637426900585,0.45945945945945954,0.34804908445978333,-1.0,16,"(7, 3)",89594
"woe_enc,mean_imp,no_sel,norm_scale,no_samp",0.18890814558058924,0.6146788990825688,0.757841292244962,0.30415263748597077,0.35856573705179284,0.5292397660818713,0.45699831365935917,0.3465870961556897,-1.0,16,"(7, 3)",89594
"woe_enc,most_freq_imp,norm_scale,no_samp,no_sel",0.18890814558058924,0.6146788990825688,0.757841292244962,0.30527497194163866,0.36,0.5321637426900585,0.45945945945945954,0.34804908445978333,-1.0,16,"(7, 3)",89594
"woe_enc,mean_imp,no_sel,no_samp,norm_scale",0.18890814558058924,0.6146788990825688,0.757841292244962,0.30415263748597077,0.35856573705179284,0.5292397660818713,0.45699831365935917,0.3465870961556897,-1.0,16,"(7, 3)",89594
"woe_enc,mean_imp,under_samp,no_sel,norm_scale",0.3047858942065491,0.47706422018348627,0.6992864424057085,0.32456140350877194,0.30000000000000004,0.38596491228070173,0.3457943925233644,0.32456140350877183,-1.0,16,"(7, 3)",89594
"woe_enc,mean_imp,norm_scale,no_samp,no_sel",0.18890814558058924,0.6146788990825688,0.757841292244962,0.30415263748597077,0.35856573705179284,0.5292397660818713,0.45699831365935917,0.3465870961556897,-1.0,16,"(7, 3)",89594
"woe_enc,mean_imp,no_sel,norm_scale,under_samp",0.3057644110275689,0.47706422018348627,0.701202151217969,0.32309941520467833,0.3003300330033003,0.3801169590643275,0.3426356589147286,0.32309941520467844,-1.0,16,"(7, 3)",89594
"woe_enc,most_freq_imp,norm_scale,under_samp,no_sel",0.2967581047381546,0.46788990825688076,0.6767940178459219,0.3084795321637427,0.28239202657807305,0.368421052631579,0.328149300155521,0.3084795321637427,-1.0,16,"(7, 3)",89594
"woe_enc,mean_imp,no_sel,under_samp,norm_scale",0.30597014925373134,0.48623853211009177,0.714907474089614,0.32309941520467833,0.3003300330033003,0.3801169590643275,0.3426356589147286,0.32309941520467844,-1.0,16,"(7, 3)",89594
"woe_enc,mean_imp,norm_scale,no_samp,k_best_sel",0.1854419410745234,0.6146788990825688,0.7535677879714577,0.3019079685746352,0.3545816733067729,0.5263157894736843,0.45362563237774034,0.3442143610392101,-1.0,16,"(7, 3)",89594
"woe_enc,mean_imp,under_samp,no_sel,norm_scale",0.3009950248756219,0.47706422018348627,0.6954942543131791,0.3114035087719298,0.28428093645484953,0.3742690058479532,0.3322932917316693,0.3114035087719298,-1.0,17,"(7, 3)",89594
"woe_enc,mean_imp,no_sel,norm_scale,no_samp",0.18890814558058924,0.6146788990825688,0.757841292244962,0.30415263748597077,0.35856573705179284,0.5292397660818713,0.45699831365935917,0.3465870961556897,-1.0,17,"(7, 3)",89594
"woe_enc,most_freq_imp,no_sel,no_samp,norm_scale",0.18890814558058924,0.6146788990825688,0.757841292244962,0.30527497194163866,0.36,0.5321637426900585,0.45945945945945954,0.34804908445978333,-1.0,17,"(7, 3)",89594
"woe_enc,mean_imp,norm_scale,under_samp,no_sel",0.2839506172839506,0.47706422018348627,0.6730101661294322,0.3099415204678363,0.2804054054054054,0.3771929824561403,0.33228840125391845,0.3099415204678363,-1.0,17,"(7, 3)",89594
"woe_enc,mean_imp,norm_scale,no_samp,no_sel",0.18890814558058924,0.6146788990825688,0.757841292244962,0.30415263748597077,0.35856573705179284,0.5292397660818713,0.45699831365935917,0.3465870961556897,-1.0,17,"(7, 3)",89594
"woe_enc,mean_imp,no_sel,no_samp,norm_scale",0.18890814558058924,0.6146788990825688,0.757841292244962,0.30415263748597077,0.35856573705179284,0.5292397660818713,0.45699831365935917,0.3465870961556897,-1.0,17,"(7, 3)",89594
"woe_enc,most_freq_imp,norm_scale,no_samp,k_best_sel",0.18890814558058924,0.6146788990825688,0.757841292244962,0.30639730639730645,0.3647058823529412,0.5263157894736843,0.457286432160804,0.3478573482887547,-1.0,17,"(7, 3)",89594
"woe_enc,mean_imp,norm_scale,no_samp,k_best_sel",0.1854419410745234,0.6146788990825688,0.7535677879714577,0.3019079685746352,0.3545816733067729,0.5263157894736843,0.45362563237774034,0.3442143610392101,-1.0,17,"(7, 3)",89594
"woe_enc,most_freq_imp,norm_scale,under_samp,no_sel",0.2975,0.47706422018348627,0.6901226394274725,0.3187134502923976,0.29333333333333333,0.3801169590643275,0.33956386292834884,0.3187134502923977,-1.0,17,"(7, 3)",89594
"woe_enc,most_freq_imp,no_sel,norm_scale,no_samp",0.18890814558058924,0.6146788990825688,0.757841292244962,0.30527497194163866,0.36,0.5321637426900585,0.45945945945945954,0.34804908445978333,-1.0,17,"(7, 3)",89594
"woe_enc,most_freq_imp,norm_scale,no_samp,k_best_sel",0.18890814558058924,0.6146788990825688,0.757841292244962,0.30639730639730645,0.3647058823529412,0.5263157894736843,0.457286432160804,0.3478573482887547,-1.0,18,"(7, 3)",89594
"woe_enc,mean_imp,no_sel,no_samp,norm_scale",0.18890814558058924,0.6146788990825688,0.757841292244962,0.30415263748597077,0.35856573705179284,0.5292397660818713,0.45699831365935917,0.3465870961556897,-1.0,18,"(7, 3)",89594
"woe_enc,mean_imp,norm_scale,no_samp,k_best_sel",0.1854419410745234,0.6146788990825688,0.7535677879714577,0.3019079685746352,0.3545816733067729,0.5263157894736843,0.45362563237774034,0.3442143610392101,-1.0,18,"(7, 3)",89594
"woe_enc,most_freq_imp,no_sel,no_samp,norm_scale",0.18890814558058924,0.6146788990825688,0.757841292244962,0.30527497194163866,0.36,0.5321637426900585,0.45945945945945954,0.34804908445978333,-1.0,18,"(7, 3)",89594
"woe_enc,mean_imp,no_sel,norm_scale,no_samp",0.18890814558058924,0.6146788990825688,0.757841292244962,0.30415263748597077,0.35856573705179284,0.5292397660818713,0.45699831365935917,0.3465870961556897,-1.0,18,"(7, 3)",89594
"woe_enc,mean_imp,norm_scale,no_samp,no_sel",0.18890814558058924,0.6146788990825688,0.757841292244962,0.30415263748597077,0.35856573705179284,0.5292397660818713,0.45699831365935917,0.3465870961556897,-1.0,18,"(7, 3)",89594
"woe_enc,mean_imp,norm_scale,under_samp,no_sel",0.30413625304136255,0.48623853211009177,0.7147153533021448,0.3172514619883041,0.2964169381107492,0.368421052631579,0.33436055469953785,0.3172514619883041,-1.0,18,"(7, 3)",89594
"woe_enc,mean_imp,no_sel,quant_scale,no_samp",0.8663745046308051,0.7681222191597432,1.5347414024455932,0.18967452300785637,0.2321981424148607,0.2748538011695907,0.25413533834586466,0.20573291151375717,0.061925536365266244,18,"(7, 3)",89594
"onehot_enc,mean_imp,no_sel,no_samp,norm_scale",0.1975736568457539,0.6055045871559633,0.7572139888653651,0.3108866442199776,0.36734693877551017,0.5467836257309941,0.4718909710391823,0.35535902598025115,-1.0,18,"(7, 3)",89594
"woe_enc,most_freq_imp,no_sel,norm_scale,no_samp",0.18890814558058924,0.6146788990825688,0.757841292244962,0.30527497194163866,0.36,0.5321637426900585,0.45945945945945954,0.34804908445978333,-1.0,18,"(7, 3)",89594
"woe_enc,most_freq_imp,no_sel,norm_scale,no_samp",0.18890814558058924,0.6146788990825688,0.757841292244962,0.30527497194163866,0.36,0.5321637426900585,0.45945945945945954,0.34804908445978333,-1.0,19,"(7, 3)",89594
"woe_enc,mean_imp,no_sel,norm_scale,no_samp",0.18890814558058924,0.6146788990825688,0.757841292244962,0.30415263748597077,0.35856573705179284,0.5292397660818713,0.45699831365935917,0.3465870961556897,-1.0,19,"(7, 3)",89594
"woe_enc,mean_imp,norm_scale,no_samp,no_sel",0.18890814558058924,0.6146788990825688,0.757841292244962,0.30415263748597077,0.35856573705179284,0.5292397660818713,0.45699831365935917,0.3465870961556897,-1.0,19,"(7, 3)",89594
"woe_enc,mean_imp,norm_scale,no_samp,k_best_sel",0.1854419410745234,0.6146788990825688,0.7535677879714577,0.3019079685746352,0.3545816733067729,0.5263157894736843,0.45362563237774034,0.3442143610392101,-1.0,19,"(7, 3)",89594
"woe_enc,mean_imp,no_sel,no_samp,norm_scale",0.18890814558058924,0.6146788990825688,0.757841292244962,0.30415263748597077,0.35856573705179284,0.5292397660818713,0.45699831365935917,0.3465870961556897,-1.0,19,"(7, 3)",89594
"woe_enc,most_freq_imp,norm_scale,no_samp,k_best_sel",0.18890814558058924,0.6146788990825688,0.757841292244962,0.30639730639730645,0.3647058823529412,0.5263157894736843,0.457286432160804,0.3478573482887547,-1.0,19,"(7, 3)",89594
"woe_enc,mean_imp,norm_scale,under_samp,k_best_sel",0.30808080808080807,0.47706422018348627,0.7035450564204201,0.32163742690058483,0.3032258064516129,0.368421052631579,0.33742331288343563,0.32163742690058494,-1.0,19,"(7, 3)",89594
"woe_enc,most_freq_imp,no_sel,no_samp,norm_scale",0.18890814558058924,0.6146788990825688,0.757841292244962,0.30527497194163866,0.36,0.5321637426900585,0.45945945945945954,0.34804908445978333,-1.0,19,"(7, 3)",89594
"woe_enc,mean_imp,norm_scale,under_samp,no_sel",0.31139240506329113,0.48623853211009177,0.7205042663758261,0.33040935672514615,0.3092105263157895,0.38596491228070173,0.34984520123839,0.33040935672514615,-1.0,19,"(7, 3)",89594
"onehot_enc,mean_imp,no_sel,no_samp,norm_scale",0.1975736568457539,0.6055045871559633,0.7572139888653651,0.3108866442199776,0.36734693877551017,0.5467836257309941,0.4718909710391823,0.35535902598025115,-1.0,19,"(7, 3)",89594
"woe_enc,mean_imp,no_sel,norm_scale,no_samp",0.18890814558058924,0.6146788990825688,0.757841292244962,0.30415263748597077,0.35856573705179284,0.5292397660818713,0.45699831365935917,0.3465870961556897,-1.0,20,"(7, 3)",89594
"woe_enc,mean_imp,norm_scale,no_samp,k_best_sel",0.1854419410745234,0.6146788990825688,0.7535677879714577,0.3019079685746352,0.3545816733067729,0.5263157894736843,0.45362563237774034,0.3442143610392101,-1.0,20,"(7, 3)",89594
"woe_enc,most_freq_imp,no_sel,no_samp,norm_scale",0.18890814558058924,0.6146788990825688,0.757841292244962,0.30527497194163866,0.36,0.5321637426900585,0.45945945945945954,0.34804908445978333,-1.0,20,"(7, 3)",89594
"woe_enc,most_freq_imp,no_sel,norm_scale,no_samp",0.18890814558058924,0.6146788990825688,0.757841292244962,0.30527497194163866,0.36,0.5321637426900585,0.45945945945945954,0.34804908445978333,-1.0,20,"(7, 3)",89594
"woe_enc,most_freq_imp,k_best_sel,norm_scale,no_samp",0.18890814558058924,0.6146788990825688,0.757841292244962,0.30639730639730645,0.3647058823529412,0.5263157894736843,0.457286432160804,0.3478573482887547,-1.0,20,"(7, 3)",89594
"woe_enc,mean_imp,no_sel,no_samp,norm_scale",0.18890814558058924,0.6146788990825688,0.757841292244962,0.30415263748597077,0.35856573705179284,0.5292397660818713,0.45699831365935917,0.3465870961556897,-1.0,20,"(7, 3)",89594
"onehot_enc,mean_imp,no_sel,no_samp,norm_scale",0.1975736568457539,0.6055045871559633,0.7572139888653651,0.3108866442199776,0.36734693877551017,0.5467836257309941,0.4718909710391823,0.35535902598025115,-1.0,20,"(7, 3)",89594
"woe_enc,mean_imp,norm_scale,no_samp,no_sel",0.18890814558058924,0.6146788990825688,0.757841292244962,0.30415263748597077,0.35856573705179284,0.5292397660818713,0.45699831365935917,0.3465870961556897,-1.0,20,"(7, 3)",89594
"woe_enc,most_freq_imp,norm_scale,no_samp,k_best_sel",0.18890814558058924,0.6146788990825688,0.757841292244962,0.30639730639730645,0.3647058823529412,0.5263157894736843,0.457286432160804,0.3478573482887547,-1.0,20,"(7, 3)",89594
"woe_enc,mean_imp,norm_scale,under_samp,k_best_sel",0.2935323383084577,0.47706422018348627,0.6852553464633497,0.3157894736842105,0.28716216216216217,0.3830409356725146,0.3385579937304075,0.3157894736842105,-1.0,20,"(7, 3)",89594
"loo_enc,median_imp,min_max_scale,no_samp,k_best_sel",0.903983927408405,0.8495097846202307,1.6655116839554633,0.19753086419753085,0.24382716049382713,0.283625730994152,0.2642642642642641,0.21376186367558248,0.04748002279785514,0,"(8, 2)",89594
"onehot_enc,median_imp,k_best_sel,over_samp,quant_scale",0.8232484076433121,0.6375,1.5242521367521367,0.21493624772313302,0.23063683304647165,0.18579234972677594,0.20884955752212397,0.2149362477231329,0.1767515923566879,0,"(8, 2)",89594
"target_enc,most_freq_imp,under_samp,no_sel,min_max_scale",0.8387096774193549,0.5963302752293578,1.5249017038007864,0.19590643274853803,0.19942196531791911,0.1900584795321637,0.19476744186046513,0.19590643274853792,0.16129032258064516,0,"(8, 2)",89594
"ordinal_enc,median_imp,no_sel,min_max_scale,no_samp",0.8782247292717659,0.8415167145725873,1.6140713204605266,0.20314253647586977,0.24764890282131657,0.29824561403508776,0.27382753403933435,0.2210718051960502,0.052362319617407255,0,"(8, 2)",89594
"loo_enc,mean_imp,no_sel,over_samp,quant_scale",0.8480948862107833,0.6863905325443787,1.5740923369128497,0.21493624772313302,0.21699819168173595,0.21129326047358832,0.21415607985480933,0.21493624772313302,0.14820971123492133,0,"(8, 2)",89594
"woe_enc,median_imp,no_sel,max_abs_scale,no_samp",0.8631897912550089,0.7761152892073867,1.4831428295682603,0.17732884399551063,0.2142857142857143,0.26023391812865493,0.23795180722891562,0.1929584891189723,0.0621398115776028,0,"(8, 2)",89594
"woe_enc,mean_imp,no_sel,under_samp,norm_scale",0.2964824120603015,0.4954128440366973,0.7134059236214724,0.33040935672514615,0.3079470198675497,0.38888888888888884,0.3509316770186335,0.33040935672514615,-1.0,0,"(8, 2)",89594
"woe_enc,most_freq_imp,max_abs_scale,k_best_sel,no_samp",0.8953184161432404,0.7895814466275545,1.5975111712239456,0.18518518518518523,0.23100303951367784,0.26023391812865493,0.24590163934426224,0.19933371680567524,0.05661079641282728,0,"(8, 2)",89594
"ordinal_enc,most_freq_imp,under_samp,no_sel,norm_scale",0.30904522613065327,0.45871559633027525,0.680168883527507,0.33040935672514615,0.2972027972027972,0.4122807017543859,0.3598726114649681,0.33040935672514615,-1.0,0,"(8, 2)",89594
"loo_enc,median_imp,k_best_sel,no_scale,over_samp",0.7791565500496633,0.5504214062592091,1.3593007984719345,0.20765027322404372,0.21693121693121697,0.1912568306010929,0.20430107526881724,0.20765027322404372,0.20648111723052717,0,"(8, 2)",89594
"onehot_enc,median_imp,k_best_sel,no_scale,over_samp",0.8440944881889764,0.7125748502994012,1.6036004913250421,0.22859744990892528,0.23487544483985767,0.21675774134790526,0.22592259225922584,0.22859744990892528,0.15590551181102363,1,"(8, 2)",89594
"loo_enc,median_imp,k_best_sel,over_samp,quant_scale",0.8581331877729257,0.686046511627907,1.588705580953643,0.2103825136612022,0.20772058823529416,0.21493624772313302,0.21134492223238788,0.2103825136612022,0.1381030701754386,1,"(8, 2)",89594
"loo_enc,median_imp,no_sel,over_samp,quant_scale",0.8283792802505261,0.6865773646801531,1.5427027208055093,0.22859744990892528,0.2310469314079422,0.22404371584699456,0.22756119673617403,0.2285974499089254,0.16424094887864507,1,"(8, 2)",89594
"woe_enc,mean_imp,no_sel,max_abs_scale,no_samp",0.8631897912550089,0.7761152892073867,1.4831428295682603,0.17732884399551063,0.2142857142857143,0.26023391812865493,0.23795180722891562,0.1929584891189723,0.0621398115776028,1,"(8, 2)",89594
"ordinal_enc,median_imp,min_max_scale,no_samp,k_best_sel",0.8921337027674442,0.8317517817065008,1.6515523515070707,0.20426487093153756,0.25609756097560976,0.2865497076023392,0.27164179104477615,0.2197775860416068,0.05680140515495801,1,"(8, 2)",89594
"loo_enc,most_freq_imp,under_samp,no_sel,norm_scale",0.3341645885286783,0.44036697247706424,0.6903669724770642,0.3464912280701754,0.32441471571906355,0.4093567251461988,0.36973478939157556,0.3464912280701755,-1.0,1,"(8, 2)",89594
"ordinal_enc,most_freq_imp,under_samp,no_sel,norm_scale",0.31,0.45871559633027525,0.682083293924777,0.33479532163742687,0.30716723549488056,0.4064327485380117,0.3606299212598424,0.33479532163742687,-1.0,1,"(8, 2)",89594
"loo_enc,median_imp,k_best_sel,no_scale,over_samp",0.8043808180050588,0.608063558063558,1.4276267109600442,0.21129326047358832,0.21338155515370705,0.20765027322404372,0.21052631578947367,0.21129326047358832,0.18089367502917356,1,"(8, 2)",89594
"woe_enc,median_imp,no_sel,max_abs_scale,no_samp",0.8631897912550089,0.7761152892073867,1.4831428295682603,0.17732884399551063,0.2142857142857143,0.26023391812865493,0.23795180722891562,0.1929584891189723,0.0621398115776028,1,"(8, 2)",89594
"woe_enc,mean_imp,no_sel,under_samp,norm_scale",0.30423940149625933,0.48623853211009177,0.7122659293703657,0.32456140350877194,0.30132450331125826,0.3830409356725146,0.34472049689440987,0.32456140350877205,-1.0,1,"(8, 2)",89594
"woe_enc,median_imp,no_sel,max_abs_scale,no_samp",0.8631897912550089,0.7761152892073867,1.4831428295682603,0.17732884399551063,0.2142857142857143,0.26023391812865493,0.23795180722891562,0.1929584891189723,0.0621398115776028,2,"(8, 2)",89594
"woe_enc,mean_imp,no_sel,max_abs_scale,no_samp",0.8631897912550089,0.7761152892073867,1.4831428295682603,0.17732884399551063,0.2142857142857143,0.26023391812865493,0.23795180722891562,0.1929584891189723,0.0621398115776028,2,"(8, 2)",89594
"loo_enc,median_imp,over_samp,k_best_sel,no_scale",0.8213357975255403,0.6669400400947695,1.4762942661156622,0.21584699453551914,0.21323529411764708,0.22040072859744986,0.2168344007319305,0.21584699453551903,0.16012389101790123,2,"(8, 2)",89594
"ordinal_enc,most_freq_imp,under_samp,no_sel,norm_scale",0.3316708229426434,0.45871559633027525,0.7121402538645218,0.33187134502923976,0.30639730639730645,0.39766081871345027,0.35524256651017216,0.33187134502923976,-1.0,2,"(8, 2)",89594
"loo_enc,median_imp,k_best_sel,no_scale,over_samp",0.841359136679868,0.671924634070383,1.5107185561976384,0.20400728597449913,0.20073664825046045,0.20947176684881608,0.20512820512820507,0.20400728597449913,0.1437824238202668,2,"(8, 2)",89594
"loo_enc,most_freq_imp,norm_scale,under_samp,no_sel",0.3283582089552239,0.44954128440366975,0.6952750727995742,0.3464912280701754,0.3232323232323232,0.4122807017543859,0.37089201877934264,0.3464912280701754,-1.0,2,"(8, 2)",89594
"loo_enc,most_freq_imp,under_samp,k_best_sel,norm_scale",0.30617283950617286,0.45871559633027525,0.6783101909248699,0.33187134502923976,0.29965156794425085,0.4122807017543859,0.36089030206677264,0.33187134502923976,-1.0,2,"(8, 2)",89594
"woe_enc,mean_imp,no_sel,under_samp,norm_scale",0.3189873417721519,0.4954128440366973,0.7436645922884455,0.3406432748538012,0.32131147540983607,0.39473684210526316,0.3601236476043276,0.3406432748538012,-1.0,2,"(8, 2)",89594
"loo_enc,median_imp,k_best_sel,over_samp,quant_scale",0.8445839874411303,0.6745562130177515,1.5805391190006575,0.21766848816029138,0.2232142857142857,0.20765027322404372,0.21550946798917947,0.2176684881602915,0.1554160125588697,2,"(8, 2)",89594
"loo_enc,most_freq_imp,under_samp,no_sel,norm_scale",0.3107769423558897,0.44954128440366975,0.6702309395760835,0.33187134502923976,0.2968197879858657,0.41812865497076024,0.36319999999999997,0.33187134502923965,-1.0,2,"(8, 2)",89594
"woe_enc,median_imp,no_sel,max_abs_scale,no_samp",0.8631897912550089,0.7761152892073867,1.4831428295682603,0.17732884399551063,0.2142857142857143,0.26023391812865493,0.23795180722891562,0.1929584891189723,0.0621398115776028,3,"(8, 2)",89594
"loo_enc,mean_imp,over_samp,k_best_sel,no_scale",0.8222161572052402,0.6426963173154031,1.4767419013609873,0.20947176684881608,0.21261261261261266,0.20400728597449913,0.20833333333333337,0.20947176684881597,0.16502217294900223,3,"(8, 2)",89594
"loo_enc,mean_imp,under_samp,k_best_sel,norm_scale",0.3223350253807107,0.43119266055045874,0.6592628359890552,0.33479532163742687,0.30847457627118646,0.4035087719298246,0.35949764521193095,0.33479532163742687,-1.0,3,"(8, 2)",89594
"woe_enc,most_freq_imp,no_sel,under_samp,norm_scale",0.314070351758794,0.47706422018348627,0.7123583378305451,0.32456140350877194,0.3076923076923077,0.368421052631579,0.33944954128440374,0.32456140350877205,-1.0,3,"(8, 2)",89594
"ordinal_enc,median_imp,under_samp,no_sel,norm_scale",0.32323232323232326,0.45871559633027525,0.6991337147971742,0.33479532163742687,0.30716723549488056,0.4064327485380117,0.3606299212598424,0.33479532163742687,-1.0,3,"(8, 2)",89594
"loo_enc,most_freq_imp,over_samp,k_best_sel,no_scale",0.812431055990268,0.6448087431693988,1.4622351439291328,0.21857923497267762,0.21755027422303475,0.22040072859744986,0.21897810218978098,0.21857923497267762,0.17087515518801422,3,"(8, 2)",89594
"woe_enc,mean_imp,no_sel,max_abs_scale,no_samp",0.8631897912550089,0.7761152892073867,1.4831428295682603,0.17732884399551063,0.2142857142857143,0.26023391812865493,0.23795180722891562,0.1929584891189723,0.0621398115776028,3,"(8, 2)",89594
"ordinal_enc,most_freq_imp,under_samp,no_sel,norm_scale",0.29974811083123426,0.45871559633027525,0.6670489296636086,0.33479532163742687,0.3031358885017421,0.41520467836257313,0.3640699523052464,0.334795321637427,-1.0,3,"(8, 2)",89594
"loo_enc,median_imp,over_samp,k_best_sel,no_scale",0.8242669280405129,0.6230783652043494,1.4597355351948527,0.1994535519125683,0.19999999999999996,0.19854280510018218,0.1992720655141038,0.1994535519125683,0.15749707797628987,3,"(8, 2)",89594
"loo_enc,most_freq_imp,under_samp,k_best_sel,norm_scale",0.3308457711442786,0.43119266055045874,0.6735134796630867,0.33333333333333337,0.30612244897959184,0.4035087719298246,0.3584905660377359,0.33333333333333326,-1.0,3,"(8, 2)",89594
"loo_enc,most_freq_imp,under_samp,no_sel,norm_scale",0.3265822784810127,0.44036697247706424,0.678129210239302,0.3435672514619883,0.31740614334470985,0.41520467836257313,0.37007874015748043,0.3435672514619883,-1.0,4,"(8, 2)",89594
"ordinal_enc,mean_imp,over_samp,k_best_sel,no_scale",0.8124272454486801,0.6194195055958677,1.4271118132881753,0.2030965391621129,0.20146520146520142,0.20582877959927137,0.20365296803652955,0.2030965391621128,0.16378547033773241,4,"(8, 2)",89594
"ordinal_enc,median_imp,under_samp,no_sel,norm_scale",0.3226600985221675,0.43119266055045874,0.6635158928736911,0.32163742690058483,0.29109589041095896,0.39473684210526316,0.34700315457413256,0.32163742690058483,-1.0,4,"(8, 2)",89594
"ordinal_enc,most_freq_imp,under_samp,no_sel,norm_scale",0.3132832080200501,0.46788990825688076,0.6989243910155014,0.3406432748538012,0.31141868512110726,0.41812865497076024,0.36925515055467506,0.3406432748538011,-1.0,4,"(8, 2)",89594
"loo_enc,most_freq_imp,k_best_sel,over_samp,no_scale",0.8096314224560229,0.5931773459599066,1.4234242595401534,0.20036429872495443,0.20360360360360363,0.19489981785063748,0.19927536231884058,0.20036429872495432,0.17225601775748883,4,"(8, 2)",89594
"woe_enc,most_freq_imp,under_samp,no_sel,norm_scale",0.2903225806451613,0.47706422018348627,0.6811458528365475,0.3114035087719298,0.2857142857142857,0.3713450292397661,0.3312597200622084,0.3114035087719298,-1.0,4,"(8, 2)",89594
"loo_enc,mean_imp,under_samp,k_best_sel,norm_scale",0.337468982630273,0.44036697247706424,0.6954690132933907,0.3421052631578947,0.31756756756756754,0.4093567251461988,0.36677115987460807,0.3421052631578948,-1.0,4,"(8, 2)",89594
"woe_enc,most_freq_imp,no_sel,under_samp,norm_scale",0.3065326633165829,0.47706422018348627,0.7019777149931749,0.32748538011695905,0.3121019108280255,0.368421052631579,0.3414634146341464,0.32748538011695905,-1.0,4,"(8, 2)",89594
"loo_enc,most_freq_imp,under_samp,k_best_sel,norm_scale",0.33915211970074816,0.44036697247706424,0.6972162875455574,0.3435672514619883,0.3222591362126246,0.4035087719298246,0.36547433903577,0.3435672514619883,-1.0,4,"(8, 2)",89594
"loo_enc,most_freq_imp,over_samp,k_best_sel,no_scale",0.8144104209724791,0.6032118028248765,1.4211130373927778,0.1958105646630237,0.2007168458781362,0.1876138433515483,0.19421860885275533,0.19581056466302382,0.16765102349949276,4,"(8, 2)",89594
"loo_enc,mean_imp,under_samp,k_best_sel,norm_scale",0.3349875930521092,0.44954128440366975,0.7046433252199963,0.3464912280701754,0.3220338983050848,0.41520467836257313,0.3720565149136579,0.3464912280701755,-1.0,5,"(8, 2)",89594
"woe_enc,most_freq_imp,no_sel,under_samp,norm_scale",0.3145780051150895,0.48623853211009177,0.7238271845923613,0.33333333333333337,0.3137254901960784,0.38596491228070173,0.35185185185185186,0.33333333333333337,-1.0,5,"(8, 2)",89594
"woe_enc,most_freq_imp,under_samp,no_sel,norm_scale",0.2828282828282828,0.47706422018348627,0.6687018508455072,0.314327485380117,0.2861952861952862,0.3801169590643275,0.33646322378716753,0.3143274853801169,-1.0,5,"(8, 2)",89594
"ordinal_enc,median_imp,under_samp,k_best_sel,norm_scale",0.3094059405940594,0.44036697247706424,0.6573161250194371,0.32456140350877194,0.29452054794520544,0.39766081871345027,0.35015772870662465,0.32456140350877194,-1.0,5,"(8, 2)",89594
"loo_enc,most_freq_imp,under_samp,no_sel,norm_scale",0.32169576059850374,0.44954128440366975,0.6858426542666834,0.3435672514619883,0.31740614334470985,0.41520467836257313,0.37007874015748043,0.3435672514619883,-1.0,5,"(8, 2)",89594
"ordinal_enc,median_imp,under_samp,no_sel,norm_scale",0.32169576059850374,0.46788990825688076,0.7110405931883876,0.3421052631578947,0.31756756756756754,0.4093567251461988,0.36677115987460807,0.3421052631578948,-1.0,5,"(8, 2)",89594
"ordinal_enc,mean_imp,over_samp,k_best_sel,no_scale",0.8042592592592592,0.6334688346883468,1.4240671252866375,0.2140255009107468,0.2145454545454546,0.21311475409836067,0.2138307552320291,0.2140255009107468,0.1755884586180714,5,"(8, 2)",89594
"loo_enc,most_freq_imp,k_best_sel,over_samp,no_scale",0.8176340383669455,0.6184367816091954,1.4508204473261943,0.20400728597449913,0.20400728597449913,0.20400728597449913,0.20400728597449913,0.20400728597449913,0.1640333598759482,5,"(8, 2)",89594
"loo_enc,most_freq_imp,under_samp,k_best_sel,max_abs_scale",0.8391572456320657,0.6611410796550774,1.5204003389143366,0.20321637426900585,0.19335347432024175,0.2192982456140351,0.20653789004457657,0.20321637426900585,0.1454735740450026,5,"(8, 2)",89594
"ordinal_enc,most_freq_imp,under_samp,no_sel,norm_scale",0.3082706766917293,0.44036697247706424,0.6541600759253401,0.3201754385964912,0.28719723183391,0.39766081871345027,0.347068145800317,0.3201754385964912,-1.0,5,"(8, 2)",89594
"woe_enc,most_freq_imp,under_samp,no_sel,norm_scale",0.30445544554455445,0.48623853211009177,0.7133571761778884,0.32163742690058483,0.29801324503311255,0.3801169590643275,0.3416149068322981,0.32163742690058483,-1.0,6,"(8, 2)",89594
"ordinal_enc,median_imp,under_samp,no_sel,norm_scale",0.3266832917705736,0.45871559633027525,0.7052909387960287,0.3435672514619883,0.31986531986531985,0.4093567251461988,0.3677621283255086,0.3435672514619883,-1.0,6,"(8, 2)",89594
"ordinal_enc,median_imp,k_best_sel,under_samp,norm_scale",0.31565656565656564,0.45871559633027525,0.6886807531247003,0.3391812865497076,0.31418918918918914,0.4064327485380117,0.36363636363636365,0.3391812865497076,-1.0,6,"(8, 2)",89594
"loo_enc,most_freq_imp,over_samp,k_best_sel,no_scale",0.7936655798789007,0.5732608498137436,1.3804783236978841,0.20218579234972678,0.20855614973262027,0.1912568306010929,0.20000000000000007,0.20218579234972678,0.18837818528221004,6,"(8, 2)",89594
"woe_enc,most_freq_imp,no_sel,under_samp,norm_scale",0.2871536523929471,0.47706422018348627,0.6749808868501529,0.3099415204678363,0.2847682119205298,0.368421052631579,0.3291925465838509,0.3099415204678363,-1.0,6,"(8, 2)",89594
"loo_enc,mean_imp,under_samp,k_best_sel,norm_scale",0.33088235294117646,0.44036697247706424,0.6878586112730509,0.3435672514619883,0.31986531986531985,0.4093567251461988,0.3677621283255086,0.3435672514619883,-1.0,6,"(8, 2)",89594
"ordinal_enc,most_freq_imp,under_samp,no_sel,norm_scale",0.3092269326683292,0.45871559633027525,0.6813183360563027,0.32456140350877194,0.2931034482758621,0.4005847953216374,0.3512658227848101,0.32456140350877183,-1.0,6,"(8, 2)",89594
"loo_enc,most_freq_imp,under_samp,no_sel,norm_scale",0.3225806451612903,0.45871559633027525,0.7002121949697311,0.3406432748538012,0.31141868512110726,0.41812865497076024,0.36925515055467506,0.3406432748538011,-1.0,6,"(8, 2)",89594
"loo_enc,most_freq_imp,k_best_sel,over_samp,no_scale",0.817927941701065,0.6008522727272727,1.4332359384442717,0.19489981785063748,0.20035778175313057,0.18579234972677594,0.19314079422382668,0.1948998178506376,0.1659287436600981,6,"(8, 2)",89594
"ordinal_enc,most_freq_imp,under_samp,no_sel,min_max_scale",0.8698479639933373,0.7388274205614836,1.608187689921753,0.20906432748538006,0.1900311526479751,0.23976608187134507,0.21568627450980393,0.20906432748538017,0.11745352558340225,6,"(8, 2)",89594
"woe_enc,median_imp,under_samp,no_sel,norm_scale",0.2892768079800499,0.4954128440366973,0.7043169536257383,0.3172514619883041,0.29096989966555187,0.3801169590643275,0.3385335413416536,0.31725146198830423,-1.0,7,"(8, 2)",89594
"ordinal_enc,median_imp,k_best_sel,under_samp,norm_scale",0.3217821782178218,0.45871559633027525,0.6993935624319702,0.33479532163742687,0.3097643097643098,0.4005847953216374,0.3583724569640062,0.33479532163742676,-1.0,7,"(8, 2)",89594
"ordinal_enc,most_freq_imp,under_samp,no_sel,norm_scale",0.30886075949367087,0.45871559633027525,0.6789953166099956,0.32894736842105265,0.2975778546712803,0.4064327485380117,0.3565768621236133,0.32894736842105265,-1.0,7,"(8, 2)",89594
"loo_enc,most_freq_imp,under_samp,no_sel,norm_scale",0.3117206982543641,0.41284403669724773,0.6217481462862888,0.32456140350877194,0.2931034482758621,0.4005847953216374,0.3512658227848101,0.32456140350877183,-1.0,7,"(8, 2)",89594
"woe_enc,most_freq_imp,under_samp,no_sel,norm_scale",0.2881773399014778,0.48623853211009177,0.6916257374972972,0.3099415204678363,0.2861842105263158,0.36549707602339176,0.3281733746130031,0.3099415204678363,-1.0,7,"(8, 2)",89594
"ordinal_enc,most_freq_imp,norm_scale,k_best_sel,under_samp",0.3157894736842105,0.45871559633027525,0.689750079088896,0.3362573099415205,0.3068965517241379,0.4122807017543859,0.36392405063291144,0.3362573099415205,-1.0,7,"(8, 2)",89594
"loo_enc,mean_imp,under_samp,k_best_sel,no_scale",0.8413381123058543,0.670315391581683,1.5307736759530108,0.20614035087719296,0.1963746223564955,0.2222222222222222,0.2095096582466568,0.20614035087719307,0.14330900243309003,7,"(8, 2)",89594
"woe_enc,most_freq_imp,no_sel,under_samp,norm_scale",0.3012658227848101,0.47706422018348627,0.693847436966703,0.3201754385964912,0.29836065573770487,0.3742690058479532,0.33848531684698613,0.3201754385964912,-1.0,7,"(8, 2)",89594
"loo_enc,most_freq_imp,over_samp,k_best_sel,no_scale",0.8108693794541384,0.6693048128342246,1.4292763228057346,0.2140255009107468,0.20817843866171004,0.22404371584699456,0.21619135234590625,0.2140255009107468,0.15957729464320505,7,"(8, 2)",89594
"ordinal_enc,most_freq_imp,under_samp,no_sel,min_max_scale",0.8693747510951813,0.7571760444146947,1.654355832898831,0.22368421052631582,0.21100917431192656,0.24561403508771928,0.22869955156950672,0.2236842105263157,0.12434817488969112,7,"(8, 2)",89594
"woe_enc,most_freq_imp,under_samp,no_sel,norm_scale",0.31218274111675126,0.4954128440366973,0.7340093352647674,0.33333333333333337,0.3125,0.38888888888888884,0.3529411764705882,0.33333333333333326,-1.0,8,"(8, 2)",89594
"loo_enc,most_freq_imp,under_samp,no_sel,norm_scale",0.3231552162849873,0.44036697247706424,0.6727613386742474,0.3421052631578947,0.31506849315068497,0.41520467836257313,0.3690851735015772,0.3421052631578947,-1.0,8,"(8, 2)",89594
"ordinal_enc,most_freq_imp,under_samp,no_sel,norm_scale",0.30423940149625933,0.44036697247706424,0.6492710820661054,0.3187134502923976,0.28321678321678323,0.4005847953216374,0.34713375796178336,0.3187134502923976,-1.0,8,"(8, 2)",89594
"ordinal_enc,most_freq_imp,under_samp,k_best_sel,norm_scale",0.4218362282878412,0.3486238532110092,0.6853585470885601,0.3084795321637427,0.33665835411471323,0.2222222222222222,0.28398384925975784,0.3084795321637427,-1.0,8,"(8, 2)",89594
"loo_enc,most_freq_imp,norm_scale,no_sel,under_samp",0.33663366336633666,0.43119266055045874,0.6820401181775774,0.3391812865497076,0.31418918918918914,0.4064327485380117,0.36363636363636365,0.3391812865497076,-1.0,8,"(8, 2)",89594
"woe_enc,median_imp,under_samp,no_sel,norm_scale",0.295,0.4954128440366973,0.711907689397522,0.3201754385964912,0.29568106312292364,0.3801169590643275,0.3405909797822707,0.32017543859649134,-1.0,8,"(8, 2)",89594
"ordinal_enc,median_imp,k_best_sel,under_samp,norm_scale",0.31527093596059114,0.45871559633027525,0.6910388286535076,0.33333333333333337,0.30743243243243246,0.4005847953216374,0.3573667711598746,0.33333333333333326,-1.0,8,"(8, 2)",89594
"woe_enc,most_freq_imp,no_sel,under_samp,norm_scale",0.2972292191435768,0.48623853211009177,0.7015163098878696,0.314327485380117,0.2904290429042904,0.3713450292397661,0.33333333333333337,0.3143274853801169,-1.0,8,"(8, 2)",89594
"ordinal_enc,most_freq_imp,norm_scale,k_best_sel,under_samp",0.3125,0.46788990825688076,0.6981304580850595,0.3362573099415205,0.3068965517241379,0.4122807017543859,0.36392405063291144,0.3362573099415205,-1.0,8,"(8, 2)",89594
"woe_enc,most_freq_imp,no_sel,no_samp,norm_scale",0.18890814558058924,0.6146788990825688,0.757841292244962,0.30527497194163866,0.36,0.5321637426900585,0.45945945945945954,0.34804908445978333,-1.0,8,"(8, 2)",89594
"woe_enc,most_freq_imp,no_sel,under_samp,norm_scale",0.2770780856423174,0.47706422018348627,0.661091997961264,0.3099415204678363,0.2773972602739726,0.3830409356725146,0.33438485804416407,0.3099415204678362,-1.0,9,"(8, 2)",89594
"woe_enc,most_freq_imp,under_samp,no_sel,norm_scale",0.30673316708229426,0.47706422018348627,0.7030916174437603,0.32309941520467833,0.3003300330033003,0.3801169590643275,0.3426356589147286,0.32309941520467844,-1.0,9,"(8, 2)",89594
"ordinal_enc,most_freq_imp,norm_scale,k_best_sel,under_samp",0.314214463840399,0.45871559633027525,0.6881676511247958,0.32894736842105265,0.2961672473867596,0.4093567251461988,0.35771065182829886,0.32894736842105254,-1.0,9,"(8, 2)",89594
"ordinal_enc,most_freq_imp,under_samp,k_best_sel,norm_scale",0.325,0.45871559633027525,0.7027018506258079,0.3377192982456141,0.31058020477815695,0.4093567251461988,0.36377952755905507,0.3377192982456141,-1.0,9,"(8, 2)",89594
"ordinal_enc,most_freq_imp,under_samp,no_sel,norm_scale",0.3118811881188119,0.44954128440366975,0.6732700979629918,0.32602339181286555,0.2955326460481099,0.4005847953216374,0.3522906793048973,0.32602339181286544,-1.0,9,"(8, 2)",89594
"woe_enc,most_freq_imp,no_sel,no_samp,norm_scale",0.18890814558058924,0.6146788990825688,0.757841292244962,0.30527497194163866,0.36,0.5321637426900585,0.45945945945945954,0.34804908445978333,-1.0,9,"(8, 2)",89594
"woe_enc,median_imp,under_samp,no_sel,norm_scale",0.3022670025188917,0.47706422018348627,0.6958142201834863,0.3172514619883041,0.29508196721311475,0.3713450292397661,0.33539412673879443,0.317251461988304,-1.0,9,"(8, 2)",89594
"loo_enc,most_freq_imp,norm_scale,no_sel,under_samp",0.31592039800995025,0.46788990825688076,0.7033847888029559,0.3421052631578947,0.31118881118881114,0.42397660818713445,0.3726114649681528,0.3421052631578948,-1.0,9,"(8, 2)",89594
"loo_enc,most_freq_imp,under_samp,no_sel,norm_scale",0.3424317617866005,0.46788990825688076,0.7399987517942958,0.35964912280701755,0.33999999999999997,0.42105263157894735,0.383177570093458,0.35964912280701766,-1.0,9,"(8, 2)",89594
"ordinal_enc,median_imp,k_best_sel,under_samp,norm_scale",0.31155778894472363,0.45871559633027525,0.6836290911399638,0.32748538011695905,0.29655172413793107,0.4035087719298246,0.35443037974683556,0.32748538011695905,-1.0,9,"(8, 2)",89594
"woe_enc,median_imp,k_best_sel,under_samp,norm_scale",0.30423940149625933,0.47706422018348627,0.6996669599095137,0.3172514619883041,0.29508196721311475,0.3713450292397661,0.33539412673879443,0.317251461988304,-1.0,10,"(8, 2)",89594
"ordinal_enc,most_freq_imp,no_sel,under_samp,norm_scale",0.31017369727047145,0.45871559633027525,0.6832053922486426,0.32894736842105265,0.3003412969283277,0.4005847953216374,0.35433070866141736,0.32894736842105254,-1.0,10,"(8, 2)",89594
"woe_enc,median_imp,under_samp,no_sel,norm_scale",0.2948717948717949,0.4954128440366973,0.7089359757092951,0.33187134502923976,0.30508474576271183,0.4005847953216374,0.3563579277864992,0.33187134502923965,-1.0,10,"(8, 2)",89594
"woe_enc,most_freq_imp,no_sel,no_samp,norm_scale",0.18890814558058924,0.6146788990825688,0.757841292244962,0.30527497194163866,0.36,0.5321637426900585,0.45945945945945954,0.34804908445978333,-1.0,10,"(8, 2)",89594
"ordinal_enc,median_imp,k_best_sel,under_samp,norm_scale",0.31265508684863524,0.44954128440366975,0.6740310803220371,0.32309941520467833,0.2935153583617748,0.39473684210526316,0.3480314960629922,0.32309941520467844,-1.0,10,"(8, 2)",89594
"ordinal_enc,most_freq_imp,norm_scale,k_best_sel,under_samp",0.3250620347394541,0.45871559633027525,0.7036135555139487,0.3435672514619883,0.3222591362126246,0.4035087719298246,0.36547433903577,0.3435672514619883,-1.0,10,"(8, 2)",89594
"ordinal_enc,most_freq_imp,under_samp,no_sel,norm_scale",0.33251231527093594,0.45871559633027525,0.7146078522225312,0.3494152046783626,0.3277591973244147,0.4122807017543859,0.3728549141965678,0.3494152046783625,-1.0,10,"(8, 2)",89594
"woe_enc,most_freq_imp,no_sel,under_samp,norm_scale",0.291044776119403,0.48623853211009177,0.6944296583899552,0.3157894736842105,0.29000000000000004,0.3771929824561403,0.33644859813084105,0.3157894736842105,-1.0,10,"(8, 2)",89594
"woe_enc,most_freq_imp,under_samp,no_sel,norm_scale",0.2982456140350877,0.47706422018348627,0.6908573236317621,0.3084795321637427,0.2838283828382838,0.36549707602339176,0.3271317829457364,0.3084795321637427,-1.0,10,"(8, 2)",89594
"loo_enc,most_freq_imp,norm_scale,no_sel,under_samp",0.33249370277078083,0.44036697247706424,0.686894750254842,0.3406432748538012,0.31399317406143346,0.4122807017543859,0.36692913385826775,0.3406432748538012,-1.0,10,"(8, 2)",89594
"woe_enc,median_imp,k_best_sel,under_samp,norm_scale",0.31155778894472363,0.47706422018348627,0.7088981302180883,0.32309941520467833,0.3042071197411004,0.3713450292397661,0.3394777265745008,0.32309941520467833,-1.0,11,"(8, 2)",89594
"woe_enc,most_freq_imp,under_samp,no_sel,norm_scale",0.3057644110275689,0.46788990825688076,0.6885795634292946,0.3128654970760234,0.2880794701986755,0.3713450292397661,0.33229813664596264,0.3128654970760233,-1.0,11,"(8, 2)",89594
"ordinal_enc,most_freq_imp,under_samp,no_sel,norm_scale",0.3176178660049628,0.45871559633027525,0.6934094738812957,0.3406432748538012,0.3127147766323024,0.41520467836257313,0.36808846761453395,0.3406432748538012,-1.0,11,"(8, 2)",89594
"woe_enc,most_freq_imp,no_sel,under_samp,norm_scale",0.2853598014888337,0.47706422018348627,0.6743431317481121,0.3084795321637427,0.28093645484949836,0.3713450292397661,0.3291731669266771,0.3084795321637427,-1.0,11,"(8, 2)",89594
"woe_enc,median_imp,under_samp,no_sel,norm_scale",0.3022113022113022,0.46788990825688076,0.6860107136260083,0.3128654970760234,0.2866666666666666,0.3742690058479532,0.33333333333333337,0.3128654970760234,-1.0,11,"(8, 2)",89594
"woe_enc,most_freq_imp,no_sel,no_samp,norm_scale",0.18890814558058924,0.6146788990825688,0.757841292244962,0.30527497194163866,0.36,0.5321637426900585,0.45945945945945954,0.34804908445978333,-1.0,11,"(8, 2)",89594
"loo_enc,most_freq_imp,norm_scale,no_sel,under_samp",0.3235294117647059,0.44954128440366975,0.690343959988954,0.3391812865497076,0.3116438356164384,0.4122807017543859,0.36593059936908523,0.3391812865497076,-1.0,11,"(8, 2)",89594
"ordinal_enc,median_imp,k_best_sel,under_samp,norm_scale",0.30788804071246817,0.45871559633027525,0.6770254554852049,0.33333333333333337,0.30743243243243246,0.4005847953216374,0.3573667711598746,0.33333333333333326,-1.0,11,"(8, 2)",89594
"ordinal_enc,most_freq_imp,norm_scale,k_best_sel,under_samp",0.31,0.46788990825688076,0.694694031968221,0.32894736842105265,0.2961672473867596,0.4093567251461988,0.35771065182829886,0.32894736842105254,-1.0,11,"(8, 2)",89594
"ordinal_enc,most_freq_imp,no_sel,under_samp,norm_scale",0.30445544554455445,0.45871559633027525,0.6756647488726482,0.32748538011695905,0.29370629370629375,0.4093567251461988,0.3566878980891719,0.32748538011695905,-1.0,11,"(8, 2)",89594
"ordinal_enc,most_freq_imp,k_best_sel,under_samp,norm_scale",0.3341584158415842,0.46788990825688076,0.7289068574094231,0.347953216374269,0.32432432432432434,0.41520467836257313,0.37304075235109724,0.347953216374269,-1.0,12,"(8, 2)",89594
"woe_enc,most_freq_imp,norm_scale,no_sel,under_samp",0.3009950248756219,0.47706422018348627,0.6954942543131791,0.3201754385964912,0.2996742671009772,0.3713450292397661,0.33744221879815106,0.3201754385964912,-1.0,12,"(8, 2)",89594
"ordinal_enc,most_freq_imp,norm_scale,k_best_sel,under_samp",0.31094527363184077,0.46788990825688076,0.696558850236403,0.33479532163742687,0.30584192439862545,0.4093567251461988,0.3617693522906794,0.334795321637427,-1.0,12,"(8, 2)",89594
"ordinal_enc,most_freq_imp,no_sel,under_samp,norm_scale",0.3069306930693069,0.43119266055045874,0.6413621520758824,0.32163742690058483,0.2896551724137931,0.39766081871345027,0.3481012658227849,0.3216374269005847,-1.0,12,"(8, 2)",89594
"woe_enc,median_imp,under_samp,no_sel,norm_scale",0.3118811881188119,0.47706422018348627,0.710962525268232,0.3172514619883041,0.29508196721311475,0.3713450292397661,0.33539412673879443,0.317251461988304,-1.0,12,"(8, 2)",89594
"woe_enc,most_freq_imp,no_sel,under_samp,norm_scale",0.30808080808080807,0.46788990825688076,0.6908864239363233,0.3201754385964912,0.29702970297029707,0.3771929824561403,0.3395348837209303,0.3201754385964911,-1.0,12,"(8, 2)",89594
"woe_enc,most_freq_imp,under_samp,no_sel,norm_scale",0.3,0.47706422018348627,0.693559065544311,0.3172514619883041,0.29372937293729373,0.3742690058479532,0.33643410852713174,0.3172514619883041,-1.0,12,"(8, 2)",89594
"woe_enc,median_imp,k_best_sel,under_samp,norm_scale",0.3012345679012346,0.47706422018348627,0.6966588147780809,0.3070175438596491,0.2785234899328859,0.3713450292397661,0.3281249999999999,0.3070175438596491,-1.0,12,"(8, 2)",89594
"woe_enc,most_freq_imp,no_sel,no_samp,norm_scale",0.18890814558058924,0.6146788990825688,0.757841292244962,0.30527497194163866,0.36,0.5321637426900585,0.45945945945945954,0.34804908445978333,-1.0,12,"(8, 2)",89594
"ordinal_enc,median_imp,k_best_sel,under_samp,norm_scale",0.33665835411471323,0.4036697247706422,0.6433957521679025,0.33333333333333337,0.3137254901960784,0.38596491228070173,0.35185185185185186,0.33333333333333337,-1.0,12,"(8, 2)",89594
"woe_enc,median_imp,k_best_sel,under_samp,norm_scale",0.30730478589420657,0.48623853211009177,0.7154051987767585,0.32309941520467833,0.30293159609120524,0.3742690058479532,0.34052388289676416,0.3230994152046782,-1.0,13,"(8, 2)",89594
"woe_enc,most_freq_imp,no_sel,no_samp,norm_scale",0.18890814558058924,0.6146788990825688,0.757841292244962,0.30527497194163866,0.36,0.5321637426900585,0.45945945945945954,0.34804908445978333,-1.0,13,"(8, 2)",89594
"woe_enc,most_freq_imp,under_samp,no_sel,norm_scale",0.2975,0.48623853211009177,0.7027333774709166,0.3201754385964912,0.29836065573770487,0.3742690058479532,0.33848531684698613,0.3201754385964912,-1.0,13,"(8, 2)",89594
"woe_enc,most_freq_imp,no_sel,under_samp,norm_scale",0.297029702970297,0.48623853211009177,0.7031876846524646,0.32309941520467833,0.3003300330033003,0.3801169590643275,0.3426356589147286,0.32309941520467844,-1.0,13,"(8, 2)",89594
"woe_enc,most_freq_imp,k_best_sel,under_samp,norm_scale",0.2957393483709273,0.46788990825688076,0.6747864599810187,0.3055555555555556,0.28196721311475414,0.35964912280701755,0.32302936630602785,0.3055555555555556,-1.0,13,"(8, 2)",89594
"woe_enc,median_imp,under_samp,no_sel,norm_scale",0.3076923076923077,0.4954128440366973,0.7301067215877177,0.33040935672514615,0.3116883116883117,0.3801169590643275,0.34769230769230763,0.33040935672514626,-1.0,13,"(8, 2)",89594
"ordinal_enc,most_freq_imp,no_sel,under_samp,norm_scale",0.32997481108312343,0.45871559633027525,0.7087155963302753,0.35233918128654973,0.32996632996633,0.41812865497076024,0.37715179968701107,0.3523391812865496,-1.0,13,"(8, 2)",89594
"ordinal_enc,median_imp,k_best_sel,under_samp,norm_scale",0.3022113022113022,0.45871559633027525,0.6734806970014162,0.32309941520467833,0.28771929824561404,0.4064327485380117,0.3524720893141946,0.32309941520467833,-1.0,13,"(8, 2)",89594
"woe_enc,most_freq_imp,norm_scale,no_sel,under_samp",0.3094059405940594,0.47706422018348627,0.7075726947597575,0.3157894736842105,0.29139072847682124,0.3742690058479532,0.3354037267080745,0.3157894736842105,-1.0,13,"(8, 2)",89594
"woe_enc,most_freq_imp,norm_scale,k_best_sel,under_samp",0.3167082294264339,0.47706422018348627,0.7167902475807465,0.32163742690058483,0.30817610062893086,0.35672514619883045,0.33333333333333337,0.3216374269005847,-1.0,13,"(8, 2)",89594
"woe_enc,most_freq_imp,k_best_sel,under_samp,norm_scale",0.29850746268656714,0.47706422018348627,0.6920812850299026,0.3157894736842105,0.2967741935483871,0.36257309941520466,0.3312883435582822,0.3157894736842105,-1.0,14,"(8, 2)",89594
"ordinal_enc,most_freq_imp,no_sel,under_samp,norm_scale",0.2995049504950495,0.45871559633027525,0.668885087855699,0.32309941520467833,0.28771929824561404,0.4064327485380117,0.3524720893141946,0.32309941520467833,-1.0,14,"(8, 2)",89594
"woe_enc,most_freq_imp,k_best_sel,no_samp,norm_scale",0.18890814558058924,0.6146788990825688,0.757841292244962,0.30639730639730645,0.3647058823529412,0.5263157894736843,0.457286432160804,0.3478573482887547,-1.0,14,"(8, 2)",89594
"ordinal_enc,median_imp,no_sel,under_samp,norm_scale",0.3266832917705736,0.45871559633027525,0.7052909387960287,0.3391812865497076,0.31543624161073824,0.4035087719298246,0.36250000000000004,0.3391812865497077,-1.0,14,"(8, 2)",89594
"woe_enc,median_imp,k_best_sel,under_samp,norm_scale",0.30904522613065327,0.47706422018348627,0.7054379226056315,0.32163742690058483,0.30194805194805197,0.3713450292397661,0.3384615384615386,0.3216374269005846,-1.0,14,"(8, 2)",89594
"woe_enc,most_freq_imp,under_samp,no_sel,norm_scale",0.315,0.47706422018348627,0.714177622245342,0.32309941520467833,0.30293159609120524,0.3742690058479532,0.34052388289676416,0.3230994152046782,-1.0,14,"(8, 2)",89594
"woe_enc,most_freq_imp,no_sel,no_samp,norm_scale",0.18890814558058924,0.6146788990825688,0.757841292244962,0.30527497194163866,0.36,0.5321637426900585,0.45945945945945954,0.34804908445978333,-1.0,14,"(8, 2)",89594
"ordinal_enc,median_imp,k_best_sel,under_samp,norm_scale",0.3367088607594937,0.44954128440366975,0.704786039648425,0.3421052631578947,0.31999999999999995,0.4035087719298246,0.36448598130841114,0.3421052631578947,-1.0,14,"(8, 2)",89594
"woe_enc,most_freq_imp,norm_scale,no_sel,under_samp",0.30845771144278605,0.48623853211009177,0.7183204433728905,0.33187134502923976,0.31629392971246006,0.3742690058479532,0.34656488549618325,0.33187134502923976,-1.0,14,"(8, 2)",89594
"woe_enc,most_freq_imp,no_sel,under_samp,norm_scale",0.3020304568527919,0.47706422018348627,0.6946080798326091,0.3172514619883041,0.2964169381107492,0.368421052631579,0.33436055469953785,0.3172514619883041,-1.0,14,"(8, 2)",89594
"woe_enc,most_freq_imp,k_best_sel,no_samp,norm_scale",0.18890814558058924,0.6146788990825688,0.757841292244962,0.30639730639730645,0.3647058823529412,0.5263157894736843,0.457286432160804,0.3478573482887547,-1.0,15,"(8, 2)",89594
"woe_enc,most_freq_imp,no_sel,no_samp,norm_scale",0.18890814558058924,0.6146788990825688,0.757841292244962,0.30527497194163866,0.36,0.5321637426900585,0.45945945945945954,0.34804908445978333,-1.0,15,"(8, 2)",89594
"ordinal_enc,most_freq_imp,no_sel,under_samp,norm_scale",0.29975429975429974,0.45871559633027525,0.6701249923034296,0.3187134502923976,0.2816901408450704,0.4035087719298246,0.3482428115015974,0.3187134502923976,-1.0,15,"(8, 2)",89594
"woe_enc,median_imp,k_best_sel,under_samp,norm_scale",0.2935323383084577,0.47706422018348627,0.6852553464633497,0.3099415204678363,0.2818791946308725,0.3742690058479532,0.33124999999999993,0.3099415204678363,-1.0,15,"(8, 2)",89594
"woe_enc,most_freq_imp,k_best_sel,under_samp,norm_scale",0.286783042394015,0.46788990825688076,0.6630953877089356,0.3084795321637427,0.2838283828382838,0.36549707602339176,0.3271317829457364,0.3084795321637427,-1.0,15,"(8, 2)",89594
"woe_enc,most_freq_imp,under_samp,no_sel,norm_scale",0.3189873417721519,0.48623853211009177,0.7309937768653365,0.33333333333333337,0.3173076923076923,0.3771929824561403,0.3486238532110092,0.33333333333333326,-1.0,15,"(8, 2)",89594
"woe_enc,most_freq_imp,norm_scale,no_sel,under_samp",0.3106060606060606,0.48623853211009177,0.7196880094620082,0.33040935672514615,0.3116883116883117,0.3801169590643275,0.34769230769230763,0.33040935672514626,-1.0,15,"(8, 2)",89594
"woe_enc,most_freq_imp,no_sel,under_samp,norm_scale",0.30597014925373134,0.47706422018348627,0.702320192879732,0.3187134502923976,0.29605263157894735,0.3742690058479532,0.33746130030959753,0.3187134502923976,-1.0,15,"(8, 2)",89594
"ordinal_enc,median_imp,no_sel,under_samp,norm_scale",0.30886075949367087,0.45871559633027525,0.6789953166099956,0.33187134502923976,0.30375426621160406,0.4035087719298246,0.35748031496062993,0.3318713450292399,-1.0,15,"(8, 2)",89594
"ordinal_enc,median_imp,k_best_sel,under_samp,norm_scale",0.3167082294264339,0.43119266055045874,0.6537954002764861,0.32309941520467833,0.2935153583617748,0.39473684210526316,0.3480314960629922,0.32309941520467844,-1.0,15,"(8, 2)",89594
"woe_enc,most_freq_imp,k_best_sel,under_samp,norm_scale",0.3020304568527919,0.47706422018348627,0.6946080798326091,0.32309941520467833,0.3003300330033003,0.3801169590643275,0.3426356589147286,0.32309941520467844,-1.0,16,"(8, 2)",89594
"woe_enc,most_freq_imp,norm_scale,no_sel,no_samp",0.18890814558058924,0.6146788990825688,0.757841292244962,0.30527497194163866,0.36,0.5321637426900585,0.45945945945945954,0.34804908445978333,-1.0,16,"(8, 2)",89594
"ordinal_enc,most_freq_imp,no_sel,under_samp,norm_scale",0.3208020050125313,0.45871559633027525,0.6966466308130339,0.33333333333333337,0.30612244897959184,0.4035087719298246,0.3584905660377359,0.33333333333333326,-1.0,16,"(8, 2)",89594
"woe_enc,most_freq_imp,k_best_sel,no_samp,norm_scale",0.18890814558058924,0.6146788990825688,0.757841292244962,0.30639730639730645,0.3647058823529412,0.5263157894736843,0.457286432160804,0.3478573482887547,-1.0,16,"(8, 2)",89594
"ordinal_enc,median_imp,k_best_sel,under_samp,norm_scale",0.3284671532846715,0.44954128440366975,0.6978856552645969,0.33479532163742687,0.30847457627118646,0.4035087719298246,0.35949764521193095,0.33479532163742687,-1.0,16,"(8, 2)",89594
"woe_enc,most_freq_imp,no_sel,no_samp,norm_scale",0.18890814558058924,0.6146788990825688,0.757841292244962,0.30527497194163866,0.36,0.5321637426900585,0.45945945945945954,0.34804908445978333,-1.0,16,"(8, 2)",89594
"woe_enc,most_freq_imp,no_sel,under_samp,norm_scale",0.3075,0.47706422018348627,0.7038683438948264,0.3201754385964912,0.3022508038585209,0.36549707602339176,0.33537519142419603,0.3201754385964912,-1.0,16,"(8, 2)",89594
"ordinal_enc,median_imp,no_sel,under_samp,norm_scale",0.3276283618581907,0.45871559633027525,0.7087155963302753,0.33479532163742687,0.3110367892976589,0.39766081871345027,0.3572542901716068,0.33479532163742687,-1.0,16,"(8, 2)",89594
"woe_enc,most_freq_imp,norm_scale,no_sel,under_samp",0.29545454545454547,0.46788990825688076,0.6734648211488669,0.3114035087719298,0.2857142857142857,0.3713450292397661,0.3312597200622084,0.3114035087719298,-1.0,16,"(8, 2)",89594
"woe_enc,most_freq_imp,under_samp,no_sel,norm_scale",0.2878787878787879,0.48623853211009177,0.6883291244445866,0.3157894736842105,0.29000000000000004,0.3771929824561403,0.33644859813084105,0.3157894736842105,-1.0,16,"(8, 2)",89594
"woe_enc,most_freq_imp,no_sel,under_samp,norm_scale",0.30049261083743845,0.46788990825688076,0.6833781237450962,0.3084795321637427,0.28664495114006516,0.35964912280701755,0.325115562403698,0.3084795321637427,-1.0,17,"(8, 2)",89594
"woe_enc,most_freq_imp,k_best_sel,no_samp,norm_scale",0.18890814558058924,0.6146788990825688,0.757841292244962,0.30639730639730645,0.3647058823529412,0.5263157894736843,0.457286432160804,0.3478573482887547,-1.0,17,"(8, 2)",89594
"woe_enc,most_freq_imp,norm_scale,no_sel,under_samp",0.30303030303030304,0.46788990825688076,0.6839177828213407,0.3201754385964912,0.29568106312292364,0.3801169590643275,0.3405909797822707,0.32017543859649134,-1.0,17,"(8, 2)",89594
"ordinal_enc,most_freq_imp,no_sel,under_samp,norm_scale",0.308252427184466,0.44954128440366975,0.6706633966148909,0.3157894736842105,0.2842465753424658,0.38888888888888884,0.34069400630914837,0.3157894736842105,-1.0,17,"(8, 2)",89594
"woe_enc,most_freq_imp,under_samp,no_sel,norm_scale",0.29850746268656714,0.46788990825688076,0.6794940038200207,0.3084795321637427,0.2838283828382838,0.36549707602339176,0.3271317829457364,0.3084795321637427,-1.0,17,"(8, 2)",89594
"woe_enc,most_freq_imp,no_sel,no_samp,norm_scale",0.18890814558058924,0.6146788990825688,0.757841292244962,0.30527497194163866,0.36,0.5321637426900585,0.45945945945945954,0.34804908445978333,-1.0,17,"(8, 2)",89594
"woe_enc,most_freq_imp,k_best_sel,under_samp,norm_scale",0.30295566502463056,0.47706422018348627,0.6992864424057085,0.3172514619883041,0.29508196721311475,0.3713450292397661,0.33539412673879443,0.317251461988304,-1.0,17,"(8, 2)",89594
"woe_enc,most_freq_imp,norm_scale,no_sel,no_samp",0.18890814558058924,0.6146788990825688,0.757841292244962,0.30527497194163866,0.36,0.5321637426900585,0.45945945945945954,0.34804908445978333,-1.0,17,"(8, 2)",89594
"woe_enc,most_freq_imp,no_sel,no_samp,max_abs_scale",0.8614566890019759,0.7669409772807811,1.4739685176416548,0.17620650953984285,0.21362229102167185,0.2573099415204678,0.2360902255639098,0.19149650081487868,0.06402283617086349,17,"(8, 2)",89594
"ordinal_enc,median_imp,no_sel,under_samp,norm_scale",0.3137254901960784,0.43119266055045874,0.651928446503636,0.3201754385964912,0.2915254237288135,0.38888888888888884,0.3437990580847723,0.3201754385964912,-1.0,17,"(8, 2)",89594
"woe_enc,most_freq_imp,norm_scale,no_sel,under_samp",0.3125,0.48623853211009177,0.7233519341719474,0.33479532163742687,0.31832797427652737,0.3801169590643275,0.35068912710566613,0.334795321637427,-1.0,18,"(8, 2)",89594
"woe_enc,most_freq_imp,k_best_sel,no_samp,norm_scale",0.18890814558058924,0.6146788990825688,0.757841292244962,0.30639730639730645,0.3647058823529412,0.5263157894736843,0.457286432160804,0.3478573482887547,-1.0,18,"(8, 2)",89594
"woe_enc,most_freq_imp,no_sel,under_samp,norm_scale",0.2926208651399491,0.47706422018348627,0.6812895722961623,0.32894736842105265,0.306930693069307,0.38596491228070173,0.34883720930232553,0.32894736842105254,-1.0,18,"(8, 2)",89594
"woe_enc,most_freq_imp,norm_scale,k_best_sel,no_samp",0.18890814558058924,0.6146788990825688,0.757841292244962,0.30639730639730645,0.3647058823529412,0.5263157894736843,0.457286432160804,0.3478573482887547,-1.0,18,"(8, 2)",89594
"ordinal_enc,most_freq_imp,no_sel,under_samp,norm_scale",0.3103448275862069,0.45871559633027525,0.6843048219195008,0.33479532163742687,0.3031358885017421,0.41520467836257313,0.3640699523052464,0.334795321637427,-1.0,18,"(8, 2)",89594
"woe_enc,median_imp,k_best_sel,under_samp,norm_scale",0.2867647058823529,0.4954128440366973,0.7027707035684698,0.3187134502923976,0.28767123287671237,0.39181286549707606,0.34384858044164035,0.3187134502923977,-1.0,18,"(8, 2)",89594
"woe_enc,most_freq_imp,under_samp,no_sel,norm_scale",0.2975,0.48623853211009177,0.7027333774709166,0.3157894736842105,0.28716216216216217,0.3830409356725146,0.3385579937304075,0.3157894736842105,-1.0,18,"(8, 2)",89594
"woe_enc,most_freq_imp,k_best_sel,under_samp,norm_scale",0.29876543209876544,0.46788990825688076,0.6807277460947185,0.3084795321637427,0.28239202657807305,0.368421052631579,0.328149300155521,0.3084795321637427,-1.0,18,"(8, 2)",89594
"woe_enc,most_freq_imp,no_sel,no_samp,norm_scale",0.18890814558058924,0.6146788990825688,0.757841292244962,0.30527497194163866,0.36,0.5321637426900585,0.45945945945945954,0.34804908445978333,-1.0,18,"(8, 2)",89594
"woe_enc,most_freq_imp,norm_scale,no_sel,no_samp",0.18890814558058924,0.6146788990825688,0.757841292244962,0.30527497194163866,0.36,0.5321637426900585,0.45945945945945954,0.34804908445978333,-1.0,18,"(8, 2)",89594
"woe_enc,most_freq_imp,norm_scale,k_best_sel,no_samp",0.18890814558058924,0.6146788990825688,0.757841292244962,0.30639730639730645,0.3647058823529412,0.5263157894736843,0.457286432160804,0.3478573482887547,-1.0,19,"(8, 2)",89594
"woe_enc,most_freq_imp,k_best_sel,no_samp,norm_scale",0.18890814558058924,0.6146788990825688,0.757841292244962,0.30639730639730645,0.3647058823529412,0.5263157894736843,0.457286432160804,0.3478573482887547,-1.0,19,"(8, 2)",89594
"woe_enc,median_imp,k_best_sel,under_samp,norm_scale",0.3009950248756219,0.46788990825688076,0.6829069731032972,0.3070175438596491,0.2814569536423841,0.36549707602339176,0.326086956521739,0.3070175438596491,-1.0,19,"(8, 2)",89594
"woe_enc,most_freq_imp,norm_scale,no_sel,no_samp",0.18890814558058924,0.6146788990825688,0.757841292244962,0.30527497194163866,0.36,0.5321637426900585,0.45945945945945954,0.34804908445978333,-1.0,19,"(8, 2)",89594
"woe_enc,most_freq_imp,no_sel,under_samp,norm_scale",0.2972292191435768,0.47706422018348627,0.6888697757390418,0.32456140350877194,0.303921568627451,0.3771929824561403,0.34259259259259256,0.32456140350877183,-1.0,19,"(8, 2)",89594
"woe_enc,most_freq_imp,norm_scale,no_sel,under_samp",0.29562982005141386,0.48623853211009177,0.6969528178243775,0.32602339181286555,0.3010033444816054,0.38888888888888884,0.3478939157566303,0.32602339181286544,-1.0,19,"(8, 2)",89594
"woe_enc,most_freq_imp,no_sel,no_samp,norm_scale",0.18890814558058924,0.6146788990825688,0.757841292244962,0.30527497194163866,0.36,0.5321637426900585,0.45945945945945954,0.34804908445978333,-1.0,19,"(8, 2)",89594
"woe_enc,most_freq_imp,under_samp,no_sel,norm_scale",0.3037974683544304,0.47706422018348627,0.6973439404632066,0.3157894736842105,0.29139072847682124,0.3742690058479532,0.3354037267080745,0.3157894736842105,-1.0,19,"(8, 2)",89594
"onehot_enc,most_freq_imp,norm_scale,k_best_sel,no_samp",0.19930675909878684,0.6055045871559633,0.7593507410021172,0.31200897867564537,0.36991869918699183,0.5467836257309941,0.4727891156462585,0.3562697727926374,-1.0,19,"(8, 2)",89594
"woe_enc,most_freq_imp,k_best_sel,under_samp,norm_scale",0.3037974683544304,0.48623853211009177,0.7100147558863156,0.3362573099415205,0.3145695364238411,0.39473684210526316,0.3571428571428572,0.3362573099415205,-1.0,19,"(8, 2)",89594
"woe_enc,most_freq_imp,k_best_sel,under_samp,norm_scale",0.29974811083123426,0.48623853211009177,0.7049885321100917,0.32456140350877194,0.3026315789473685,0.3801169590643275,0.3436532507739939,0.32456140350877194,-1.0,20,"(8, 2)",89594
"woe_enc,most_freq_imp,no_sel,no_samp,norm_scale",0.18890814558058924,0.6146788990825688,0.757841292244962,0.30527497194163866,0.36,0.5321637426900585,0.45945945945945954,0.34804908445978333,-1.0,20,"(8, 2)",89594
"woe_enc,most_freq_imp,k_best_sel,no_samp,norm_scale",0.18890814558058924,0.6146788990825688,0.757841292244962,0.30639730639730645,0.3647058823529412,0.5263157894736843,0.457286432160804,0.3478573482887547,-1.0,20,"(8, 2)",89594
"onehot_enc,most_freq_imp,norm_scale,k_best_sel,no_samp",0.19930675909878684,0.6055045871559633,0.7593507410021172,0.31200897867564537,0.36991869918699183,0.5467836257309941,0.4727891156462585,0.3562697727926374,-1.0,20,"(8, 2)",89594
"woe_enc,most_freq_imp,norm_scale,no_sel,no_samp",0.18890814558058924,0.6146788990825688,0.757841292244962,0.30527497194163866,0.36,0.5321637426900585,0.45945945945945954,0.34804908445978333,-1.0,20,"(8, 2)",89594
"woe_enc,median_imp,k_best_sel,under_samp,norm_scale",0.31203931203931207,0.4954128440366973,0.7370235822917308,0.33040935672514615,0.3141025641025641,0.3742690058479532,0.345565749235474,0.33040935672514615,-1.0,20,"(8, 2)",89594
"woe_enc,most_freq_imp,no_sel,under_samp,norm_scale",0.30445544554455445,0.46788990825688076,0.6882288913077282,0.3070175438596491,0.2870967741935484,0.3538011695906432,0.3220858895705522,0.3070175438596491,-1.0,20,"(8, 2)",89594
"woe_enc,most_freq_imp,norm_scale,k_best_sel,no_samp",0.18890814558058924,0.6146788990825688,0.757841292244962,0.30639730639730645,0.3647058823529412,0.5263157894736843,0.457286432160804,0.3478573482887547,-1.0,20,"(8, 2)",89594
"onehot_enc,most_freq_imp,norm_scale,no_sel,no_samp",0.20623916811091855,0.5779816513761468,0.7339645573590527,0.3097643097643098,0.368,0.5380116959064327,0.46621621621621623,0.3527945546927428,-1.0,20,"(8, 2)",89594
"woe_enc,most_freq_imp,no_sel,over_samp,norm_scale",0.28188976377952757,0.5089820359281437,0.716246993193101,0.29599271402550087,0.2821011673151751,0.3278688524590164,0.3057384760112888,0.29599271402550087,-1.0,20,"(8, 2)",89594
"loo_enc,median_imp,min_max_scale,no_samp,k_best_sel",0.903983927408405,0.8495097846202307,1.6655116839554633,0.19753086419753085,0.24382716049382713,0.283625730994152,0.2642642642642641,0.21376186367558248,0.04748002279785514,0,"(9, 1)",89594
"onehot_enc,median_imp,k_best_sel,over_samp,quant_scale",0.8232484076433121,0.6375,1.5242521367521367,0.21493624772313302,0.23063683304647165,0.18579234972677594,0.20884955752212397,0.2149362477231329,0.1767515923566879,0,"(9, 1)",89594
"target_enc,most_freq_imp,under_samp,no_sel,min_max_scale",0.8387096774193549,0.5963302752293578,1.5249017038007864,0.19590643274853803,0.19942196531791911,0.1900584795321637,0.19476744186046513,0.19590643274853792,0.16129032258064516,0,"(9, 1)",89594
"ordinal_enc,median_imp,no_sel,min_max_scale,no_samp",0.8782247292717659,0.8415167145725873,1.6140713204605266,0.20314253647586977,0.24764890282131657,0.29824561403508776,0.27382753403933435,0.2210718051960502,0.052362319617407255,0,"(9, 1)",89594
"loo_enc,mean_imp,no_sel,over_samp,quant_scale",0.8480948862107833,0.6863905325443787,1.5740923369128497,0.21493624772313302,0.21699819168173595,0.21129326047358832,0.21415607985480933,0.21493624772313302,0.14820971123492133,0,"(9, 1)",89594
"woe_enc,median_imp,no_sel,max_abs_scale,no_samp",0.8631897912550089,0.7761152892073867,1.4831428295682603,0.17732884399551063,0.2142857142857143,0.26023391812865493,0.23795180722891562,0.1929584891189723,0.0621398115776028,0,"(9, 1)",89594
"woe_enc,mean_imp,no_sel,under_samp,norm_scale",0.2964824120603015,0.4954128440366973,0.7134059236214724,0.33040935672514615,0.3079470198675497,0.38888888888888884,0.3509316770186335,0.33040935672514615,-1.0,0,"(9, 1)",89594
"woe_enc,most_freq_imp,max_abs_scale,k_best_sel,no_samp",0.8953184161432404,0.7895814466275545,1.5975111712239456,0.18518518518518523,0.23100303951367784,0.26023391812865493,0.24590163934426224,0.19933371680567524,0.05661079641282728,0,"(9, 1)",89594
"ordinal_enc,most_freq_imp,under_samp,no_sel,norm_scale",0.30904522613065327,0.45871559633027525,0.680168883527507,0.33040935672514615,0.2972027972027972,0.4122807017543859,0.3598726114649681,0.33040935672514615,-1.0,0,"(9, 1)",89594
"loo_enc,median_imp,k_best_sel,no_scale,over_samp",0.7791565500496633,0.5504214062592091,1.3593007984719345,0.20765027322404372,0.21693121693121697,0.1912568306010929,0.20430107526881724,0.20765027322404372,0.20648111723052717,0,"(9, 1)",89594
"onehot_enc,median_imp,k_best_sel,no_scale,over_samp",0.8440944881889764,0.7125748502994012,1.6036004913250421,0.22859744990892528,0.23487544483985767,0.21675774134790526,0.22592259225922584,0.22859744990892528,0.15590551181102363,1,"(9, 1)",89594
"loo_enc,median_imp,k_best_sel,over_samp,quant_scale",0.8581331877729257,0.686046511627907,1.588705580953643,0.2103825136612022,0.20772058823529416,0.21493624772313302,0.21134492223238788,0.2103825136612022,0.1381030701754386,1,"(9, 1)",89594
"loo_enc,median_imp,no_sel,over_samp,quant_scale",0.8283792802505261,0.6865773646801531,1.5427027208055093,0.22859744990892528,0.2310469314079422,0.22404371584699456,0.22756119673617403,0.2285974499089254,0.16424094887864507,1,"(9, 1)",89594
"woe_enc,mean_imp,no_sel,max_abs_scale,no_samp",0.8631897912550089,0.7761152892073867,1.4831428295682603,0.17732884399551063,0.2142857142857143,0.26023391812865493,0.23795180722891562,0.1929584891189723,0.0621398115776028,1,"(9, 1)",89594
"ordinal_enc,median_imp,min_max_scale,no_samp,k_best_sel",0.8921337027674442,0.8317517817065008,1.6515523515070707,0.20426487093153756,0.25609756097560976,0.2865497076023392,0.27164179104477615,0.2197775860416068,0.05680140515495801,1,"(9, 1)",89594
"loo_enc,most_freq_imp,under_samp,no_sel,norm_scale",0.3341645885286783,0.44036697247706424,0.6903669724770642,0.3464912280701754,0.32441471571906355,0.4093567251461988,0.36973478939157556,0.3464912280701755,-1.0,1,"(9, 1)",89594
"ordinal_enc,most_freq_imp,under_samp,no_sel,norm_scale",0.31,0.45871559633027525,0.682083293924777,0.33479532163742687,0.30716723549488056,0.4064327485380117,0.3606299212598424,0.33479532163742687,-1.0,1,"(9, 1)",89594
"loo_enc,median_imp,k_best_sel,no_scale,over_samp",0.8043808180050588,0.608063558063558,1.4276267109600442,0.21129326047358832,0.21338155515370705,0.20765027322404372,0.21052631578947367,0.21129326047358832,0.18089367502917356,1,"(9, 1)",89594
"woe_enc,median_imp,no_sel,max_abs_scale,no_samp",0.8631897912550089,0.7761152892073867,1.4831428295682603,0.17732884399551063,0.2142857142857143,0.26023391812865493,0.23795180722891562,0.1929584891189723,0.0621398115776028,1,"(9, 1)",89594
"woe_enc,mean_imp,no_sel,under_samp,norm_scale",0.30423940149625933,0.48623853211009177,0.7122659293703657,0.32456140350877194,0.30132450331125826,0.3830409356725146,0.34472049689440987,0.32456140350877205,-1.0,1,"(9, 1)",89594
"woe_enc,mean_imp,no_sel,max_abs_scale,over_samp",0.8093577906244007,0.6298949089917927,1.3988882613184783,0.20218579234972678,0.1909262759924386,0.22040072859744986,0.20593692022263455,0.20218579234972678,0.15512766429046396,2,"(9, 1)",89594
"loo_enc,median_imp,k_best_sel,no_samp,quant_scale",0.8715738113899039,0.8134031578532898,1.553194230977696,0.19079685746352415,0.23124999999999996,0.2807017543859649,0.25679758308157097,0.20774614130955804,0.056295942150242036,2,"(9, 1)",89594
"loo_enc,median_imp,over_samp,k_best_sel,no_scale",0.8137827510917031,0.5961846894084263,1.4264316029886732,0.19763205828779595,0.20250896057347667,0.18943533697632053,0.1960252935862692,0.19763205828779595,0.17175,2,"(9, 1)",89594
"ordinal_enc,most_freq_imp,under_samp,no_sel,norm_scale",0.3198992443324937,0.45871559633027525,0.6948267074413863,0.3377192982456141,0.30927835051546393,0.4122807017543859,0.36492890995260663,0.337719298245614,-1.0,2,"(9, 1)",89594
"loo_enc,median_imp,k_best_sel,no_scale,over_samp",0.8268358558834021,0.6129734848484848,1.443695232236899,0.1912568306010929,0.19237749546279492,0.18943533697632053,0.19090909090909092,0.1912568306010929,0.15499192750377586,2,"(9, 1)",89594
"loo_enc,most_freq_imp,norm_scale,under_samp,no_sel",0.3333333333333333,0.44954128440366975,0.7004123645430426,0.3494152046783626,0.3254237288135593,0.41812865497076024,0.3751962323390894,0.3494152046783625,-1.0,2,"(9, 1)",89594
"loo_enc,most_freq_imp,under_samp,k_best_sel,norm_scale",0.32839506172839505,0.41284403669724773,0.6459521448053558,0.33187134502923976,0.30639730639730645,0.39766081871345027,0.35524256651017216,0.33187134502923976,-1.0,2,"(9, 1)",89594
"woe_enc,mean_imp,no_sel,under_samp,norm_scale",0.2904040404040404,0.47706422018348627,0.679154812517981,0.3157894736842105,0.28859060402684567,0.3801169590643275,0.3375,0.3157894736842106,-1.0,2,"(9, 1)",89594
"woe_enc,mean_imp,no_sel,max_abs_scale,no_samp",0.8631897912550089,0.7761152892073867,1.4831428295682603,0.17732884399551063,0.2142857142857143,0.26023391812865493,0.23795180722891562,0.1929584891189723,0.0621398115776028,2,"(9, 1)",89594
"woe_enc,median_imp,no_sel,max_abs_scale,no_samp",0.8631897912550089,0.7761152892073867,1.4831428295682603,0.17732884399551063,0.2142857142857143,0.26023391812865493,0.23795180722891562,0.1929584891189723,0.0621398115776028,2,"(9, 1)",89594
"ordinal_enc,most_freq_imp,under_samp,no_sel,norm_scale",0.30673316708229426,0.45871559633027525,0.6778936785220561,0.32456140350877194,0.2857142857142857,0.41520467836257313,0.35691318327974275,0.32456140350877194,-1.0,3,"(9, 1)",89594
"loo_enc,most_freq_imp,under_samp,k_best_sel,norm_scale",0.31527093596059114,0.43119266055045874,0.6534148827726809,0.32309941520467833,0.2935153583617748,0.39473684210526316,0.3480314960629922,0.32309941520467844,-1.0,3,"(9, 1)",89594
"loo_enc,most_freq_imp,k_best_sel,under_samp,norm_scale",0.3316582914572864,0.44954128440366975,0.6986762325005555,0.347953216374269,0.3231292517006803,0.41812865497076024,0.37421383647798734,0.347953216374269,-1.0,3,"(9, 1)",89594
"woe_enc,mean_imp,under_samp,no_sel,norm_scale",0.3137254901960784,0.47706422018348627,0.7145224141634194,0.3201754385964912,0.29702970297029707,0.3771929824561403,0.3395348837209303,0.3201754385964911,-1.0,3,"(9, 1)",89594
"woe_enc,most_freq_imp,no_sel,max_abs_scale,no_samp",0.8614566890019759,0.7669409772807811,1.4739685176416548,0.17620650953984285,0.21362229102167185,0.2573099415204678,0.2360902255639098,0.19149650081487868,0.06402283617086349,3,"(9, 1)",89594
"ordinal_enc,mean_imp,under_samp,no_sel,norm_scale",0.31909547738693467,0.45871559633027525,0.694009713977334,0.33479532163742687,0.3031358885017421,0.41520467836257313,0.3640699523052464,0.334795321637427,-1.0,3,"(9, 1)",89594
"loo_enc,median_imp,k_best_sel,no_scale,over_samp",0.8195403356960937,0.6060985797827904,1.4346835750344522,0.1958105646630237,0.19525547445255476,0.19672131147540983,0.19598906107566094,0.1958105646630237,0.1603370221327968,3,"(9, 1)",89594
"loo_enc,median_imp,over_samp,k_best_sel,no_scale",0.8264314302050152,0.6223753280839895,1.4488235711988993,0.19489981785063748,0.1960072595281307,0.19307832422586524,0.19454545454545458,0.1948998178506376,0.15714940230746802,3,"(9, 1)",89594
"woe_enc,mean_imp,no_sel,under_samp,norm_scale",0.2982456140350877,0.47706422018348627,0.6908573236317621,0.32163742690058483,0.29666666666666663,0.3830409356725146,0.34267912772585674,0.32163742690058483,-1.0,3,"(9, 1)",89594
"woe_enc,mean_imp,no_sel,max_abs_scale,over_samp",0.7946913580246914,0.5640921409214091,1.3330854932480949,0.1885245901639344,0.18566176470588236,0.19307832422586524,0.18938700823421772,0.1885245901639344,0.17601126472094214,3,"(9, 1)",89594
"ordinal_enc,mean_imp,under_samp,no_sel,norm_scale",0.33915211970074816,0.43119266055045874,0.6846173180847053,0.3377192982456141,0.31438127090301005,0.4005847953216374,0.36037441497659894,0.337719298245614,-1.0,4,"(9, 1)",89594
"woe_enc,mean_imp,under_samp,no_sel,norm_scale",0.2871287128712871,0.48623853211009177,0.6896283626185664,0.3114035087719298,0.2798634812286689,0.3830409356725146,0.3354330708661417,0.3114035087719298,-1.0,4,"(9, 1)",89594
"loo_enc,mean_imp,no_sel,under_samp,norm_scale",0.3207070707070707,0.42201834862385323,0.6450148643032958,0.33479532163742687,0.30847457627118646,0.4035087719298246,0.35949764521193095,0.33479532163742687,-1.0,4,"(9, 1)",89594
"woe_enc,median_imp,k_best_sel,no_scale,over_samp",0.7883566918219621,0.5934937124111537,1.3572638928480008,0.20491803278688525,0.20967741935483875,0.19672131147540983,0.2032520325203253,0.20491803278688525,0.18835095137420718,4,"(9, 1)",89594
"loo_enc,most_freq_imp,k_best_sel,under_samp,norm_scale",0.33251833740831294,0.44036697247706424,0.6903669724770642,0.3464912280701754,0.32441471571906355,0.4093567251461988,0.36973478939157556,0.3464912280701755,-1.0,4,"(9, 1)",89594
"ordinal_enc,most_freq_imp,under_samp,no_sel,norm_scale",0.3082706766917293,0.45871559633027525,0.679405251502689,0.33040935672514615,0.29861111111111116,0.4093567251461988,0.3587301587301587,0.33040935672514626,-1.0,4,"(9, 1)",89594
"loo_enc,most_freq_imp,under_samp,k_best_sel,norm_scale",0.34,0.44036697247706424,0.6980989312399508,0.35526315789473684,0.3366336633663366,0.4122807017543859,0.3767441860465115,0.35526315789473684,-1.0,4,"(9, 1)",89594
"woe_enc,mean_imp,no_sel,under_samp,norm_scale",0.3104325699745547,0.47706422018348627,0.705937459620106,0.32748538011695905,0.30718954248366015,0.3801169590643275,0.3456790123456791,0.32748538011695916,-1.0,4,"(9, 1)",89594
"woe_enc,mean_imp,no_sel,max_abs_scale,over_samp",0.8134397484319724,0.5835905271199389,1.416449026645105,0.19398907103825136,0.1923076923076923,0.19672131147540983,0.19452054794520557,0.19398907103825136,0.16452576628318863,4,"(9, 1)",89594
"woe_enc,most_freq_imp,no_sel,max_abs_scale,no_samp",0.8614566890019759,0.7669409772807811,1.4739685176416548,0.17620650953984285,0.21362229102167185,0.2573099415204678,0.2360902255639098,0.19149650081487868,0.06402283617086349,4,"(9, 1)",89594
"loo_enc,mean_imp,no_sel,under_samp,norm_scale",0.32019704433497537,0.44036697247706424,0.6726902048002965,0.3362573099415205,0.3082191780821918,0.4093567251461988,0.362776025236593,0.33625730994152037,-1.0,5,"(9, 1)",89594
"woe_enc,mean_imp,no_sel,under_samp,norm_scale",0.30710659898477155,0.47706422018348627,0.7016256236922582,0.32602339181286555,0.30363036303630364,0.3830409356725146,0.34573643410852717,0.32602339181286544,-1.0,5,"(9, 1)",89594
"loo_enc,most_freq_imp,under_samp,no_sel,norm_scale",0.3167082294264339,0.47706422018348627,0.7167902475807465,0.3450292397660819,0.3146853146853147,0.42690058479532167,0.37579617834394907,0.3450292397660819,-1.0,5,"(9, 1)",89594
"ordinal_enc,most_freq_imp,k_best_sel,under_samp,norm_scale",0.3032581453634085,0.45871559633027525,0.6725086997785511,0.32309941520467833,0.28919860627177696,0.4035087719298246,0.3513513513513513,0.32309941520467833,-1.0,5,"(9, 1)",89594
"ordinal_enc,most_freq_imp,under_samp,no_sel,norm_scale",0.29850746268656714,0.45871559633027525,0.6669067226101387,0.32163742690058483,0.28521126760563376,0.4064327485380117,0.3514376996805112,0.3216374269005847,-1.0,5,"(9, 1)",89594
"ordinal_enc,mean_imp,under_samp,no_sel,norm_scale",0.3165829145728643,0.46788990825688076,0.7031840259039396,0.3391812865497076,0.31418918918918914,0.4064327485380117,0.36363636363636365,0.3391812865497076,-1.0,5,"(9, 1)",89594
"loo_enc,most_freq_imp,k_best_sel,under_samp,norm_scale",0.31343283582089554,0.43119266055045874,0.6496226946801515,0.32602339181286555,0.2941176470588235,0.4035087719298246,0.3534072900158479,0.32602339181286544,-1.0,5,"(9, 1)",89594
"woe_enc,mean_imp,no_sel,max_abs_scale,over_samp",0.7874204888710192,0.5573770491803278,1.373141531611477,0.20400728597449913,0.20508166969147001,0.20218579234972678,0.20363636363636362,0.20400728597449902,0.18712018816317408,5,"(9, 1)",89594
"woe_enc,median_imp,k_best_sel,no_scale,over_samp",0.786358586980671,0.5916119174942704,1.3408996667820197,0.20218579234972678,0.20855614973262027,0.1912568306010929,0.20000000000000007,0.20218579234972678,0.1905132192846034,5,"(9, 1)",89594
"woe_enc,mean_imp,under_samp,no_sel,norm_scale",0.3009950248756219,0.47706422018348627,0.6954942543131791,0.3187134502923976,0.29333333333333333,0.3801169590643275,0.33956386292834884,0.3187134502923977,-1.0,5,"(9, 1)",89594
"loo_enc,mean_imp,under_samp,no_sel,norm_scale",0.3292079207920792,0.41284403669724773,0.6467423417819935,0.33187134502923976,0.30639730639730645,0.39766081871345027,0.35524256651017216,0.33187134502923976,-1.0,6,"(9, 1)",89594
"ordinal_enc,mean_imp,no_sel,under_samp,norm_scale",0.3282442748091603,0.46788990825688076,0.7178899082568808,0.3377192982456141,0.31058020477815695,0.4093567251461988,0.36377952755905507,0.3377192982456141,-1.0,6,"(9, 1)",89594
"loo_enc,most_freq_imp,k_best_sel,under_samp,norm_scale",0.34074074074074073,0.45871559633027525,0.7256074882221671,0.35818713450292394,0.33993399339933994,0.41520467836257313,0.3798449612403101,0.35818713450292405,-1.0,6,"(9, 1)",89594
"woe_enc,mean_imp,under_samp,no_sel,norm_scale",0.3057644110275689,0.48623853211009177,0.7138247390066434,0.3201754385964912,0.29568106312292364,0.3801169590643275,0.3405909797822707,0.32017543859649134,-1.0,6,"(9, 1)",89594
"woe_enc,mean_imp,no_sel,under_samp,norm_scale",0.29974811083123426,0.48623853211009177,0.7049885321100917,0.32163742690058483,0.29801324503311255,0.3801169590643275,0.3416149068322981,0.32163742690058483,-1.0,6,"(9, 1)",89594
"loo_enc,most_freq_imp,under_samp,no_sel,norm_scale",0.3234567901234568,0.45871559633027525,0.7019588395735186,0.347953216374269,0.3231292517006803,0.41812865497076024,0.37421383647798734,0.347953216374269,-1.0,6,"(9, 1)",89594
"ordinal_enc,most_freq_imp,under_samp,no_sel,norm_scale",0.3234567901234568,0.45871559633027525,0.7019588395735186,0.33040935672514615,0.30272108843537415,0.4005847953216374,0.35534591194968557,0.33040935672514615,-1.0,6,"(9, 1)",89594
"ordinal_enc,mean_imp,under_samp,no_sel,norm_scale",0.29901960784313725,0.46788990825688076,0.6819367309993557,0.32456140350877194,0.2902097902097902,0.4064327485380117,0.35350318471337583,0.32456140350877194,-1.0,6,"(9, 1)",89594
"woe_enc,mean_imp,no_sel,max_abs_scale,over_samp",0.8042278192547746,0.5857133899739787,1.3649156691762578,0.18943533697632053,0.1882998171846435,0.1912568306010929,0.1897810218978102,0.18943533697632053,0.16511775714134388,6,"(9, 1)",89594
"ordinal_enc,most_freq_imp,k_best_sel,under_samp,min_max_scale",0.8475579064489638,0.7339449541284404,1.6076694439243586,0.23099415204678364,0.22941176470588232,0.23391812865497075,0.23167155425219932,0.23099415204678364,0.14941510102800423,6,"(9, 1)",89594
"loo_enc,mean_imp,under_samp,no_sel,norm_scale",0.3258145363408521,0.44954128440366975,0.6909205947484973,0.3435672514619883,0.31740614334470985,0.41520467836257313,0.37007874015748043,0.3435672514619883,-1.0,7,"(9, 1)",89594
"woe_enc,most_freq_imp,under_samp,no_sel,norm_scale",0.2982456140350877,0.47706422018348627,0.6908573236317621,0.3114035087719298,0.28428093645484953,0.3742690058479532,0.3322932917316693,0.3114035087719298,-1.0,7,"(9, 1)",89594
"ordinal_enc,mean_imp,no_sel,under_samp,norm_scale",0.32587064676616917,0.41284403669724773,0.6415129786767699,0.32163742690058483,0.2925170068027211,0.39181286549707606,0.3459119496855346,0.32163742690058483,-1.0,7,"(9, 1)",89594
"woe_enc,mean_imp,no_sel,under_samp,norm_scale",0.291970802919708,0.47706422018348627,0.6856734917066651,0.3070175438596491,0.277027027027027,0.3742690058479532,0.3291536050156739,0.3070175438596491,-1.0,7,"(9, 1)",89594
"woe_enc,mean_imp,under_samp,no_sel,norm_scale",0.2989949748743719,0.47706422018348627,0.6915970921558046,0.3172514619883041,0.292358803986711,0.3771929824561403,0.33748055987558323,0.3172514619883041,-1.0,7,"(9, 1)",89594
"ordinal_enc,most_freq_imp,k_best_sel,under_samp,min_max_scale",0.8464805771659176,0.7021301728550616,1.5894601048278507,0.2222222222222222,0.21893491124260356,0.22807017543859653,0.22352941176470587,0.2222222222222222,0.14745146170744505,7,"(9, 1)",89594
"ordinal_enc,mean_imp,under_samp,no_sel,norm_scale",0.3316953316953317,0.3944954128440367,0.6260390370051105,0.3201754385964912,0.29568106312292364,0.3801169590643275,0.3405909797822707,0.32017543859649134,-1.0,7,"(9, 1)",89594
"ordinal_enc,most_freq_imp,under_samp,no_sel,norm_scale",0.3233082706766917,0.44954128440366975,0.6874723188864283,0.32894736842105265,0.30434782608695654,0.39181286549707606,0.35101404056162244,0.32894736842105265,-1.0,7,"(9, 1)",89594
"loo_enc,most_freq_imp,under_samp,no_sel,norm_scale",0.3135802469135803,0.44036697247706424,0.6633399454500373,0.3362573099415205,0.3068965517241379,0.4122807017543859,0.36392405063291144,0.3362573099415205,-1.0,7,"(9, 1)",89594
"woe_enc,mean_imp,no_sel,max_abs_scale,over_samp",0.7759667625439438,0.5191256830601093,1.3021266327277257,0.19034608378870677,0.19424460431654678,0.1839708561020036,0.18914027149321266,0.19034608378870677,0.19708994708994707,7,"(9, 1)",89594
"woe_enc,most_freq_imp,under_samp,no_sel,norm_scale",0.31565656565656564,0.47706422018348627,0.713998018092894,0.32748538011695905,0.3108974358974359,0.3713450292397661,0.3425076452599387,0.32748538011695905,-1.0,8,"(9, 1)",89594
"woe_enc,mean_imp,under_samp,no_sel,norm_scale",0.3096446700507614,0.47706422018348627,0.7051343956220828,0.32163742690058483,0.29801324503311255,0.3801169590643275,0.3416149068322981,0.32163742690058483,-1.0,8,"(9, 1)",89594
"ordinal_enc,mean_imp,no_sel,under_samp,norm_scale",0.30808080808080807,0.46788990825688076,0.6908864239363233,0.33479532163742687,0.30716723549488056,0.4064327485380117,0.3606299212598424,0.33479532163742687,-1.0,8,"(9, 1)",89594
"ordinal_enc,most_freq_imp,under_samp,no_sel,norm_scale",0.3,0.44036697247706424,0.646347038922247,0.3114035087719298,0.2720848056537103,0.39766081871345027,0.3408000000000001,0.3114035087719298,-1.0,8,"(9, 1)",89594
"loo_enc,mean_imp,under_samp,norm_scale,no_sel",0.3333333333333333,0.42201834862385323,0.6643391677364812,0.3464912280701754,0.32558139534883723,0.4064327485380117,0.36858475894245724,0.3464912280701754,-1.0,8,"(9, 1)",89594
"woe_enc,mean_imp,no_sel,under_samp,norm_scale",0.30317848410757947,0.48623853211009177,0.7129051987767584,0.3157894736842105,0.29139072847682124,0.3742690058479532,0.3354037267080745,0.3157894736842105,-1.0,8,"(9, 1)",89594
"loo_enc,most_freq_imp,under_samp,no_sel,norm_scale",0.315136476426799,0.44954128440366975,0.6774324408662548,0.33479532163742687,0.3031358885017421,0.41520467836257313,0.3640699523052464,0.334795321637427,-1.0,8,"(9, 1)",89594
"ordinal_enc,most_freq_imp,k_best_sel,under_samp,min_max_scale",0.8557757549588925,0.7113044847816672,1.6091127039597493,0.2222222222222222,0.21726190476190477,0.23099415204678364,0.22418879056047203,0.2222222222222221,0.13813331440083068,8,"(9, 1)",89594
"woe_enc,mean_imp,no_sel,max_abs_scale,over_samp",0.7968266214237191,0.5384946501045382,1.3547339663438545,0.18670309653916206,0.19064748201438853,0.180327868852459,0.18552036199095012,0.18670309653916206,0.1798428693904513,8,"(9, 1)",89594
"ordinal_enc,mean_imp,under_samp,no_sel,norm_scale",0.3176178660049628,0.46788990825688076,0.7059851463521188,0.33479532163742687,0.30584192439862545,0.4093567251461988,0.3617693522906794,0.334795321637427,-1.0,8,"(9, 1)",89594
"ordinal_enc,most_freq_imp,no_sel,under_samp,norm_scale",0.3015075376884422,0.45871559633027525,0.6697882606901369,0.32309941520467833,0.28771929824561404,0.4064327485380117,0.3524720893141946,0.32309941520467833,-1.0,9,"(9, 1)",89594
"woe_enc,mean_imp,under_samp,no_sel,norm_scale",0.3009950248756219,0.47706422018348627,0.6954942543131791,0.314327485380117,0.28903654485049834,0.3742690058479532,0.33437013996889586,0.3143274853801169,-1.0,9,"(9, 1)",89594
"woe_enc,most_freq_imp,under_samp,no_sel,norm_scale",0.2995049504950495,0.47706422018348627,0.6940133727258592,0.3128654970760234,0.2894736842105263,0.368421052631579,0.3312693498452012,0.3128654970760234,-1.0,9,"(9, 1)",89594
"ordinal_enc,mean_imp,no_sel,under_samp,norm_scale",0.32663316582914576,0.46788990825688076,0.7170248563537666,0.3435672514619883,0.3210702341137124,0.4064327485380117,0.36661466458658354,0.3435672514619883,-1.0,9,"(9, 1)",89594
"loo_enc,most_freq_imp,under_samp,no_sel,norm_scale",0.314070351758794,0.44954128440366975,0.6744547792133584,0.3362573099415205,0.3055555555555556,0.41520467836257313,0.3650793650793651,0.3362573099415205,-1.0,9,"(9, 1)",89594
"ordinal_enc,most_freq_imp,k_best_sel,under_samp,min_max_scale",0.8260297176559387,0.6794897035082884,1.4850452590638439,0.2178362573099415,0.21364985163204753,0.22514619883040932,0.21944035346097202,0.2178362573099415,0.15028484241127452,9,"(9, 1)",89594
"ordinal_enc,most_freq_imp,under_samp,no_sel,norm_scale",0.3034825870646766,0.47706422018348627,0.6989072235964555,0.33187134502923976,0.2953736654804271,0.42105263157894735,0.3643659711075442,0.3318713450292399,-1.0,9,"(9, 1)",89594
"woe_enc,mean_imp,no_sel,under_samp,norm_scale",0.3176178660049628,0.4954128440366973,0.7437121637645885,0.33333333333333337,0.3184713375796179,0.3742690058479532,0.3475609756097562,0.33333333333333326,-1.0,9,"(9, 1)",89594
"loo_enc,mean_imp,under_samp,norm_scale,no_sel",0.3241206030150754,0.44036697247706424,0.6756610901241231,0.3406432748538012,0.3127147766323024,0.41520467836257313,0.36808846761453395,0.3406432748538012,-1.0,9,"(9, 1)",89594
"woe_enc,mean_imp,no_sel,max_abs_scale,over_samp",0.8073626373626374,0.5990358415426535,1.4072029830431285,0.20127504553734066,0.19288389513108617,0.21493624772313302,0.20406278855032323,0.20127504553734066,0.16273504273504272,9,"(9, 1)",89594
"woe_enc,most_freq_imp,no_sel,under_samp,norm_scale",0.30445544554455445,0.47706422018348627,0.7007930337428083,0.3128654970760234,0.2894736842105263,0.368421052631579,0.3312693498452012,0.3128654970760234,-1.0,10,"(9, 1)",89594
"ordinal_enc,mean_imp,no_sel,under_samp,norm_scale",0.3193069306930693,0.46788990825688076,0.7085678743585757,0.3421052631578947,0.3163265306122449,0.4122807017543859,0.3679245283018867,0.3421052631578947,-1.0,10,"(9, 1)",89594
"loo_enc,most_freq_imp,under_samp,no_sel,norm_scale",0.3407960199004975,0.44036697247706424,0.6997526380060745,0.3406432748538012,0.31399317406143346,0.4122807017543859,0.36692913385826775,0.3406432748538012,-1.0,10,"(9, 1)",89594
"woe_enc,most_freq_imp,under_samp,no_sel,norm_scale",0.30845771144278605,0.46788990825688076,0.6931458809531265,0.314327485380117,0.2904290429042904,0.3713450292397661,0.33333333333333337,0.3143274853801169,-1.0,10,"(9, 1)",89594
"woe_enc,mean_imp,under_samp,no_sel,norm_scale",0.31094527363184077,0.48623853211009177,0.7217334126561669,0.32602339181286555,0.30363036303630364,0.3830409356725146,0.34573643410852717,0.32602339181286544,-1.0,10,"(9, 1)",89594
"ordinal_enc,most_freq_imp,under_samp,no_sel,norm_scale",0.3325,0.45871559633027525,0.7130111289763233,0.3377192982456141,0.311864406779661,0.4064327485380117,0.3626373626373627,0.3377192982456141,-1.0,10,"(9, 1)",89594
"woe_enc,mean_imp,no_sel,under_samp,norm_scale",0.2932330827067669,0.48623853211009177,0.6965833596962987,0.32456140350877194,0.30132450331125826,0.3830409356725146,0.34472049689440987,0.32456140350877205,-1.0,10,"(9, 1)",89594
"loo_enc,mean_imp,under_samp,norm_scale,no_sel",0.34577114427860695,0.43119266055045874,0.6939912953627454,0.3435672514619883,0.3210702341137124,0.4064327485380117,0.36661466458658354,0.3435672514619883,-1.0,10,"(9, 1)",89594
"ordinal_enc,most_freq_imp,no_sel,under_samp,norm_scale",0.30730478589420657,0.45871559633027525,0.6774655963302753,0.33040935672514615,0.2972027972027972,0.4122807017543859,0.3598726114649681,0.33040935672514615,-1.0,10,"(9, 1)",89594
"woe_enc,mean_imp,no_sel,max_abs_scale,over_samp",0.8215626019797673,0.5893548082670107,1.4184146373268396,0.18670309653916206,0.18382352941176472,0.1912568306010929,0.18755718206770355,0.18670309653916206,0.1528776726253067,10,"(9, 1)",89594
"ordinal_enc,mean_imp,no_sel,under_samp,norm_scale",0.3349875930521092,0.42201834862385323,0.6669163078075266,0.32602339181286555,0.29830508474576267,0.39473684210526316,0.35007849293563587,0.32602339181286555,-1.0,11,"(9, 1)",89594
"woe_enc,most_freq_imp,no_sel,under_samp,norm_scale",0.2989949748743719,0.46788990825688076,0.6789625726167423,0.3114035087719298,0.2885245901639344,0.36549707602339176,0.32921174652241114,0.3114035087719298,-1.0,11,"(9, 1)",89594
"woe_enc,most_freq_imp,under_samp,no_sel,norm_scale",0.29,0.46788990825688076,0.6672026230335131,0.3070175438596491,0.2785234899328859,0.3713450292397661,0.3281249999999999,0.3070175438596491,-1.0,11,"(9, 1)",89594
"woe_enc,mean_imp,no_sel,under_samp,norm_scale",0.3002481389578164,0.4954128440366973,0.7199026399550646,0.32163742690058483,0.29666666666666663,0.3830409356725146,0.34267912772585674,0.32163742690058483,-1.0,11,"(9, 1)",89594
"ordinal_enc,most_freq_imp,under_samp,no_sel,norm_scale",0.31435643564356436,0.44036697247706424,0.6640957860363863,0.32748538011695905,0.297945205479452,0.4005847953216374,0.35331230283911674,0.32748538011695894,-1.0,11,"(9, 1)",89594
"loo_enc,mean_imp,under_samp,norm_scale,no_sel",0.35074626865671643,0.41284403669724773,0.6756426715095345,0.3406432748538012,0.3201320132013201,0.39766081871345027,0.36124031007751933,0.3406432748538012,-1.0,11,"(9, 1)",89594
"ordinal_enc,most_freq_imp,no_sel,under_samp,norm_scale",0.30845771144278605,0.44954128440366975,0.6679713185333626,0.32309941520467833,0.28771929824561404,0.4064327485380117,0.3524720893141946,0.32309941520467833,-1.0,11,"(9, 1)",89594
"woe_enc,mean_imp,under_samp,no_sel,norm_scale",0.2835820895522388,0.48623853211009177,0.6841907505401259,0.3157894736842105,0.2842465753424658,0.38888888888888884,0.34069400630914837,0.3157894736842105,-1.0,11,"(9, 1)",89594
"loo_enc,most_freq_imp,under_samp,no_sel,norm_scale",0.3432098765432099,0.44954128440366975,0.7164331762955616,0.3494152046783626,0.3277591973244147,0.4122807017543859,0.3728549141965678,0.3494152046783625,-1.0,11,"(9, 1)",89594
"woe_enc,mean_imp,no_sel,no_samp,norm_scale",0.18890814558058924,0.6146788990825688,0.757841292244962,0.30415263748597077,0.35856573705179284,0.5292397660818713,0.45699831365935917,0.3465870961556897,-1.0,11,"(9, 1)",89594
"woe_enc,mean_imp,under_samp,no_sel,norm_scale",0.293398533007335,0.45871559633027525,0.6620489296636086,0.30409356725146197,0.2751677852348994,0.368421052631579,0.3250000000000002,0.30409356725146197,-1.0,12,"(9, 1)",89594
"woe_enc,most_freq_imp,no_sel,under_samp,norm_scale",0.2957393483709273,0.47706422018348627,0.6874090477696931,0.3128654970760234,0.28523489932885904,0.3771929824561403,0.334375,0.3128654970760234,-1.0,12,"(9, 1)",89594
"ordinal_enc,mean_imp,under_samp,no_sel,norm_scale",0.3078817733990148,0.45871559633027525,0.6809378185524975,0.33333333333333337,0.3047945205479452,0.4064327485380117,0.35962145110410093,0.33333333333333337,-1.0,12,"(9, 1)",89594
"woe_enc,most_freq_imp,under_samp,no_sel,norm_scale",0.3125,0.46788990825688076,0.6981304580850595,0.32309941520467833,0.30546623794212213,0.368421052631579,0.33843797856048996,0.32309941520467844,-1.0,12,"(9, 1)",89594
"ordinal_enc,most_freq_imp,no_sel,under_samp,norm_scale",0.31343283582089554,0.45871559633027525,0.6873845383097974,0.32894736842105265,0.2989690721649485,0.4035087719298246,0.35545023696682465,0.32894736842105265,-1.0,12,"(9, 1)",89594
"woe_enc,mean_imp,no_sel,over_samp,norm_scale",0.29237947122861585,0.4685714285714286,0.6715628815628816,0.29508196721311475,0.27634194831013914,0.33697632058287796,0.3079847908745247,0.29508196721311464,-1.0,12,"(9, 1)",89594
"woe_enc,mean_imp,no_sel,no_samp,norm_scale",0.18890814558058924,0.6146788990825688,0.757841292244962,0.30415263748597077,0.35856573705179284,0.5292397660818713,0.45699831365935917,0.3465870961556897,-1.0,12,"(9, 1)",89594
"ordinal_enc,most_freq_imp,under_samp,no_sel,norm_scale",0.3208955223880597,0.47706422018348627,0.7227980085793907,0.3450292397660819,0.3159722222222222,0.42397660818713445,0.3746031746031746,0.3450292397660819,-1.0,12,"(9, 1)",89594
"ordinal_enc,mean_imp,no_sel,under_samp,norm_scale",0.3283582089552239,0.43119266055045874,0.6701005103798103,0.32602339181286555,0.29830508474576267,0.39473684210526316,0.35007849293563587,0.32602339181286555,-1.0,12,"(9, 1)",89594
"woe_enc,mean_imp,no_sel,under_samp,norm_scale",0.2932330827067669,0.4954128440366973,0.7092059474849731,0.32309941520467833,0.2962962962962963,0.38888888888888884,0.3458528951486698,0.32309941520467844,-1.0,12,"(9, 1)",89594
"ordinal_enc,mean_imp,under_samp,no_sel,norm_scale",0.3161764705882353,0.46788990825688076,0.7053481022368139,0.3377192982456141,0.31058020477815695,0.4093567251461988,0.36377952755905507,0.3377192982456141,-1.0,13,"(9, 1)",89594
"woe_enc,most_freq_imp,no_sel,under_samp,norm_scale",0.28255528255528256,0.48623853211009177,0.6842251092912999,0.3099415204678363,0.2847682119205298,0.368421052631579,0.3291925465838509,0.3099415204678363,-1.0,13,"(9, 1)",89594
"ordinal_enc,mean_imp,no_sel,over_samp,norm_scale",0.34108527131782945,0.3898305084745763,0.6291467477908156,0.3114754098360656,0.294234592445328,0.3533697632058288,0.3250950570342206,0.3114754098360656,-1.0,13,"(9, 1)",89594
"woe_enc,mean_imp,under_samp,no_sel,norm_scale",0.31738035264483627,0.47706422018348627,0.7166475535168196,0.32894736842105265,0.3130990415335463,0.3713450292397661,0.3435114503816794,0.32894736842105254,-1.0,13,"(9, 1)",89594
"woe_enc,mean_imp,no_sel,under_samp,norm_scale",0.30445544554455445,0.4954128440366973,0.7259213186129685,0.32894736842105265,0.30819672131147546,0.3830409356725146,0.3477588871715611,0.32894736842105265,-1.0,13,"(9, 1)",89594
"woe_enc,most_freq_imp,under_samp,no_sel,norm_scale",0.3047858942065491,0.48623853211009177,0.7119329765545362,0.32894736842105265,0.30944625407166126,0.3801169590643275,0.3466872110939908,0.32894736842105277,-1.0,13,"(9, 1)",89594
"woe_enc,mean_imp,no_sel,no_samp,norm_scale",0.18890814558058924,0.6146788990825688,0.757841292244962,0.30415263748597077,0.35856573705179284,0.5292397660818713,0.45699831365935917,0.3465870961556897,-1.0,13,"(9, 1)",89594
"woe_enc,mean_imp,no_sel,over_samp,norm_scale",0.28683385579937304,0.4764705882352941,0.677325289089995,0.30236794171220405,0.278118609406953,0.3570127504553734,0.31984585741811167,0.30236794171220405,-1.0,13,"(9, 1)",89594
"ordinal_enc,most_freq_imp,no_sel,under_samp,norm_scale",0.29925187032418954,0.45871559633027525,0.6676197059193163,0.32748538011695905,0.2922535211267606,0.4122807017543859,0.35782747603833853,0.32748538011695905,-1.0,13,"(9, 1)",89594
"ordinal_enc,most_freq_imp,under_samp,no_sel,norm_scale",0.3333333333333333,0.43119266055045874,0.6769264489463631,0.3362573099415205,0.31333333333333335,0.39766081871345027,0.3582554517133957,0.3362573099415205,-1.0,13,"(9, 1)",89594
"ordinal_enc,most_freq_imp,no_sel,under_samp,norm_scale",0.315136476426799,0.44036697247706424,0.6648567683954316,0.33040935672514615,0.3013698630136986,0.4035087719298246,0.35646687697160884,0.33040935672514615,-1.0,14,"(9, 1)",89594
"woe_enc,most_freq_imp,no_sel,under_samp,norm_scale",0.30808080808080807,0.46788990825688076,0.6908864239363233,0.32602339181286555,0.3074433656957929,0.3742690058479532,0.3425499231950845,0.32602339181286544,-1.0,14,"(9, 1)",89594
"woe_enc,mean_imp,no_sel,no_samp,norm_scale",0.18890814558058924,0.6146788990825688,0.757841292244962,0.30415263748597077,0.35856573705179284,0.5292397660818713,0.45699831365935917,0.3465870961556897,-1.0,14,"(9, 1)",89594
"woe_enc,mean_imp,no_sel,over_samp,norm_scale",0.2919254658385093,0.4772727272727273,0.6824009324009324,0.29872495446265934,0.2811881188118812,0.3387978142076503,0.31119544592030357,0.29872495446265934,-1.0,14,"(9, 1)",89594
"woe_enc,mean_imp,no_sel,under_samp,norm_scale",0.3096446700507614,0.48623853211009177,0.7178174794785128,0.32894736842105265,0.30564784053156147,0.38888888888888884,0.3499222395023328,0.32894736842105265,-1.0,14,"(9, 1)",89594
"ordinal_enc,most_freq_imp,under_samp,no_sel,norm_scale",0.314214463840399,0.44954128440366975,0.6755686816639437,0.32602339181286555,0.2955326460481099,0.4005847953216374,0.3522906793048973,0.32602339181286544,-1.0,14,"(9, 1)",89594
"ordinal_enc,mean_imp,no_sel,over_samp,norm_scale",0.31825273010920435,0.4393063583815029,0.6679388370139815,0.3242258652094717,0.2993762993762994,0.38615664845173037,0.34563106796116505,0.3242258652094717,-1.0,14,"(9, 1)",89594
"woe_enc,mean_imp,k_best_sel,no_samp,norm_scale",0.1854419410745234,0.6146788990825688,0.7535677879714577,0.303030303030303,0.356,0.5292397660818713,0.45608108108108103,0.3456763493433036,-1.0,14,"(9, 1)",89594
"woe_enc,mean_imp,under_samp,no_sel,norm_scale",0.291358024691358,0.48623853211009177,0.6956979915695513,0.3128654970760234,0.28378378378378377,0.3801169590643275,0.335423197492163,0.3128654970760234,-1.0,14,"(9, 1)",89594
"ordinal_enc,mean_imp,under_samp,no_sel,norm_scale",0.3425,0.42201834862385323,0.6763138812699013,0.33187134502923976,0.3114754098360656,0.38596491228070173,0.3508500772797527,0.33187134502923976,-1.0,14,"(9, 1)",89594
"ordinal_enc,most_freq_imp,no_sel,under_samp,norm_scale",0.33668341708542715,0.45871559633027525,0.7182311672645313,0.3508771929824561,0.33223684210526316,0.4064327485380117,0.37151702786377705,0.3508771929824561,-1.0,15,"(9, 1)",89594
"woe_enc,most_freq_imp,no_sel,under_samp,norm_scale",0.3053435114503817,0.47706422018348627,0.6988952060989793,0.32456140350877194,0.30645161290322576,0.3713450292397661,0.3404907975460122,0.32456140350877194,-1.0,15,"(9, 1)",89594
"woe_enc,mean_imp,under_samp,no_sel,norm_scale",0.2935323383084577,0.47706422018348627,0.6852553464633497,0.3187134502923976,0.2919463087248322,0.3830409356725146,0.34062499999999996,0.3187134502923977,-1.0,15,"(9, 1)",89594
"woe_enc,mean_imp,no_sel,over_samp,norm_scale",0.2835130970724191,0.5027624309392266,0.7036171317939275,0.3051001821493625,0.28163265306122454,0.35883424408014575,0.32242540904716077,0.3051001821493625,-1.0,15,"(9, 1)",89594
"woe_enc,mean_imp,no_sel,under_samp,norm_scale",0.31,0.47706422018348627,0.7073047700116649,0.32456140350877194,0.303921568627451,0.3771929824561403,0.34259259259259256,0.32456140350877183,-1.0,15,"(9, 1)",89594
"woe_enc,mean_imp,no_sel,no_samp,norm_scale",0.18890814558058924,0.6146788990825688,0.757841292244962,0.30415263748597077,0.35856573705179284,0.5292397660818713,0.45699831365935917,0.3465870961556897,-1.0,15,"(9, 1)",89594
"ordinal_enc,mean_imp,no_sel,over_samp,norm_scale",0.3234836702954899,0.4342857142857143,0.6671916971916971,0.3205828779599271,0.2985685071574642,0.3752276867030966,0.33911368015414256,0.3205828779599271,-1.0,15,"(9, 1)",89594
"woe_enc,mean_imp,k_best_sel,no_samp,norm_scale",0.1854419410745234,0.6146788990825688,0.7535677879714577,0.303030303030303,0.356,0.5292397660818713,0.45608108108108103,0.3456763493433036,-1.0,15,"(9, 1)",89594
"ordinal_enc,most_freq_imp,under_samp,no_sel,norm_scale",0.3123425692695214,0.44954128440366975,0.671763506625892,0.32748538011695905,0.30067567567567566,0.39473684210526316,0.35109717868338564,0.32748538011695927,-1.0,15,"(9, 1)",89594
"woe_enc,mean_imp,no_sel,norm_scale,over_samp",0.2897196261682243,0.47701149425287354,0.6800029472443265,0.30327868852459017,0.2857142857142857,0.34426229508196726,0.3162393162393162,0.3032786885245903,-1.0,15,"(9, 1)",89594
"ordinal_enc,most_freq_imp,no_sel,under_samp,norm_scale",0.31218274111675126,0.47706422018348627,0.7086431675519074,0.3464912280701754,0.31958762886597936,0.42105263157894735,0.3744075829383886,0.3464912280701754,-1.0,16,"(9, 1)",89594
"ordinal_enc,mean_imp,no_sel,over_samp,norm_scale",0.31521739130434784,0.44886363636363635,0.6753593628593628,0.3278688524590164,0.3002114164904862,0.39708561020036426,0.3522504892367906,0.3278688524590163,-1.0,16,"(9, 1)",89594
"woe_enc,mean_imp,no_sel,over_samp,norm_scale",0.2936630602782071,0.48044692737430167,0.6877118846392589,0.29508196721311475,0.27454909819639284,0.34061930783242256,0.30916030534351147,0.29508196721311475,-1.0,16,"(9, 1)",89594
"woe_enc,mean_imp,no_sel,no_samp,norm_scale",0.18890814558058924,0.6146788990825688,0.757841292244962,0.30415263748597077,0.35856573705179284,0.5292397660818713,0.45699831365935917,0.3465870961556897,-1.0,16,"(9, 1)",89594
"woe_enc,most_freq_imp,no_sel,under_samp,norm_scale",0.30710659898477155,0.47706422018348627,0.7016256236922582,0.32748538011695905,0.305921052631579,0.3830409356725146,0.34674922600619196,0.32748538011695905,-1.0,16,"(9, 1)",89594
"woe_enc,mean_imp,no_sel,under_samp,norm_scale",0.2977667493796526,0.47706422018348627,0.6913499344692006,0.314327485380117,0.2861952861952862,0.3801169590643275,0.33646322378716753,0.3143274853801169,-1.0,16,"(9, 1)",89594
"ordinal_enc,most_freq_imp,under_samp,no_sel,norm_scale",0.3197969543147208,0.45871559633027525,0.6938033156285208,0.3406432748538012,0.31399317406143346,0.4122807017543859,0.36692913385826775,0.3406432748538012,-1.0,16,"(9, 1)",89594
"woe_enc,mean_imp,k_best_sel,no_samp,norm_scale",0.1854419410745234,0.6146788990825688,0.7535677879714577,0.303030303030303,0.356,0.5292397660818713,0.45608108108108103,0.3456763493433036,-1.0,16,"(9, 1)",89594
"woe_enc,mean_imp,under_samp,no_sel,norm_scale",0.32160804020100503,0.47706422018348627,0.7227389606679153,0.33040935672514615,0.3129032258064516,0.3771929824561403,0.34662576687116553,0.33040935672514626,-1.0,16,"(9, 1)",89594
"woe_enc,mean_imp,no_sel,norm_scale,over_samp",0.28861154446177845,0.4797687861271676,0.6827602391186206,0.30236794171220405,0.282565130260521,0.34790528233151186,0.316793893129771,0.30236794171220405,-1.0,16,"(9, 1)",89594
"woe_enc,mean_imp,no_sel,over_samp,norm_scale",0.3065015479876161,0.4550561797752809,0.6708681455872467,0.2996357012750456,0.28682170542635654,0.32969034608378867,0.3089201877934271,0.29963570127504546,-1.0,17,"(9, 1)",89594
"woe_enc,mean_imp,no_sel,norm_scale,over_samp",0.29017160686427457,0.4797687861271676,0.6848969912553727,0.29508196721311475,0.27544910179640714,0.3387978142076503,0.3085714285714285,0.29508196721311475,-1.0,17,"(9, 1)",89594
"woe_enc,mean_imp,no_sel,no_samp,norm_scale",0.18890814558058924,0.6146788990825688,0.757841292244962,0.30415263748597077,0.35856573705179284,0.5292397660818713,0.45699831365935917,0.3465870961556897,-1.0,17,"(9, 1)",89594
"woe_enc,mean_imp,k_best_sel,over_samp,norm_scale",0.2854938271604938,0.5166666666666667,0.7260683760683762,0.307832422586521,0.290258449304175,0.3497267759562842,0.32129277566539927,0.3078324225865209,-1.0,17,"(9, 1)",89594
"ordinal_enc,mean_imp,no_sel,over_samp,norm_scale",0.31587301587301586,0.43209876543209874,0.6607312440645774,0.3151183970856102,0.29327902240325865,0.3679417122040073,0.33269230769230773,0.3151183970856103,-1.0,17,"(9, 1)",89594
"woe_enc,mean_imp,k_best_sel,no_samp,norm_scale",0.1854419410745234,0.6146788990825688,0.7535677879714577,0.303030303030303,0.356,0.5292397660818713,0.45608108108108103,0.3456763493433036,-1.0,17,"(9, 1)",89594
"woe_enc,mean_imp,no_sel,under_samp,norm_scale",0.30617283950617286,0.47706422018348627,0.7034155715348376,0.3157894736842105,0.29139072847682124,0.3742690058479532,0.3354037267080745,0.3157894736842105,-1.0,17,"(9, 1)",89594
"woe_enc,most_freq_imp,no_sel,under_samp,norm_scale",0.29396984924623115,0.47706422018348627,0.6846766769308911,0.3084795321637427,0.28093645484949836,0.3713450292397661,0.3291731669266771,0.3084795321637427,-1.0,17,"(9, 1)",89594
"loo_enc,mean_imp,no_sel,under_samp,norm_scale",0.3155216284987277,0.43119266055045874,0.6495025197053883,0.33187134502923976,0.30375426621160406,0.4035087719298246,0.35748031496062993,0.3318713450292399,-1.0,17,"(9, 1)",89594
"ordinal_enc,most_freq_imp,under_samp,no_sel,norm_scale",0.33164556962025316,0.45871559633027525,0.710463848078527,0.3377192982456141,0.311864406779661,0.4064327485380117,0.3626373626373627,0.3377192982456141,-1.0,17,"(9, 1)",89594
"woe_enc,mean_imp,no_sel,under_samp,norm_scale",0.3014705882352941,0.46788990825688076,0.6852812126047069,0.3128654970760234,0.2880794701986755,0.3713450292397661,0.33229813664596264,0.3128654970760233,-1.0,18,"(9, 1)",89594
"woe_enc,most_freq_imp,k_best_sel,no_samp,norm_scale",0.18890814558058924,0.6146788990825688,0.757841292244962,0.30639730639730645,0.3647058823529412,0.5263157894736843,0.457286432160804,0.3478573482887547,-1.0,18,"(9, 1)",89594
"woe_enc,mean_imp,no_sel,no_samp,norm_scale",0.18890814558058924,0.6146788990825688,0.757841292244962,0.30415263748597077,0.35856573705179284,0.5292397660818713,0.45699831365935917,0.3465870961556897,-1.0,18,"(9, 1)",89594
"woe_enc,mean_imp,k_best_sel,no_samp,norm_scale",0.1854419410745234,0.6146788990825688,0.7535677879714577,0.303030303030303,0.356,0.5292397660818713,0.45608108108108103,0.3456763493433036,-1.0,18,"(9, 1)",89594
"woe_enc,mean_imp,no_sel,over_samp,norm_scale",0.308411214953271,0.43103448275862066,0.6425729442970822,0.2896174863387978,0.2774566473988439,0.31693989071038253,0.297752808988764,0.2896174863387979,-1.0,18,"(9, 1)",89594
"woe_enc,mean_imp,k_best_sel,over_samp,norm_scale",0.29017160686427457,0.4797687861271676,0.6848969912553727,0.2978142076502732,0.2806324110671937,0.33697632058287796,0.30995260663507107,0.2978142076502732,-1.0,18,"(9, 1)",89594
"woe_enc,most_freq_imp,no_sel,under_samp,norm_scale",0.29207920792079206,0.48623853211009177,0.6964080236355155,0.3128654970760234,0.2880794701986755,0.3713450292397661,0.33229813664596264,0.3128654970760233,-1.0,18,"(9, 1)",89594
"woe_enc,mean_imp,no_sel,norm_scale,over_samp",0.3004694835680751,0.4327485380116959,0.6357399910031489,0.2932604735883424,0.27345309381237526,0.33697632058287796,0.30666666666666675,0.2932604735883424,-1.0,18,"(9, 1)",89594
"loo_enc,mean_imp,no_sel,under_samp,norm_scale",0.3465346534653465,0.41284403669724773,0.6704711553413155,0.3450292397660819,0.32450331125827814,0.4035087719298246,0.36645962732919257,0.3450292397660818,-1.0,18,"(9, 1)",89594
"woe_enc,mean_imp,k_best_sel,no_samp,quant_scale",0.8649228935080419,0.8042288459266843,1.529537487901993,0.18967452300785637,0.23052959501557635,0.2777777777777778,0.2549019607843137,0.20628415300546443,0.06025678698434211,18,"(9, 1)",89594
"woe_enc,mean_imp,k_best_sel,norm_scale,over_samp",0.2981366459627329,0.4715909090909091,0.6831293706293706,0.3014571948998178,0.2854330708661418,0.3387978142076503,0.31315042573320717,0.3014571948998179,-1.0,19,"(9, 1)",89594
"woe_enc,most_freq_imp,no_sel,no_samp,norm_scale",0.18890814558058924,0.6146788990825688,0.757841292244962,0.30527497194163866,0.36,0.5321637426900585,0.45945945945945954,0.34804908445978333,-1.0,19,"(9, 1)",89594
"woe_enc,mean_imp,k_best_sel,over_samp,norm_scale",0.2881619937694704,0.4942528735632184,0.7015178308281756,0.3005464480874317,0.281437125748503,0.34426229508196726,0.3142857142857144,0.3005464480874318,-1.0,19,"(9, 1)",89594
"woe_enc,mean_imp,no_sel,over_samp,norm_scale",0.2893081761006289,0.47023809523809523,0.6732295482295483,0.2978142076502732,0.2806324110671937,0.33697632058287796,0.30995260663507107,0.2978142076502732,-1.0,19,"(9, 1)",89594
"woe_enc,mean_imp,k_best_sel,norm_scale,no_samp",0.1854419410745234,0.6146788990825688,0.7535677879714577,0.303030303030303,0.356,0.5292397660818713,0.45608108108108103,0.3456763493433036,-1.0,19,"(9, 1)",89594
"woe_enc,mean_imp,no_sel,no_samp,norm_scale",0.18890814558058924,0.6146788990825688,0.757841292244962,0.30415263748597077,0.35856573705179284,0.5292397660818713,0.45699831365935917,0.3465870961556897,-1.0,19,"(9, 1)",89594
"woe_enc,most_freq_imp,no_sel,under_samp,norm_scale",0.27638190954773867,0.47706422018348627,0.6604552236436939,0.3055555555555556,0.2775919732441472,0.368421052631579,0.32605304212168496,0.3055555555555556,-1.0,19,"(9, 1)",89594
"woe_enc,mean_imp,k_best_sel,no_samp,norm_scale",0.1854419410745234,0.6146788990825688,0.7535677879714577,0.303030303030303,0.356,0.5292397660818713,0.45608108108108103,0.3456763493433036,-1.0,19,"(9, 1)",89594
"woe_enc,mean_imp,no_sel,under_samp,norm_scale",0.30279898218829515,0.47706422018348627,0.6953740793384158,0.32309941520467833,0.3016393442622951,0.3771929824561403,0.3415765069551777,0.32309941520467833,-1.0,19,"(9, 1)",89594
"woe_enc,mean_imp,k_best_sel,no_samp,quant_scale",0.8649228935080419,0.8042288459266843,1.529537487901993,0.18967452300785637,0.23052959501557635,0.2777777777777778,0.2549019607843137,0.20628415300546443,0.06025678698434211,19,"(9, 1)",89594
"woe_enc,mean_imp,no_sel,norm_scale,over_samp",0.2964669738863287,0.4644808743169399,0.6674723273083929,0.30327868852459017,0.28137651821862353,0.3533697632058288,0.31927133269415153,0.30327868852459017,-1.0,20,"(9, 1)",89594
"woe_enc,mean_imp,no_sel,under_samp,norm_scale",0.2957393483709273,0.48623853211009177,0.7000316355583677,0.3157894736842105,0.28716216216216217,0.3830409356725146,0.3385579937304075,0.3157894736842105,-1.0,20,"(9, 1)",89594
"woe_enc,mean_imp,k_best_sel,norm_scale,over_samp",0.2887864823348694,0.4808743169398907,0.6795922656578394,0.307832422586521,0.2842535787321063,0.36247723132969034,0.3256262042389211,0.307832422586521,-1.0,20,"(9, 1)",89594
"woe_enc,mean_imp,k_best_sel,no_samp,norm_scale",0.1854419410745234,0.6146788990825688,0.7535677879714577,0.303030303030303,0.356,0.5292397660818713,0.45608108108108103,0.3456763493433036,-1.0,20,"(9, 1)",89594
"woe_enc,mean_imp,no_sel,over_samp,norm_scale",0.28659476117103233,0.5193370165745856,0.7308754781130472,0.30327868852459017,0.2857142857142857,0.34426229508196726,0.3162393162393162,0.3032786885245903,-1.0,20,"(9, 1)",89594
"loo_enc,mean_imp,k_best_sel,over_samp,norm_scale",0.35015290519877673,0.3817204301075269,0.6253101736972705,0.32604735883424407,0.3062880324543611,0.3770491803278688,0.3435700575815739,0.32604735883424407,-1.0,20,"(9, 1)",89594
"woe_enc,mean_imp,k_best_sel,norm_scale,no_samp",0.1854419410745234,0.6146788990825688,0.7535677879714577,0.303030303030303,0.356,0.5292397660818713,0.45608108108108103,0.3456763493433036,-1.0,20,"(9, 1)",89594
"woe_enc,most_freq_imp,no_sel,under_samp,norm_scale",0.3014705882352941,0.47706422018348627,0.6978000061366635,0.3128654970760234,0.29084967320261434,0.36549707602339176,0.3302469135802468,0.3128654970760234,-1.0,20,"(9, 1)",89594
"woe_enc,mean_imp,no_sel,norm_scale,no_samp",0.18890814558058924,0.6146788990825688,0.757841292244962,0.30415263748597077,0.35856573705179284,0.5292397660818713,0.45699831365935917,0.3465870961556897,-1.0,20,"(9, 1)",89594
"woe_enc,most_freq_imp,no_sel,no_samp,norm_scale",0.18890814558058924,0.6146788990825688,0.757841292244962,0.30527497194163866,0.36,0.5321637426900585,0.45945945945945954,0.34804908445978333,-1.0,20,"(9, 1)",89594
"loo_enc,median_imp,min_max_scale,no_samp,k_best_sel",0.903983927408405,0.8495097846202307,1.6655116839554633,0.19753086419753085,0.24382716049382713,0.283625730994152,0.2642642642642641,0.21376186367558248,0.04748002279785514,0,"(10, 0)",89594
"onehot_enc,median_imp,k_best_sel,over_samp,quant_scale",0.8232484076433121,0.6375,1.5242521367521367,0.21493624772313302,0.23063683304647165,0.18579234972677594,0.20884955752212397,0.2149362477231329,0.1767515923566879,0,"(10, 0)",89594
"target_enc,most_freq_imp,under_samp,no_sel,min_max_scale",0.8387096774193549,0.5963302752293578,1.5249017038007864,0.19590643274853803,0.19942196531791911,0.1900584795321637,0.19476744186046513,0.19590643274853792,0.16129032258064516,0,"(10, 0)",89594
"ordinal_enc,median_imp,no_sel,min_max_scale,no_samp",0.8782247292717659,0.8415167145725873,1.6140713204605266,0.20314253647586977,0.24764890282131657,0.29824561403508776,0.27382753403933435,0.2210718051960502,0.052362319617407255,0,"(10, 0)",89594
"loo_enc,mean_imp,no_sel,over_samp,quant_scale",0.8480948862107833,0.6863905325443787,1.5740923369128497,0.21493624772313302,0.21699819168173595,0.21129326047358832,0.21415607985480933,0.21493624772313302,0.14820971123492133,0,"(10, 0)",89594
"woe_enc,median_imp,no_sel,max_abs_scale,no_samp",0.8631897912550089,0.7761152892073867,1.4831428295682603,0.17732884399551063,0.2142857142857143,0.26023391812865493,0.23795180722891562,0.1929584891189723,0.0621398115776028,0,"(10, 0)",89594
"woe_enc,mean_imp,no_sel,under_samp,norm_scale",0.2964824120603015,0.4954128440366973,0.7134059236214724,0.33040935672514615,0.3079470198675497,0.38888888888888884,0.3509316770186335,0.33040935672514615,-1.0,0,"(10, 0)",89594
"woe_enc,most_freq_imp,max_abs_scale,k_best_sel,no_samp",0.8953184161432404,0.7895814466275545,1.5975111712239456,0.18518518518518523,0.23100303951367784,0.26023391812865493,0.24590163934426224,0.19933371680567524,0.05661079641282728,0,"(10, 0)",89594
"ordinal_enc,most_freq_imp,under_samp,no_sel,norm_scale",0.30904522613065327,0.45871559633027525,0.680168883527507,0.33040935672514615,0.2972027972027972,0.4122807017543859,0.3598726114649681,0.33040935672514615,-1.0,0,"(10, 0)",89594
"loo_enc,median_imp,k_best_sel,no_scale,over_samp",0.7791565500496633,0.5504214062592091,1.3593007984719345,0.20765027322404372,0.21693121693121697,0.1912568306010929,0.20430107526881724,0.20765027322404372,0.20648111723052717,0,"(10, 0)",89594
"onehot_enc,median_imp,k_best_sel,no_scale,over_samp",0.8440944881889764,0.7125748502994012,1.6036004913250421,0.22859744990892528,0.23487544483985767,0.21675774134790526,0.22592259225922584,0.22859744990892528,0.15590551181102363,1,"(10, 0)",89594
"loo_enc,median_imp,k_best_sel,over_samp,quant_scale",0.8581331877729257,0.686046511627907,1.588705580953643,0.2103825136612022,0.20772058823529416,0.21493624772313302,0.21134492223238788,0.2103825136612022,0.1381030701754386,1,"(10, 0)",89594
"loo_enc,median_imp,no_sel,over_samp,quant_scale",0.8283792802505261,0.6865773646801531,1.5427027208055093,0.22859744990892528,0.2310469314079422,0.22404371584699456,0.22756119673617403,0.2285974499089254,0.16424094887864507,1,"(10, 0)",89594
"woe_enc,mean_imp,no_sel,max_abs_scale,no_samp",0.8631897912550089,0.7761152892073867,1.4831428295682603,0.17732884399551063,0.2142857142857143,0.26023391812865493,0.23795180722891562,0.1929584891189723,0.0621398115776028,1,"(10, 0)",89594
"ordinal_enc,median_imp,min_max_scale,no_samp,k_best_sel",0.8921337027674442,0.8317517817065008,1.6515523515070707,0.20426487093153756,0.25609756097560976,0.2865497076023392,0.27164179104477615,0.2197775860416068,0.05680140515495801,1,"(10, 0)",89594
"loo_enc,most_freq_imp,under_samp,no_sel,norm_scale",0.3341645885286783,0.44036697247706424,0.6903669724770642,0.3464912280701754,0.32441471571906355,0.4093567251461988,0.36973478939157556,0.3464912280701755,-1.0,1,"(10, 0)",89594
"ordinal_enc,most_freq_imp,under_samp,no_sel,norm_scale",0.31,0.45871559633027525,0.682083293924777,0.33479532163742687,0.30716723549488056,0.4064327485380117,0.3606299212598424,0.33479532163742687,-1.0,1,"(10, 0)",89594
"loo_enc,median_imp,k_best_sel,no_scale,over_samp",0.8043808180050588,0.608063558063558,1.4276267109600442,0.21129326047358832,0.21338155515370705,0.20765027322404372,0.21052631578947367,0.21129326047358832,0.18089367502917356,1,"(10, 0)",89594
"woe_enc,median_imp,no_sel,max_abs_scale,no_samp",0.8631897912550089,0.7761152892073867,1.4831428295682603,0.17732884399551063,0.2142857142857143,0.26023391812865493,0.23795180722891562,0.1929584891189723,0.0621398115776028,1,"(10, 0)",89594
"woe_enc,mean_imp,no_sel,under_samp,norm_scale",0.30423940149625933,0.48623853211009177,0.7122659293703657,0.32456140350877194,0.30132450331125826,0.3830409356725146,0.34472049689440987,0.32456140350877205,-1.0,1,"(10, 0)",89594
"woe_enc,mean_imp,no_sel,max_abs_scale,over_samp",0.8093577906244007,0.6298949089917927,1.3988882613184783,0.20218579234972678,0.1909262759924386,0.22040072859744986,0.20593692022263455,0.20218579234972678,0.15512766429046396,2,"(10, 0)",89594
"loo_enc,median_imp,k_best_sel,no_samp,quant_scale",0.8715738113899039,0.8134031578532898,1.553194230977696,0.19079685746352415,0.23124999999999996,0.2807017543859649,0.25679758308157097,0.20774614130955804,0.056295942150242036,2,"(10, 0)",89594
"loo_enc,median_imp,over_samp,k_best_sel,no_scale",0.8137827510917031,0.5961846894084263,1.4264316029886732,0.19763205828779595,0.20250896057347667,0.18943533697632053,0.1960252935862692,0.19763205828779595,0.17175,2,"(10, 0)",89594
"ordinal_enc,most_freq_imp,under_samp,no_sel,norm_scale",0.3198992443324937,0.45871559633027525,0.6948267074413863,0.3377192982456141,0.30927835051546393,0.4122807017543859,0.36492890995260663,0.337719298245614,-1.0,2,"(10, 0)",89594
"loo_enc,median_imp,k_best_sel,no_scale,over_samp",0.8268358558834021,0.6129734848484848,1.443695232236899,0.1912568306010929,0.19237749546279492,0.18943533697632053,0.19090909090909092,0.1912568306010929,0.15499192750377586,2,"(10, 0)",89594
"loo_enc,most_freq_imp,norm_scale,under_samp,no_sel",0.3333333333333333,0.44954128440366975,0.7004123645430426,0.3494152046783626,0.3254237288135593,0.41812865497076024,0.3751962323390894,0.3494152046783625,-1.0,2,"(10, 0)",89594
"loo_enc,most_freq_imp,under_samp,k_best_sel,norm_scale",0.32839506172839505,0.41284403669724773,0.6459521448053558,0.33187134502923976,0.30639730639730645,0.39766081871345027,0.35524256651017216,0.33187134502923976,-1.0,2,"(10, 0)",89594
"woe_enc,mean_imp,no_sel,under_samp,norm_scale",0.2904040404040404,0.47706422018348627,0.679154812517981,0.3157894736842105,0.28859060402684567,0.3801169590643275,0.3375,0.3157894736842106,-1.0,2,"(10, 0)",89594
"woe_enc,mean_imp,no_sel,max_abs_scale,no_samp",0.8631897912550089,0.7761152892073867,1.4831428295682603,0.17732884399551063,0.2142857142857143,0.26023391812865493,0.23795180722891562,0.1929584891189723,0.0621398115776028,2,"(10, 0)",89594
"woe_enc,median_imp,no_sel,max_abs_scale,no_samp",0.8631897912550089,0.7761152892073867,1.4831428295682603,0.17732884399551063,0.2142857142857143,0.26023391812865493,0.23795180722891562,0.1929584891189723,0.0621398115776028,2,"(10, 0)",89594
"ordinal_enc,most_freq_imp,under_samp,no_sel,norm_scale",0.30673316708229426,0.45871559633027525,0.6778936785220561,0.32456140350877194,0.2857142857142857,0.41520467836257313,0.35691318327974275,0.32456140350877194,-1.0,3,"(10, 0)",89594
"loo_enc,most_freq_imp,under_samp,k_best_sel,norm_scale",0.31527093596059114,0.43119266055045874,0.6534148827726809,0.32309941520467833,0.2935153583617748,0.39473684210526316,0.3480314960629922,0.32309941520467844,-1.0,3,"(10, 0)",89594
"loo_enc,most_freq_imp,k_best_sel,under_samp,norm_scale",0.3316582914572864,0.44954128440366975,0.6986762325005555,0.347953216374269,0.3231292517006803,0.41812865497076024,0.37421383647798734,0.347953216374269,-1.0,3,"(10, 0)",89594
"woe_enc,mean_imp,under_samp,no_sel,norm_scale",0.3137254901960784,0.47706422018348627,0.7145224141634194,0.3201754385964912,0.29702970297029707,0.3771929824561403,0.3395348837209303,0.3201754385964911,-1.0,3,"(10, 0)",89594
"woe_enc,most_freq_imp,no_sel,max_abs_scale,no_samp",0.8614566890019759,0.7669409772807811,1.4739685176416548,0.17620650953984285,0.21362229102167185,0.2573099415204678,0.2360902255639098,0.19149650081487868,0.06402283617086349,3,"(10, 0)",89594
"ordinal_enc,mean_imp,under_samp,no_sel,norm_scale",0.31909547738693467,0.45871559633027525,0.694009713977334,0.33479532163742687,0.3031358885017421,0.41520467836257313,0.3640699523052464,0.334795321637427,-1.0,3,"(10, 0)",89594
"loo_enc,median_imp,k_best_sel,no_scale,over_samp",0.8195403356960937,0.6060985797827904,1.4346835750344522,0.1958105646630237,0.19525547445255476,0.19672131147540983,0.19598906107566094,0.1958105646630237,0.1603370221327968,3,"(10, 0)",89594
"loo_enc,median_imp,over_samp,k_best_sel,no_scale",0.8264314302050152,0.6223753280839895,1.4488235711988993,0.19489981785063748,0.1960072595281307,0.19307832422586524,0.19454545454545458,0.1948998178506376,0.15714940230746802,3,"(10, 0)",89594
"woe_enc,mean_imp,no_sel,under_samp,norm_scale",0.2982456140350877,0.47706422018348627,0.6908573236317621,0.32163742690058483,0.29666666666666663,0.3830409356725146,0.34267912772585674,0.32163742690058483,-1.0,3,"(10, 0)",89594
"woe_enc,mean_imp,no_sel,max_abs_scale,over_samp",0.7946913580246914,0.5640921409214091,1.3330854932480949,0.1885245901639344,0.18566176470588236,0.19307832422586524,0.18938700823421772,0.1885245901639344,0.17601126472094214,3,"(10, 0)",89594
"ordinal_enc,mean_imp,under_samp,no_sel,norm_scale",0.33915211970074816,0.43119266055045874,0.6846173180847053,0.3377192982456141,0.31438127090301005,0.4005847953216374,0.36037441497659894,0.337719298245614,-1.0,4,"(10, 0)",89594
"woe_enc,mean_imp,under_samp,no_sel,norm_scale",0.2871287128712871,0.48623853211009177,0.6896283626185664,0.3114035087719298,0.2798634812286689,0.3830409356725146,0.3354330708661417,0.3114035087719298,-1.0,4,"(10, 0)",89594
"loo_enc,mean_imp,no_sel,under_samp,norm_scale",0.3207070707070707,0.42201834862385323,0.6450148643032958,0.33479532163742687,0.30847457627118646,0.4035087719298246,0.35949764521193095,0.33479532163742687,-1.0,4,"(10, 0)",89594
"woe_enc,median_imp,k_best_sel,no_scale,over_samp",0.7883566918219621,0.5934937124111537,1.3572638928480008,0.20491803278688525,0.20967741935483875,0.19672131147540983,0.2032520325203253,0.20491803278688525,0.18835095137420718,4,"(10, 0)",89594
"loo_enc,most_freq_imp,k_best_sel,under_samp,norm_scale",0.33251833740831294,0.44036697247706424,0.6903669724770642,0.3464912280701754,0.32441471571906355,0.4093567251461988,0.36973478939157556,0.3464912280701755,-1.0,4,"(10, 0)",89594
"ordinal_enc,most_freq_imp,under_samp,no_sel,norm_scale",0.3082706766917293,0.45871559633027525,0.679405251502689,0.33040935672514615,0.29861111111111116,0.4093567251461988,0.3587301587301587,0.33040935672514626,-1.0,4,"(10, 0)",89594
"loo_enc,most_freq_imp,under_samp,k_best_sel,norm_scale",0.34,0.44036697247706424,0.6980989312399508,0.35526315789473684,0.3366336633663366,0.4122807017543859,0.3767441860465115,0.35526315789473684,-1.0,4,"(10, 0)",89594
"woe_enc,mean_imp,no_sel,under_samp,norm_scale",0.3104325699745547,0.47706422018348627,0.705937459620106,0.32748538011695905,0.30718954248366015,0.3801169590643275,0.3456790123456791,0.32748538011695916,-1.0,4,"(10, 0)",89594
"woe_enc,mean_imp,no_sel,max_abs_scale,over_samp",0.8134397484319724,0.5835905271199389,1.416449026645105,0.19398907103825136,0.1923076923076923,0.19672131147540983,0.19452054794520557,0.19398907103825136,0.16452576628318863,4,"(10, 0)",89594
"woe_enc,most_freq_imp,no_sel,max_abs_scale,no_samp",0.8614566890019759,0.7669409772807811,1.4739685176416548,0.17620650953984285,0.21362229102167185,0.2573099415204678,0.2360902255639098,0.19149650081487868,0.06402283617086349,4,"(10, 0)",89594
"loo_enc,mean_imp,no_sel,under_samp,norm_scale",0.32019704433497537,0.44036697247706424,0.6726902048002965,0.3362573099415205,0.3082191780821918,0.4093567251461988,0.362776025236593,0.33625730994152037,-1.0,5,"(10, 0)",89594
"woe_enc,mean_imp,no_sel,under_samp,norm_scale",0.30710659898477155,0.47706422018348627,0.7016256236922582,0.32602339181286555,0.30363036303630364,0.3830409356725146,0.34573643410852717,0.32602339181286544,-1.0,5,"(10, 0)",89594
"loo_enc,most_freq_imp,under_samp,no_sel,norm_scale",0.3167082294264339,0.47706422018348627,0.7167902475807465,0.3450292397660819,0.3146853146853147,0.42690058479532167,0.37579617834394907,0.3450292397660819,-1.0,5,"(10, 0)",89594
"ordinal_enc,most_freq_imp,k_best_sel,under_samp,norm_scale",0.3032581453634085,0.45871559633027525,0.6725086997785511,0.32309941520467833,0.28919860627177696,0.4035087719298246,0.3513513513513513,0.32309941520467833,-1.0,5,"(10, 0)",89594
"ordinal_enc,most_freq_imp,under_samp,no_sel,norm_scale",0.29850746268656714,0.45871559633027525,0.6669067226101387,0.32163742690058483,0.28521126760563376,0.4064327485380117,0.3514376996805112,0.3216374269005847,-1.0,5,"(10, 0)",89594
"ordinal_enc,mean_imp,under_samp,no_sel,norm_scale",0.3165829145728643,0.46788990825688076,0.7031840259039396,0.3391812865497076,0.31418918918918914,0.4064327485380117,0.36363636363636365,0.3391812865497076,-1.0,5,"(10, 0)",89594
"loo_enc,most_freq_imp,k_best_sel,under_samp,norm_scale",0.31343283582089554,0.43119266055045874,0.6496226946801515,0.32602339181286555,0.2941176470588235,0.4035087719298246,0.3534072900158479,0.32602339181286544,-1.0,5,"(10, 0)",89594
"woe_enc,mean_imp,no_sel,max_abs_scale,over_samp",0.7874204888710192,0.5573770491803278,1.373141531611477,0.20400728597449913,0.20508166969147001,0.20218579234972678,0.20363636363636362,0.20400728597449902,0.18712018816317408,5,"(10, 0)",89594
"woe_enc,median_imp,k_best_sel,no_scale,over_samp",0.786358586980671,0.5916119174942704,1.3408996667820197,0.20218579234972678,0.20855614973262027,0.1912568306010929,0.20000000000000007,0.20218579234972678,0.1905132192846034,5,"(10, 0)",89594
"woe_enc,mean_imp,under_samp,no_sel,norm_scale",0.3009950248756219,0.47706422018348627,0.6954942543131791,0.3187134502923976,0.29333333333333333,0.3801169590643275,0.33956386292834884,0.3187134502923977,-1.0,5,"(10, 0)",89594
"loo_enc,mean_imp,under_samp,no_sel,norm_scale",0.3292079207920792,0.41284403669724773,0.6467423417819935,0.33187134502923976,0.30639730639730645,0.39766081871345027,0.35524256651017216,0.33187134502923976,-1.0,6,"(10, 0)",89594
"ordinal_enc,mean_imp,no_sel,under_samp,norm_scale",0.3282442748091603,0.46788990825688076,0.7178899082568808,0.3377192982456141,0.31058020477815695,0.4093567251461988,0.36377952755905507,0.3377192982456141,-1.0,6,"(10, 0)",89594
"loo_enc,most_freq_imp,k_best_sel,under_samp,norm_scale",0.34074074074074073,0.45871559633027525,0.7256074882221671,0.35818713450292394,0.33993399339933994,0.41520467836257313,0.3798449612403101,0.35818713450292405,-1.0,6,"(10, 0)",89594
"woe_enc,mean_imp,under_samp,no_sel,norm_scale",0.3057644110275689,0.48623853211009177,0.7138247390066434,0.3201754385964912,0.29568106312292364,0.3801169590643275,0.3405909797822707,0.32017543859649134,-1.0,6,"(10, 0)",89594
"woe_enc,mean_imp,no_sel,under_samp,norm_scale",0.29974811083123426,0.48623853211009177,0.7049885321100917,0.32163742690058483,0.29801324503311255,0.3801169590643275,0.3416149068322981,0.32163742690058483,-1.0,6,"(10, 0)",89594
"loo_enc,most_freq_imp,under_samp,no_sel,norm_scale",0.3234567901234568,0.45871559633027525,0.7019588395735186,0.347953216374269,0.3231292517006803,0.41812865497076024,0.37421383647798734,0.347953216374269,-1.0,6,"(10, 0)",89594
"ordinal_enc,most_freq_imp,under_samp,no_sel,norm_scale",0.3234567901234568,0.45871559633027525,0.7019588395735186,0.33040935672514615,0.30272108843537415,0.4005847953216374,0.35534591194968557,0.33040935672514615,-1.0,6,"(10, 0)",89594
"ordinal_enc,mean_imp,under_samp,no_sel,norm_scale",0.29901960784313725,0.46788990825688076,0.6819367309993557,0.32456140350877194,0.2902097902097902,0.4064327485380117,0.35350318471337583,0.32456140350877194,-1.0,6,"(10, 0)",89594
"woe_enc,mean_imp,no_sel,max_abs_scale,over_samp",0.8042278192547746,0.5857133899739787,1.3649156691762578,0.18943533697632053,0.1882998171846435,0.1912568306010929,0.1897810218978102,0.18943533697632053,0.16511775714134388,6,"(10, 0)",89594
"ordinal_enc,most_freq_imp,k_best_sel,under_samp,min_max_scale",0.8475579064489638,0.7339449541284404,1.6076694439243586,0.23099415204678364,0.22941176470588232,0.23391812865497075,0.23167155425219932,0.23099415204678364,0.14941510102800423,6,"(10, 0)",89594
"ordinal_enc,mean_imp,under_samp,no_sel,norm_scale",0.3233082706766917,0.47706422018348627,0.7253400822524518,0.3421052631578947,0.31756756756756754,0.4093567251461988,0.36677115987460807,0.3421052631578948,-1.0,7,"(10, 0)",89594
"woe_enc,most_freq_imp,under_samp,no_sel,norm_scale",0.2982456140350877,0.47706422018348627,0.6908573236317621,0.3114035087719298,0.28428093645484953,0.3742690058479532,0.3322932917316693,0.3114035087719298,-1.0,7,"(10, 0)",89594
"ordinal_enc,mean_imp,no_sel,under_samp,norm_scale",0.32587064676616917,0.41284403669724773,0.6415129786767699,0.32163742690058483,0.2925170068027211,0.39181286549707606,0.3459119496855346,0.32163742690058483,-1.0,7,"(10, 0)",89594
"woe_enc,mean_imp,no_sel,under_samp,norm_scale",0.291970802919708,0.47706422018348627,0.6856734917066651,0.3070175438596491,0.277027027027027,0.3742690058479532,0.3291536050156739,0.3070175438596491,-1.0,7,"(10, 0)",89594
"woe_enc,mean_imp,under_samp,no_sel,norm_scale",0.2989949748743719,0.47706422018348627,0.6915970921558046,0.3172514619883041,0.292358803986711,0.3771929824561403,0.33748055987558323,0.3172514619883041,-1.0,7,"(10, 0)",89594
"ordinal_enc,most_freq_imp,k_best_sel,under_samp,min_max_scale",0.8464805771659176,0.7021301728550616,1.5894601048278507,0.2222222222222222,0.21893491124260356,0.22807017543859653,0.22352941176470587,0.2222222222222222,0.14745146170744505,7,"(10, 0)",89594
"loo_enc,mean_imp,under_samp,no_sel,norm_scale",0.3366093366093366,0.41284403669724773,0.6578104796502678,0.3377192982456141,0.31438127090301005,0.4005847953216374,0.36037441497659894,0.337719298245614,-1.0,7,"(10, 0)",89594
"ordinal_enc,most_freq_imp,under_samp,no_sel,norm_scale",0.3233082706766917,0.44954128440366975,0.6874723188864283,0.32894736842105265,0.30434782608695654,0.39181286549707606,0.35101404056162244,0.32894736842105265,-1.0,7,"(10, 0)",89594
"loo_enc,most_freq_imp,under_samp,no_sel,norm_scale",0.3135802469135803,0.44036697247706424,0.6633399454500373,0.3362573099415205,0.3068965517241379,0.4122807017543859,0.36392405063291144,0.3362573099415205,-1.0,7,"(10, 0)",89594
"woe_enc,mean_imp,no_sel,max_abs_scale,over_samp",0.7759667625439438,0.5191256830601093,1.3021266327277257,0.19034608378870677,0.19424460431654678,0.1839708561020036,0.18914027149321266,0.19034608378870677,0.19708994708994707,7,"(10, 0)",89594
"woe_enc,most_freq_imp,under_samp,no_sel,norm_scale",0.30904522613065327,0.48623853211009177,0.7180724421446938,0.32163742690058483,0.30194805194805197,0.3713450292397661,0.3384615384615386,0.3216374269005846,-1.0,8,"(10, 0)",89594
"woe_enc,mean_imp,under_samp,no_sel,norm_scale",0.3096446700507614,0.47706422018348627,0.7051343956220828,0.32163742690058483,0.29801324503311255,0.3801169590643275,0.3416149068322981,0.32163742690058483,-1.0,8,"(10, 0)",89594
"ordinal_enc,most_freq_imp,under_samp,no_sel,norm_scale",0.3106060606060606,0.45871559633027525,0.6817121120097178,0.33333333333333337,0.303448275862069,0.4093567251461988,0.3607594936708861,0.33333333333333337,-1.0,8,"(10, 0)",89594
"ordinal_enc,mean_imp,no_sel,under_samp,norm_scale",0.3024390243902439,0.42201834862385323,0.6246761559328233,0.3070175438596491,0.27083333333333337,0.38596491228070173,0.33333333333333326,0.3070175438596491,-1.0,8,"(10, 0)",89594
"ordinal_enc,mean_imp,under_samp,no_sel,norm_scale",0.31094527363184077,0.44954128440366975,0.6713842878166391,0.3377192982456141,0.31058020477815695,0.4093567251461988,0.36377952755905507,0.3377192982456141,-1.0,8,"(10, 0)",89594
"woe_enc,mean_imp,no_sel,under_samp,norm_scale",0.30317848410757947,0.48623853211009177,0.7129051987767584,0.3157894736842105,0.29139072847682124,0.3742690058479532,0.3354037267080745,0.3157894736842105,-1.0,8,"(10, 0)",89594
"loo_enc,most_freq_imp,under_samp,no_sel,norm_scale",0.315136476426799,0.44954128440366975,0.6774324408662548,0.33479532163742687,0.3031358885017421,0.41520467836257313,0.3640699523052464,0.334795321637427,-1.0,8,"(10, 0)",89594
"ordinal_enc,most_freq_imp,k_best_sel,under_samp,min_max_scale",0.8557757549588925,0.7113044847816672,1.6091127039597493,0.2222222222222222,0.21726190476190477,0.23099415204678364,0.22418879056047203,0.2222222222222221,0.13813331440083068,8,"(10, 0)",89594
"woe_enc,mean_imp,no_sel,max_abs_scale,over_samp",0.7968266214237191,0.5384946501045382,1.3547339663438545,0.18670309653916206,0.19064748201438853,0.180327868852459,0.18552036199095012,0.18670309653916206,0.1798428693904513,8,"(10, 0)",89594
"loo_enc,mean_imp,under_samp,no_sel,norm_scale",0.3399503722084367,0.43119266055045874,0.6862947013667853,0.3391812865497076,0.31543624161073824,0.4035087719298246,0.36250000000000004,0.3391812865497077,-1.0,8,"(10, 0)",89594
"woe_enc,most_freq_imp,under_samp,no_sel,norm_scale",0.2770780856423174,0.47706422018348627,0.661091997961264,0.3099415204678363,0.2773972602739726,0.3830409356725146,0.33438485804416407,0.3099415204678362,-1.0,9,"(10, 0)",89594
"ordinal_enc,most_freq_imp,under_samp,no_sel,norm_scale",0.32169576059850374,0.45871559633027525,0.6984416237275355,0.3435672514619883,0.31740614334470985,0.41520467836257313,0.37007874015748043,0.3435672514619883,-1.0,9,"(10, 0)",89594
"ordinal_enc,mean_imp,under_samp,no_sel,norm_scale",0.3167082294264339,0.45871559633027525,0.6915923086590423,0.32894736842105265,0.2975778546712803,0.4064327485380117,0.3565768621236133,0.32894736842105265,-1.0,9,"(10, 0)",89594
"ordinal_enc,most_freq_imp,k_best_sel,under_samp,min_max_scale",0.8379577464788732,0.670315391581683,1.5775318864270438,0.22514619883040932,0.2267441860465116,0.2222222222222222,0.22448979591836726,0.22514619883040943,0.15609929078014184,9,"(10, 0)",89594
"woe_enc,mean_imp,under_samp,no_sel,norm_scale",0.30198019801980197,0.47706422018348627,0.6974032032343337,0.3157894736842105,0.29139072847682124,0.3742690058479532,0.3354037267080745,0.3157894736842105,-1.0,9,"(10, 0)",89594
"ordinal_enc,mean_imp,no_sel,under_samp,norm_scale",0.3148614609571788,0.46788990825688076,0.7005287971457697,0.33479532163742687,0.30847457627118646,0.4035087719298246,0.35949764521193095,0.33479532163742687,-1.0,9,"(10, 0)",89594
"woe_enc,mean_imp,no_sel,under_samp,norm_scale",0.2860696517412935,0.5045871559633027,0.7127782822431662,0.3172514619883041,0.2852233676975945,0.39181286549707606,0.34281200631911535,0.3172514619883041,-1.0,9,"(10, 0)",89594
"woe_enc,mean_imp,no_sel,max_abs_scale,over_samp",0.8038062566364453,0.5702099737532809,1.345613582490223,0.18306010928961747,0.18014705882352944,0.1876138433515483,0.1838975297346751,0.18306010928961758,0.16360700322964472,9,"(10, 0)",89594
"loo_enc,mean_imp,under_samp,no_sel,norm_scale",0.3501259445843829,0.43119266055045874,0.6985537716615698,0.35672514619883045,0.33986928104575165,0.4093567251461988,0.3765432098765432,0.35672514619883045,-1.0,9,"(10, 0)",89594
"loo_enc,most_freq_imp,under_samp,no_sel,norm_scale",0.3375,0.43119266055045874,0.6820517670796684,0.347953216374269,0.32894736842105265,0.4035087719298246,0.3684210526315791,0.3479532163742689,-1.0,9,"(10, 0)",89594
"loo_enc,most_freq_imp,under_samp,no_sel,norm_scale",0.32598039215686275,0.43119266055045874,0.6686508545303919,0.33187134502923976,0.302405498281787,0.4064327485380117,0.358609794628752,0.33187134502923976,-1.0,10,"(10, 0)",89594
"woe_enc,mean_imp,under_samp,no_sel,norm_scale",0.3032581453634085,0.48623853211009177,0.7103764631445746,0.32456140350877194,0.303921568627451,0.3771929824561403,0.34259259259259256,0.32456140350877183,-1.0,10,"(10, 0)",89594
"woe_enc,most_freq_imp,under_samp,no_sel,norm_scale",0.3125,0.46788990825688076,0.6981304580850595,0.3172514619883041,0.2964169381107492,0.368421052631579,0.33436055469953785,0.3172514619883041,-1.0,10,"(10, 0)",89594
"ordinal_enc,mean_imp,no_sel,under_samp,norm_scale",0.3192019950124688,0.46788990825688076,0.707615935654141,0.3362573099415205,0.3082191780821918,0.4093567251461988,0.362776025236593,0.33625730994152037,-1.0,10,"(10, 0)",89594
"ordinal_enc,most_freq_imp,under_samp,no_sel,norm_scale",0.31851851851851853,0.45871559633027525,0.6952020828167618,0.3391812865497076,0.3129251700680272,0.4093567251461988,0.3647798742138365,0.3391812865497077,-1.0,10,"(10, 0)",89594
"ordinal_enc,most_freq_imp,k_best_sel,under_samp,min_max_scale",0.8150252525252525,0.6794897035082884,1.4987484934987858,0.23245614035087714,0.2363112391930836,0.22514619883040932,0.23076923076923084,0.23245614035087714,0.16763378465506126,10,"(10, 0)",89594
"woe_enc,mean_imp,no_sel,under_samp,norm_scale",0.28287841191067,0.46788990825688076,0.6583660987330713,0.3099415204678363,0.2818791946308725,0.3742690058479532,0.33124999999999993,0.3099415204678363,-1.0,10,"(10, 0)",89594
"woe_enc,mean_imp,no_sel,max_abs_scale,over_samp",0.7914945139135907,0.5490951742627346,1.3487153072162008,0.192167577413479,0.1938405797101449,0.18943533697632053,0.19164396003633066,0.19216757741347912,0.18146125440371255,10,"(10, 0)",89594
"loo_enc,mean_imp,under_samp,no_sel,norm_scale",0.33663366336633666,0.43119266055045874,0.6820401181775774,0.3464912280701754,0.32441471571906355,0.4093567251461988,0.36973478939157556,0.3464912280701755,-1.0,10,"(10, 0)",89594
"ordinal_enc,mean_imp,under_samp,no_sel,norm_scale",0.30174563591022446,0.46788990825688076,0.683643332914415,0.3187134502923976,0.2816901408450704,0.4035087719298246,0.3482428115015974,0.3187134502923976,-1.0,10,"(10, 0)",89594
"ordinal_enc,mean_imp,under_samp,no_sel,norm_scale",0.33002481389578164,0.43119266055045874,0.6726892591899145,0.32894736842105265,0.3016949152542373,0.39766081871345027,0.3532182103610674,0.32894736842105265,-1.0,11,"(10, 0)",89594
"ordinal_enc,most_freq_imp,under_samp,no_sel,norm_scale",0.3132832080200501,0.44954128440366975,0.6736792154381526,0.32748538011695905,0.29513888888888884,0.4064327485380117,0.3555555555555555,0.32748538011695905,-1.0,11,"(10, 0)",89594
"loo_enc,mean_imp,under_samp,no_sel,norm_scale",0.30788804071246817,0.42201834862385323,0.6262437007365294,0.32163742690058483,0.2896551724137931,0.39766081871345027,0.3481012658227849,0.3216374269005847,-1.0,11,"(10, 0)",89594
"woe_enc,most_freq_imp,under_samp,no_sel,norm_scale",0.30423940149625933,0.47706422018348627,0.6996669599095137,0.314327485380117,0.2931596091205212,0.36549707602339176,0.3312788906009245,0.3143274853801169,-1.0,11,"(10, 0)",89594
"woe_enc,mean_imp,no_sel,max_abs_scale,over_samp",0.8078739082969433,0.5882271297267287,1.3819118400781059,0.1912568306010929,0.18899082568807335,0.19489981785063748,0.19195612431444242,0.19125683060109278,0.1647714446952596,11,"(10, 0)",89594
"loo_enc,most_freq_imp,under_samp,no_sel,norm_scale",0.3251231527093596,0.44954128440366975,0.6919655268279121,0.3406432748538012,0.31399317406143346,0.4122807017543859,0.36692913385826775,0.3406432748538012,-1.0,11,"(10, 0)",89594
"woe_enc,mean_imp,no_sel,under_samp,norm_scale",0.29620253164556964,0.48623853211009177,0.699525245396805,0.32309941520467833,0.2976588628762542,0.38596491228070173,0.34477379095163807,0.32309941520467833,-1.0,11,"(10, 0)",89594
"woe_enc,mean_imp,under_samp,no_sel,norm_scale",0.3033419023136247,0.4954128440366973,0.7204128440366973,0.33333333333333337,0.3125,0.38888888888888884,0.3529411764705882,0.33333333333333326,-1.0,11,"(10, 0)",89594
"ordinal_enc,mean_imp,no_sel,under_samp,norm_scale",0.29455445544554454,0.47706422018348627,0.68723371170891,0.33187134502923976,0.29965156794425085,0.4122807017543859,0.36089030206677264,0.33187134502923976,-1.0,11,"(10, 0)",89594
"woe_enc,mean_imp,no_samp,no_sel,norm_scale",0.18890814558058924,0.6146788990825688,0.757841292244962,0.30415263748597077,0.35856573705179284,0.5292397660818713,0.45699831365935917,0.3465870961556897,-1.0,11,"(10, 0)",89594
"ordinal_enc,most_freq_imp,under_samp,no_sel,norm_scale",0.3157894736842105,0.46788990825688076,0.7023726668775704,0.3406432748538012,0.3127147766323024,0.41520467836257313,0.36808846761453395,0.3406432748538012,-1.0,12,"(10, 0)",89594
"woe_enc,mean_imp,no_sel,under_samp,norm_scale",0.3123425692695214,0.47706422018348627,0.7097031090723751,0.32894736842105265,0.30944625407166126,0.3801169590643275,0.3466872110939908,0.32894736842105277,-1.0,12,"(10, 0)",89594
"ordinal_enc,mean_imp,no_samp,no_sel,norm_scale",0.1923743500866551,0.6055045871559633,0.7508037324551087,0.3097643097643098,0.36250000000000004,0.5526315789473684,0.47422680412371143,0.3555507621512798,-1.0,12,"(10, 0)",89594
"woe_enc,most_freq_imp,no_sel,under_samp,norm_scale",0.3032581453634085,0.47706422018348627,0.6977538753559,0.3201754385964912,0.29836065573770487,0.3742690058479532,0.33848531684698613,0.3201754385964912,-1.0,12,"(10, 0)",89594
"woe_enc,mean_imp,under_samp,no_sel,norm_scale",0.2885572139303483,0.47706422018348627,0.6784294078967968,0.3099415204678363,0.2789115646258503,0.3801169590643275,0.33333333333333326,0.3099415204678363,-1.0,12,"(10, 0)",89594
"ordinal_enc,mean_imp,no_sel,over_samp,norm_scale",0.30970724191063176,0.48066298342541436,0.709295462057893,0.3278688524590164,0.3002114164904862,0.39708561020036426,0.3522504892367906,0.3278688524590163,-1.0,12,"(10, 0)",89594
"woe_enc,mean_imp,no_samp,no_sel,norm_scale",0.18890814558058924,0.6146788990825688,0.757841292244962,0.30415263748597077,0.35856573705179284,0.5292397660818713,0.45699831365935917,0.3465870961556897,-1.0,12,"(10, 0)",89594
"ordinal_enc,mean_imp,no_sel,under_samp,norm_scale",0.3106060606060606,0.45871559633027525,0.6817121120097178,0.33333333333333337,0.30208333333333337,0.4122807017543859,0.36190476190476195,0.33333333333333337,-1.0,12,"(10, 0)",89594
"woe_enc,most_freq_imp,under_samp,no_sel,norm_scale",0.29927007299270075,0.48623853211009177,0.7080928367458533,0.3172514619883041,0.2964169381107492,0.368421052631579,0.33436055469953785,0.3172514619883041,-1.0,12,"(10, 0)",89594
"ordinal_enc,mean_imp,under_samp,no_sel,norm_scale",0.33004926108374383,0.4036697247706422,0.6359929570938745,0.3201754385964912,0.29431438127090304,0.3830409356725146,0.34165366614664583,0.3201754385964912,-1.0,12,"(10, 0)",89594
"woe_enc,mean_imp,under_samp,no_sel,norm_scale",0.2864450127877238,0.48623853211009177,0.6848200923937797,0.3187134502923976,0.28620689655172415,0.39473684210526316,0.34493670886075956,0.3187134502923976,-1.0,13,"(10, 0)",89594
"woe_enc,most_freq_imp,no_samp,no_sel,norm_scale",0.18890814558058924,0.6146788990825688,0.757841292244962,0.30527497194163866,0.36,0.5321637426900585,0.45945945945945954,0.34804908445978333,-1.0,13,"(10, 0)",89594
"ordinal_enc,mean_imp,no_sel,over_samp,norm_scale",0.31230283911671924,0.45180722891566266,0.6804397075481413,0.31785063752276865,0.29423868312757206,0.3752276867030966,0.3371980676328502,0.31785063752276865,-1.0,13,"(10, 0)",89594
"woe_enc,mean_imp,no_samp,no_sel,norm_scale",0.18890814558058924,0.6146788990825688,0.757841292244962,0.30415263748597077,0.35856573705179284,0.5292397660818713,0.45699831365935917,0.3465870961556897,-1.0,13,"(10, 0)",89594
"woe_enc,mean_imp,no_sel,under_samp,norm_scale",0.30982367758186397,0.4954128440366973,0.7315239551478083,0.33187134502923976,0.3127035830618893,0.3830409356725146,0.349768875192604,0.33187134502923976,-1.0,13,"(10, 0)",89594
"ordinal_enc,most_freq_imp,under_samp,no_sel,norm_scale",0.31,0.46788990825688076,0.694694031968221,0.3406432748538012,0.3127147766323024,0.41520467836257313,0.36808846761453395,0.3406432748538012,-1.0,13,"(10, 0)",89594
"ordinal_enc,mean_imp,no_samp,no_sel,norm_scale",0.1923743500866551,0.6055045871559633,0.7508037324551087,0.3097643097643098,0.36250000000000004,0.5526315789473684,0.47422680412371143,0.3555507621512798,-1.0,13,"(10, 0)",89594
"woe_enc,most_freq_imp,under_samp,no_sel,norm_scale",0.297029702970297,0.48623853211009177,0.7031876846524646,0.32309941520467833,0.3003300330033003,0.3801169590643275,0.3426356589147286,0.32309941520467844,-1.0,13,"(10, 0)",89594
"ordinal_enc,mean_imp,no_sel,under_samp,norm_scale",0.3283208020050125,0.42201834862385323,0.6565011072445429,0.32309941520467833,0.2976588628762542,0.38596491228070173,0.34477379095163807,0.32309941520467833,-1.0,13,"(10, 0)",89594
"woe_enc,most_freq_imp,no_sel,under_samp,norm_scale",0.31265508684863524,0.48623853211009177,0.7243337702053299,0.33333333333333337,0.3173076923076923,0.3771929824561403,0.3486238532110092,0.33333333333333326,-1.0,13,"(10, 0)",89594
"woe_enc,mean_imp,no_samp,no_sel,norm_scale",0.18890814558058924,0.6146788990825688,0.757841292244962,0.30415263748597077,0.35856573705179284,0.5292397660818713,0.45699831365935917,0.3465870961556897,-1.0,14,"(10, 0)",89594
"woe_enc,most_freq_imp,no_samp,no_sel,norm_scale",0.18890814558058924,0.6146788990825688,0.757841292244962,0.30527497194163866,0.36,0.5321637426900585,0.45945945945945954,0.34804908445978333,-1.0,14,"(10, 0)",89594
"woe_enc,most_freq_imp,under_samp,no_sel,norm_scale",0.30904522613065327,0.48623853211009177,0.7180724421446938,0.32309941520467833,0.30293159609120524,0.3742690058479532,0.34052388289676416,0.3230994152046782,-1.0,14,"(10, 0)",89594
"woe_enc,mean_imp,no_sel,under_samp,norm_scale",0.27941176470588236,0.47706422018348627,0.667699671688503,0.29970760233918126,0.2646048109965635,0.3742690058479532,0.3238546603475513,0.29970760233918126,-1.0,14,"(10, 0)",89594
"woe_enc,mean_imp,under_samp,no_sel,norm_scale",0.2967581047381546,0.4954128440366973,0.7145909262284781,0.32456140350877194,0.2986577181208053,0.38888888888888884,0.34687499999999993,0.32456140350877194,-1.0,14,"(10, 0)",89594
"ordinal_enc,mean_imp,no_samp,no_sel,norm_scale",0.1923743500866551,0.6055045871559633,0.7508037324551087,0.3097643097643098,0.36250000000000004,0.5526315789473684,0.47422680412371143,0.3555507621512798,-1.0,14,"(10, 0)",89594
"loo_enc,mean_imp,no_sel,under_samp,norm_scale",0.33,0.41284403669724773,0.6465210126422649,0.3421052631578947,0.3211920529801324,0.4005847953216374,0.3633540372670806,0.3421052631578947,-1.0,14,"(10, 0)",89594
"ordinal_enc,most_freq_imp,under_samp,no_sel,norm_scale",0.3155216284987277,0.45871559633027525,0.687588835766895,0.3362573099415205,0.3082191780821918,0.4093567251461988,0.362776025236593,0.33625730994152037,-1.0,14,"(10, 0)",89594
"ordinal_enc,most_freq_imp,under_samp,norm_scale,no_sel",0.28967254408060455,0.45871559633027525,0.6531600407747197,0.32163742690058483,0.28521126760563376,0.4064327485380117,0.3514376996805112,0.3216374269005847,-1.0,14,"(10, 0)",89594
"ordinal_enc,mean_imp,no_sel,under_samp,norm_scale",0.315,0.46788990825688076,0.701566884201898,0.3377192982456141,0.311864406779661,0.4064327485380117,0.3626373626373627,0.3377192982456141,-1.0,14,"(10, 0)",89594
"woe_enc,mean_imp,no_sel,under_samp,norm_scale",0.3025,0.48623853211009177,0.7096062297045935,0.3172514619883041,0.292358803986711,0.3771929824561403,0.33748055987558323,0.3172514619883041,-1.0,15,"(10, 0)",89594
"woe_enc,most_freq_imp,under_samp,no_sel,norm_scale",0.2989949748743719,0.48623853211009177,0.7042316116948668,0.32309941520467833,0.2962962962962963,0.38888888888888884,0.3458528951486698,0.32309941520467844,-1.0,15,"(10, 0)",89594
"woe_enc,mean_imp,no_sel,no_samp,norm_scale",0.18890814558058924,0.6146788990825688,0.757841292244962,0.30415263748597077,0.35856573705179284,0.5292397660818713,0.45699831365935917,0.3465870961556897,-1.0,15,"(10, 0)",89594
"woe_enc,mean_imp,under_samp,no_sel,norm_scale",0.3069306930693069,0.47706422018348627,0.7041828642512828,0.3201754385964912,0.29702970297029707,0.3771929824561403,0.3395348837209303,0.3201754385964911,-1.0,15,"(10, 0)",89594
"woe_enc,mean_imp,no_samp,no_sel,norm_scale",0.18890814558058924,0.6146788990825688,0.757841292244962,0.30415263748597077,0.35856573705179284,0.5292397660818713,0.45699831365935917,0.3465870961556897,-1.0,15,"(10, 0)",89594
"ordinal_enc,mean_imp,no_samp,no_sel,norm_scale",0.1923743500866551,0.6055045871559633,0.7508037324551087,0.3097643097643098,0.36250000000000004,0.5526315789473684,0.47422680412371143,0.3555507621512798,-1.0,15,"(10, 0)",89594
"ordinal_enc,most_freq_imp,under_samp,norm_scale,no_sel",0.31840796019900497,0.45871559633027525,0.6942104768763504,0.3421052631578947,0.31756756756756754,0.4093567251461988,0.36677115987460807,0.3421052631578948,-1.0,15,"(10, 0)",89594
"ordinal_enc,most_freq_imp,under_samp,no_sel,norm_scale",0.30612244897959184,0.46788990825688076,0.6869711803416865,0.33187134502923976,0.301038062283737,0.4093567251461988,0.35974643423137864,0.3318713450292399,-1.0,15,"(10, 0)",89594
"ordinal_enc,mean_imp,no_sel,under_samp,norm_scale",0.32592592592592595,0.44036697247706424,0.6802318373419292,0.32748538011695905,0.29931972789115646,0.39766081871345027,0.35220125786163514,0.32748538011695905,-1.0,15,"(10, 0)",89594
"woe_enc,most_freq_imp,no_samp,no_sel,norm_scale",0.18890814558058924,0.6146788990825688,0.757841292244962,0.30527497194163866,0.36,0.5321637426900585,0.45945945945945954,0.34804908445978333,-1.0,15,"(10, 0)",89594
"woe_enc,mean_imp,under_samp,no_sel,norm_scale",0.3007518796992481,0.48623853211009177,0.7069281872825055,0.3187134502923976,0.29605263157894735,0.3742690058479532,0.33746130030959753,0.3187134502923976,-1.0,16,"(10, 0)",89594
"woe_enc,mean_imp,no_sel,no_samp,norm_scale",0.18890814558058924,0.6146788990825688,0.757841292244962,0.30415263748597077,0.35856573705179284,0.5292397660818713,0.45699831365935917,0.3465870961556897,-1.0,16,"(10, 0)",89594
"woe_enc,mean_imp,no_sel,under_samp,norm_scale",0.2832080200501253,0.47706422018348627,0.6701676684593483,0.3055555555555556,0.2745762711864407,0.3742690058479532,0.32810047095761385,0.30555555555555547,-1.0,16,"(10, 0)",89594
"woe_enc,most_freq_imp,under_samp,no_sel,norm_scale",0.30904522613065327,0.47706422018348627,0.7054379226056315,0.3187134502923976,0.3012820512820513,0.36257309941520466,0.33333333333333337,0.3187134502923977,-1.0,16,"(10, 0)",89594
"woe_enc,mean_imp,no_samp,no_sel,norm_scale",0.18890814558058924,0.6146788990825688,0.757841292244962,0.30415263748597077,0.35856573705179284,0.5292397660818713,0.45699831365935917,0.3465870961556897,-1.0,16,"(10, 0)",89594
"ordinal_enc,mean_imp,no_samp,no_sel,norm_scale",0.1923743500866551,0.6055045871559633,0.7508037324551087,0.3097643097643098,0.36250000000000004,0.5526315789473684,0.47422680412371143,0.3555507621512798,-1.0,16,"(10, 0)",89594
"woe_enc,most_freq_imp,no_samp,no_sel,norm_scale",0.18890814558058924,0.6146788990825688,0.757841292244962,0.30527497194163866,0.36,0.5321637426900585,0.45945945945945954,0.34804908445978333,-1.0,16,"(10, 0)",89594
"ordinal_enc,most_freq_imp,under_samp,no_sel,norm_scale",0.325,0.45871559633027525,0.7027018506258079,0.3494152046783626,0.3277591973244147,0.4122807017543859,0.3728549141965678,0.3494152046783625,-1.0,16,"(10, 0)",89594
"ordinal_enc,most_freq_imp,under_samp,norm_scale,no_sel",0.3132832080200501,0.45871559633027525,0.686301803226827,0.33187134502923976,0.301038062283737,0.4093567251461988,0.35974643423137864,0.3318713450292399,-1.0,16,"(10, 0)",89594
"ordinal_enc,most_freq_imp,no_samp,no_sel,norm_scale",0.20623916811091855,0.5779816513761468,0.7339645573590527,0.31200897867564537,0.3709677419354839,0.543859649122807,0.4711864406779661,0.3557185313009299,-1.0,16,"(10, 0)",89594
"woe_enc,mean_imp,no_samp,no_sel,norm_scale",0.18890814558058924,0.6146788990825688,0.757841292244962,0.30415263748597077,0.35856573705179284,0.5292397660818713,0.45699831365935917,0.3465870961556897,-1.0,17,"(10, 0)",89594
"ordinal_enc,mean_imp,no_sel,under_samp,norm_scale",0.3241206030150754,0.44954128440366975,0.6882956096631854,0.3362573099415205,0.3120805369127517,0.4005847953216374,0.3593749999999999,0.33625730994152037,-1.0,17,"(10, 0)",89594
"ordinal_enc,mean_imp,no_samp,no_sel,norm_scale",0.1923743500866551,0.6055045871559633,0.7508037324551087,0.3097643097643098,0.36250000000000004,0.5526315789473684,0.47422680412371143,0.3555507621512798,-1.0,17,"(10, 0)",89594
"woe_enc,mean_imp,no_sel,under_samp,norm_scale",0.29280397022332505,0.47706422018348627,0.6845472133807652,0.3084795321637427,0.28093645484949836,0.3713450292397661,0.3291731669266771,0.3084795321637427,-1.0,17,"(10, 0)",89594
"woe_enc,most_freq_imp,no_samp,no_sel,norm_scale",0.18890814558058924,0.6146788990825688,0.757841292244962,0.30527497194163866,0.36,0.5321637426900585,0.45945945945945954,0.34804908445978333,-1.0,17,"(10, 0)",89594
"onehot_enc,mean_imp,no_sel,no_samp,norm_scale",0.1975736568457539,0.6055045871559633,0.7572139888653651,0.3108866442199776,0.36734693877551017,0.5467836257309941,0.4718909710391823,0.35535902598025115,-1.0,17,"(10, 0)",89594
"woe_enc,mean_imp,no_sel,no_samp,norm_scale",0.18890814558058924,0.6146788990825688,0.757841292244962,0.30415263748597077,0.35856573705179284,0.5292397660818713,0.45699831365935917,0.3465870961556897,-1.0,17,"(10, 0)",89594
"ordinal_enc,most_freq_imp,no_samp,no_sel,norm_scale",0.20623916811091855,0.5779816513761468,0.7339645573590527,0.31200897867564537,0.3709677419354839,0.543859649122807,0.4711864406779661,0.3557185313009299,-1.0,17,"(10, 0)",89594
"ordinal_enc,most_freq_imp,under_samp,norm_scale,no_sel",0.29770992366412213,0.45871559633027525,0.6629409484429514,0.32309941520467833,0.28771929824561404,0.4064327485380117,0.3524720893141946,0.32309941520467833,-1.0,17,"(10, 0)",89594
"woe_enc,mean_imp,under_samp,no_sel,norm_scale",0.30730478589420657,0.47706422018348627,0.7027586646279307,0.3201754385964912,0.29702970297029707,0.3771929824561403,0.3395348837209303,0.3201754385964911,-1.0,17,"(10, 0)",89594
"woe_enc,mean_imp,no_samp,no_sel,norm_scale",0.18890814558058924,0.6146788990825688,0.757841292244962,0.30415263748597077,0.35856573705179284,0.5292397660818713,0.45699831365935917,0.3465870961556897,-1.0,18,"(10, 0)",89594
"onehot_enc,mean_imp,no_sel,no_samp,norm_scale",0.1975736568457539,0.6055045871559633,0.7572139888653651,0.3108866442199776,0.36734693877551017,0.5467836257309941,0.4718909710391823,0.35535902598025115,-1.0,18,"(10, 0)",89594
"ordinal_enc,mean_imp,no_samp,no_sel,norm_scale",0.1923743500866551,0.6055045871559633,0.7508037324551087,0.3097643097643098,0.36250000000000004,0.5526315789473684,0.47422680412371143,0.3555507621512798,-1.0,18,"(10, 0)",89594
"woe_enc,mean_imp,no_sel,under_samp,norm_scale",0.2961165048543689,0.47706422018348627,0.6915856723287008,0.3128654970760234,0.2866666666666666,0.3742690058479532,0.33333333333333337,0.3128654970760234,-1.0,18,"(10, 0)",89594
"woe_enc,mean_imp,no_sel,no_samp,norm_scale",0.18890814558058924,0.6146788990825688,0.757841292244962,0.30415263748597077,0.35856573705179284,0.5292397660818713,0.45699831365935917,0.3465870961556897,-1.0,18,"(10, 0)",89594
"ordinal_enc,most_freq_imp,no_samp,no_sel,quant_scale",0.8854827848855822,0.8139937787927708,1.644003275468934,0.20763187429854102,0.2613981762917933,0.2894736842105263,0.27570789865871836,0.22306106797047265,0.06067028900651084,18,"(10, 0)",89594
"woe_enc,most_freq_imp,no_samp,no_sel,norm_scale",0.18890814558058924,0.6146788990825688,0.757841292244962,0.30527497194163866,0.36,0.5321637426900585,0.45945945945945954,0.34804908445978333,-1.0,18,"(10, 0)",89594
"ordinal_enc,most_freq_imp,no_samp,no_sel,norm_scale",0.20623916811091855,0.5779816513761468,0.7339645573590527,0.31200897867564537,0.3709677419354839,0.543859649122807,0.4711864406779661,0.3557185313009299,-1.0,18,"(10, 0)",89594
"ordinal_enc,mean_imp,no_sel,under_samp,norm_scale",0.31806615776081426,0.41284403669724773,0.6276327690916139,0.32894736842105265,0.303030303030303,0.39473684210526316,0.3521126760563381,0.32894736842105265,-1.0,18,"(10, 0)",89594
"ordinal_enc,most_freq_imp,under_samp,norm_scale,no_sel",0.3325,0.41284403669724773,0.6499574387591034,0.3201754385964912,0.2915254237288135,0.38888888888888884,0.3437990580847723,0.3201754385964912,-1.0,18,"(10, 0)",89594
"ordinal_enc,most_freq_imp,no_sel,no_samp,norm_scale",0.20623916811091855,0.5779816513761468,0.7339645573590527,0.31200897867564537,0.3709677419354839,0.543859649122807,0.4711864406779661,0.3557185313009299,-1.0,19,"(10, 0)",89594
"woe_enc,mean_imp,no_samp,no_sel,norm_scale",0.18890814558058924,0.6146788990825688,0.757841292244962,0.30415263748597077,0.35856573705179284,0.5292397660818713,0.45699831365935917,0.3465870961556897,-1.0,19,"(10, 0)",89594
"woe_enc,mean_imp,no_sel,no_samp,norm_scale",0.18890814558058924,0.6146788990825688,0.757841292244962,0.30415263748597077,0.35856573705179284,0.5292397660818713,0.45699831365935917,0.3465870961556897,-1.0,19,"(10, 0)",89594
"onehot_enc,mean_imp,no_sel,no_samp,norm_scale",0.1975736568457539,0.6055045871559633,0.7572139888653651,0.3108866442199776,0.36734693877551017,0.5467836257309941,0.4718909710391823,0.35535902598025115,-1.0,19,"(10, 0)",89594
"ordinal_enc,most_freq_imp,no_samp,no_sel,norm_scale",0.20623916811091855,0.5779816513761468,0.7339645573590527,0.31200897867564537,0.3709677419354839,0.543859649122807,0.4711864406779661,0.3557185313009299,-1.0,19,"(10, 0)",89594
"ordinal_enc,most_freq_imp,under_samp,norm_scale,no_sel",0.3057644110275689,0.45871559633027525,0.6759569756406201,0.32602339181286555,0.2897526501766784,0.4122807017543859,0.3567999999999999,0.32602339181286544,-1.0,19,"(10, 0)",89594
"ordinal_enc,mean_imp,no_samp,no_sel,norm_scale",0.1923743500866551,0.6055045871559633,0.7508037324551087,0.3097643097643098,0.36250000000000004,0.5526315789473684,0.47422680412371143,0.3555507621512798,-1.0,19,"(10, 0)",89594
"woe_enc,mean_imp,no_sel,under_samp,norm_scale",0.29,0.48623853211009177,0.692424099120401,0.3201754385964912,0.29431438127090304,0.3830409356725146,0.34165366614664583,0.3201754385964912,-1.0,19,"(10, 0)",89594
"woe_enc,mean_imp,under_samp,no_sel,norm_scale",0.3034825870646766,0.47706422018348627,0.6989072235964555,0.3157894736842105,0.29000000000000004,0.3771929824561403,0.33644859813084105,0.3157894736842105,-1.0,19,"(10, 0)",89594
"woe_enc,most_freq_imp,no_samp,no_sel,norm_scale",0.18890814558058924,0.6146788990825688,0.757841292244962,0.30527497194163866,0.36,0.5321637426900585,0.45945945945945954,0.34804908445978333,-1.0,19,"(10, 0)",89594
"woe_enc,most_freq_imp,no_sel,no_samp,norm_scale",0.18890814558058924,0.6146788990825688,0.757841292244962,0.30527497194163866,0.36,0.5321637426900585,0.45945945945945954,0.34804908445978333,-1.0,20,"(10, 0)",89594
"ordinal_enc,mean_imp,no_samp,no_sel,norm_scale",0.1923743500866551,0.6055045871559633,0.7508037324551087,0.3097643097643098,0.36250000000000004,0.5526315789473684,0.47422680412371143,0.3555507621512798,-1.0,20,"(10, 0)",89594
"ordinal_enc,most_freq_imp,no_samp,no_sel,norm_scale",0.20623916811091855,0.5779816513761468,0.7339645573590527,0.31200897867564537,0.3709677419354839,0.543859649122807,0.4711864406779661,0.3557185313009299,-1.0,20,"(10, 0)",89594
"woe_enc,most_freq_imp,no_samp,no_sel,norm_scale",0.18890814558058924,0.6146788990825688,0.757841292244962,0.30527497194163866,0.36,0.5321637426900585,0.45945945945945954,0.34804908445978333,-1.0,20,"(10, 0)",89594
"onehot_enc,mean_imp,no_sel,no_samp,norm_scale",0.1975736568457539,0.6055045871559633,0.7572139888653651,0.3108866442199776,0.36734693877551017,0.5467836257309941,0.4718909710391823,0.35535902598025115,-1.0,20,"(10, 0)",89594
"woe_enc,mean_imp,no_sel,under_samp,norm_scale",0.3015075376884422,0.47706422018348627,0.6950572997682614,0.3187134502923976,0.2919463087248322,0.3830409356725146,0.34062499999999996,0.3187134502923977,-1.0,20,"(10, 0)",89594
"ordinal_enc,most_freq_imp,no_sel,no_samp,norm_scale",0.20623916811091855,0.5779816513761468,0.7339645573590527,0.31200897867564537,0.3709677419354839,0.543859649122807,0.4711864406779661,0.3557185313009299,-1.0,20,"(10, 0)",89594
"woe_enc,mean_imp,no_samp,no_sel,norm_scale",0.18890814558058924,0.6146788990825688,0.757841292244962,0.30415263748597077,0.35856573705179284,0.5292397660818713,0.45699831365935917,0.3465870961556897,-1.0,20,"(10, 0)",89594
"onehot_enc,mean_imp,no_sel,norm_scale,no_samp",0.1975736568457539,0.6055045871559633,0.7572139888653651,0.3108866442199776,0.36734693877551017,0.5467836257309941,0.4718909710391823,0.35535902598025115,-1.0,20,"(10, 0)",89594
"woe_enc,mean_imp,no_sel,no_samp,norm_scale",0.18890814558058924,0.6146788990825688,0.757841292244962,0.30415263748597077,0.35856573705179284,0.5292397660818713,0.45699831365935917,0.3465870961556897,-1.0,20,"(10, 0)",89594
