pipe,dp,eo,eqOdds,accu,precision,recall,f1,roc_auc,dpr,gen,reps,seed
"ordinal_enc,median_imp,under_samp,k_best_sel,norm_scale",0.31218274111675126,0.43119266055045874,0.645227748269757,0.3201754385964912,0.28865979381443296,0.39473684210526316,0.3459715639810427,0.32017543859649134,-1.0,0,accu_dp,29872
"woe_enc,most_freq_imp,k_best_sel,under_samp,max_abs_scale",0.7918969821733608,0.5645154939559791,1.3808241852646703,0.20614035087719296,0.2184873949579832,0.1842105263157895,0.20171673819742486,0.20614035087719307,0.19131368251554323,0,accu_dp,29872
"onehot_enc,median_imp,no_samp,norm_scale,k_best_sel",0.19410745233968804,0.6146788990825688,0.7642515486552184,0.31200897867564537,0.3677685950413223,0.5526315789473684,0.476027397260274,0.35737225577605214,-1.0,0,accu_dp,29872
"target_enc,mean_imp,no_sel,quant_scale,over_samp",0.8060167359720726,0.615819209039548,1.4472532071402129,0.2140255009107468,0.22261484098939932,0.19854280510018218,0.2107623318385652,0.2140255009107469,0.18498754152823918,0,accu_dp,29872
"loo_enc,median_imp,no_sel,max_abs_scale,over_samp",0.8124606153593249,0.576183409552076,1.4009697343384007,0.19034608378870677,0.1875,0.19489981785063748,0.1912168344007319,0.19034608378870665,0.16538136785814805,0,accu_dp,29872
"count_enc,median_imp,max_abs_scale,k_best_sel,under_samp",0.8208630367544036,0.6470843012954286,1.5209199177337847,0.2222222222222222,0.22857142857142854,0.21052631578947367,0.21965317919075145,0.2222222222222222,0.1732945217028603,0,accu_dp,29872
"target_enc,mean_imp,no_samp,min_max_scale,k_best_sel",0.9054355385311682,0.8446273181871875,1.6606292175224202,0.19528619528619529,0.24233128834355833,0.2777777777777778,0.2604790419161678,0.21083788706739515,0.04914127391710091,0,accu_dp,29872
"woe_enc,mean_imp,under_samp,norm_scale,no_sel",0.3106060606060606,0.47706422018348627,0.7070293769779114,0.32894736842105265,0.30819672131147546,0.3830409356725146,0.3477588871715611,0.32894736842105265,-1.0,0,accu_dp,29872
"target_enc,most_freq_imp,no_samp,min_max_scale,k_best_sel",0.8990661117795758,0.8403354726936252,1.6439916930165122,0.19528619528619529,0.2407407407407407,0.2807017543859649,0.26126126126126126,0.21138912855910263,0.049472191586576335,0,accu_dp,29872
"woe_enc,median_imp,min_max_scale,k_best_sel,no_samp",0.8921337027674442,0.817104382407371,1.60627817158116,0.19079685746352415,0.23780487804878048,0.26900584795321636,0.25373134328358204,0.20554117534272842,0.05680140515495801,0,accu_dp,29872
"loo_enc,median_imp,no_sel,max_abs_scale,over_samp",0.8498528936582711,0.638853183684986,1.5134970583288605,0.1912568306010929,0.1843575418994413,0.20218579234972678,0.1933701657458563,0.1912568306010929,0.13329980228242397,1,accu_dp,29872
"ordinal_enc,median_imp,under_samp,k_best_sel,norm_scale",0.3052109181141439,0.44036697247706424,0.6512513262185609,0.3201754385964912,0.28865979381443296,0.39473684210526316,0.3459715639810427,0.32017543859649134,-1.0,1,accu_dp,29872
"target_enc,mean_imp,no_samp,min_max_scale,k_best_sel",0.9054355385311682,0.8446273181871875,1.6606292175224202,0.19528619528619529,0.24233128834355833,0.2777777777777778,0.2604790419161678,0.21083788706739515,0.04914127391710091,1,accu_dp,29872
"target_enc,most_freq_imp,no_samp,min_max_scale,k_best_sel",0.8990661117795758,0.8403354726936252,1.6439916930165122,0.19528619528619529,0.2407407407407407,0.2807017543859649,0.26126126126126126,0.21138912855910263,0.049472191586576335,1,accu_dp,29872
"woe_enc,median_imp,min_max_scale,no_sel,no_samp",0.8649228935080419,0.7852896011339922,1.492317141494866,0.17845117845117842,0.2149532710280374,0.26315789473684215,0.23981900452488691,0.1944204774230659,0.06025678698434211,1,accu_dp,29872
"woe_enc,mean_imp,under_samp,norm_scale,k_best_sel",0.3012658227848101,0.48623853211009177,0.706518252389812,0.32456140350877194,0.29591836734693877,0.39473684210526316,0.34905660377358494,0.32456140350877194,-1.0,1,accu_dp,29872
"onehot_enc,median_imp,no_samp,norm_scale,k_best_sel",0.19410745233968804,0.6146788990825688,0.7642515486552184,0.31200897867564537,0.3677685950413223,0.5526315789473684,0.476027397260274,0.35737225577605214,-1.0,1,accu_dp,29872
"woe_enc,median_imp,min_max_scale,k_best_sel,no_samp",0.8921337027674442,0.817104382407371,1.60627817158116,0.19079685746352415,0.23780487804878048,0.26900584795321636,0.25373134328358204,0.20554117534272842,0.05680140515495801,1,accu_dp,29872
"count_enc,median_imp,max_abs_scale,k_best_sel,under_samp",0.8115577889447236,0.6055045871559633,1.4947779435573474,0.2207602339181286,0.23545706371191133,0.19298245614035092,0.21479374110953064,0.2207602339181287,0.1884422110552764,1,accu_dp,29872
"loo_enc,median_imp,no_sel,max_abs_scale,no_samp",0.8912450739052203,0.8311611607670197,1.6020538483263738,0.18855218855218858,0.22812500000000002,0.2777777777777778,0.2537764350453172,0.2053734061930783,0.048126009502587865,1,accu_dp,29872
"loo_enc,median_imp,over_samp,max_abs_scale,no_sel",0.8495821441389093,0.6517952635599694,1.5140934591914983,0.1958105646630237,0.18490566037735845,0.21311475409836067,0.19925857275254866,0.1958105646630237,0.13327382156232348,2,accu_dp,29872
"onehot_enc,median_imp,k_best_sel,norm_scale,no_samp",0.15251299826689774,0.7064220183486238,0.8260801380067435,0.2592592592592593,0.29368029739776946,0.4444444444444444,0.3780687397708674,0.2941712204007285,-1.0,2,accu_dp,29872
"count_enc,median_imp,max_abs_scale,k_best_sel,under_samp",0.8414788732394366,0.6972477064220184,1.5779835058964473,0.22660818713450293,0.22898550724637678,0.2222222222222222,0.2256186317321689,0.22660818713450293,0.15554770318021202,2,accu_dp,29872
"target_enc,mean_imp,no_samp,min_max_scale,k_best_sel",0.9054355385311682,0.8446273181871875,1.6606292175224202,0.19528619528619529,0.24233128834355833,0.2777777777777778,0.2604790419161678,0.21083788706739515,0.04914127391710091,2,accu_dp,29872
"loo_enc,median_imp,k_best_sel,max_abs_scale,over_samp",0.8180318931443369,0.5862020797765016,1.4475506077916962,0.19672131147540983,0.20107719928186718,0.18943533697632053,0.1952983725135623,0.19672131147540994,0.16748966626903763,2,accu_dp,29872
"woe_enc,mean_imp,under_samp,norm_scale,no_sel",0.29797979797979796,0.48623853211009177,0.7022664066745516,0.32602339181286555,0.29966329966329963,0.39181286549707606,0.34898278560250384,0.32602339181286555,-1.0,2,accu_dp,29872
"loo_enc,median_imp,no_sel,max_abs_scale,no_samp",0.8912450739052203,0.8311611607670197,1.6020538483263738,0.18855218855218858,0.22812500000000002,0.2777777777777778,0.2537764350453172,0.2053734061930783,0.048126009502587865,2,accu_dp,29872
"woe_enc,median_imp,min_max_scale,k_best_sel,no_samp",0.8921337027674442,0.817104382407371,1.60627817158116,0.19079685746352415,0.23780487804878048,0.26900584795321636,0.25373134328358204,0.20554117534272842,0.05680140515495801,2,accu_dp,29872
"woe_enc,median_imp,min_max_scale,no_sel,no_samp",0.8649228935080419,0.7852896011339922,1.492317141494866,0.17845117845117842,0.2149532710280374,0.26315789473684215,0.23981900452488691,0.1944204774230659,0.06025678698434211,2,accu_dp,29872
"onehot_enc,median_imp,no_samp,norm_scale,k_best_sel",0.19410745233968804,0.6146788990825688,0.7642515486552184,0.31200897867564537,0.3677685950413223,0.5526315789473684,0.476027397260274,0.35737225577605214,-1.0,2,accu_dp,29872
"woe_enc,median_imp,no_samp,min_max_scale,no_sel",0.8649228935080419,0.7852896011339922,1.492317141494866,0.17845117845117842,0.2149532710280374,0.26315789473684215,0.23981900452488691,0.1944204774230659,0.06025678698434211,3,accu_dp,29872
"target_enc,mean_imp,min_max_scale,k_best_sel,no_samp",0.9054355385311682,0.8446273181871875,1.6606292175224202,0.19528619528619529,0.24233128834355833,0.2777777777777778,0.2604790419161678,0.21083788706739515,0.04914127391710091,3,accu_dp,29872
"count_enc,median_imp,min_max_scale,no_sel,no_samp",0.8594420956186734,0.7675315982202623,1.5030491670711643,0.1874298540965208,0.23241590214067276,0.26608187134502925,0.24962630792227192,0.20225769341386246,0.06943166198529852,3,accu_dp,29872
"woe_enc,median_imp,max_abs_scale,k_best_sel,under_samp",0.8293137246205837,0.5828641178091901,1.5056829097554987,0.19298245614035092,0.19476744186046513,0.1900584795321637,0.19241982507288635,0.19298245614035092,0.16768151550760246,3,accu_dp,29872
"count_enc,median_imp,max_abs_scale,k_best_sel,under_samp",0.821232277262384,0.6562586132220342,1.505381420239578,0.22660818713450293,0.23361823361823364,0.21345029239766078,0.22366522366522368,0.22660818713450281,0.16728195662205814,3,accu_dp,29872
"loo_enc,median_imp,k_best_sel,max_abs_scale,over_samp",0.8382194192544363,0.6193241980691373,1.4956299910415969,0.19489981785063748,0.19266055045871555,0.19854280510018218,0.19561243144424123,0.1948998178506376,0.14697758879405048,3,accu_dp,29872
"woe_enc,median_imp,min_max_scale,k_best_sel,no_samp",0.8921337027674442,0.817104382407371,1.60627817158116,0.19079685746352415,0.23780487804878048,0.26900584795321636,0.25373134328358204,0.20554117534272842,0.05680140515495801,3,accu_dp,29872
"loo_enc,median_imp,no_sel,max_abs_scale,no_samp",0.8912450739052203,0.8311611607670197,1.6020538483263738,0.18855218855218858,0.22812500000000002,0.2777777777777778,0.2537764350453172,0.2053734061930783,0.048126009502587865,3,accu_dp,29872
"woe_enc,median_imp,min_max_scale,no_sel,no_samp",0.8649228935080419,0.7852896011339922,1.492317141494866,0.17845117845117842,0.2149532710280374,0.26315789473684215,0.23981900452488691,0.1944204774230659,0.06025678698434211,3,accu_dp,29872
"target_enc,mean_imp,no_samp,min_max_scale,k_best_sel",0.9054355385311682,0.8446273181871875,1.6606292175224202,0.19528619528619529,0.24233128834355833,0.2777777777777778,0.2604790419161678,0.21083788706739515,0.04914127391710091,3,accu_dp,29872
"target_enc,mean_imp,min_max_scale,no_sel,no_samp",0.876491627018733,0.8128125369138087,1.5445314352993738,0.18406285072951745,0.22187500000000004,0.27192982456140347,0.24773413897280971,0.20062793596011885,0.054232402460886085,4,accu_dp,29872
"count_enc,median_imp,min_max_scale,k_best_sel,no_samp",0.8921337027674442,0.799346379493641,1.6153482788288736,0.19304152637485972,0.24085365853658536,0.27192982456140347,0.25671641791044775,0.20791391045920804,0.05680140515495801,4,accu_dp,29872
"woe_enc,median_imp,min_max_scale,no_sel,no_samp",0.8649228935080419,0.7852896011339922,1.492317141494866,0.17845117845117842,0.2149532710280374,0.26315789473684215,0.23981900452488691,0.1944204774230659,0.06025678698434211,4,accu_dp,29872
"woe_enc,median_imp,no_samp,min_max_scale,no_sel",0.8649228935080419,0.7852896011339922,1.492317141494866,0.17845117845117842,0.2149532710280374,0.26315789473684215,0.23981900452488691,0.1944204774230659,0.06025678698434211,4,accu_dp,29872
"count_enc,median_imp,min_max_scale,no_sel,no_samp",0.8594420956186734,0.7675315982202623,1.5030491670711643,0.1874298540965208,0.23241590214067276,0.26608187134502925,0.24962630792227192,0.20225769341386246,0.06943166198529852,4,accu_dp,29872
"target_enc,mean_imp,no_samp,min_max_scale,k_best_sel",0.9054355385311682,0.8446273181871875,1.6606292175224202,0.19528619528619529,0.24233128834355833,0.2777777777777778,0.2604790419161678,0.21083788706739515,0.04914127391710091,4,accu_dp,29872
"loo_enc,median_imp,k_best_sel,max_abs_scale,over_samp",0.8233406024260597,0.5888406022039423,1.4544626344926412,0.19398907103825136,0.19784172661870503,0.1876138433515483,0.1927601809954752,0.19398907103825147,0.16393669510819547,4,accu_dp,29872
"loo_enc,median_imp,no_sel,max_abs_scale,no_samp",0.8912450739052203,0.8311611607670197,1.6020538483263738,0.18855218855218858,0.22812500000000002,0.2777777777777778,0.2537764350453172,0.2053734061930783,0.048126009502587865,4,accu_dp,29872
"woe_enc,median_imp,max_abs_scale,k_best_sel,under_samp",0.7911426289505789,0.5828641178091901,1.401151154846227,0.21345029239766078,0.22625698324022347,0.1900584795321637,0.20857142857142852,0.2134502923976609,0.19483001947228326,4,accu_dp,29872
"target_enc,mean_imp,min_max_scale,k_best_sel,no_samp",0.9054355385311682,0.8446273181871875,1.6606292175224202,0.19528619528619529,0.24233128834355833,0.2777777777777778,0.2604790419161678,0.21083788706739515,0.04914127391710091,4,accu_dp,29872
"loo_enc,median_imp,no_sel,max_abs_scale,over_samp",0.7807939157217337,0.49986634986634987,1.3241778408445075,0.1876138433515483,0.19429590017825316,0.1766848816029144,0.18558558558558558,0.1876138433515483,0.199416376736932,5,accu_dp,29872
"woe_enc,median_imp,no_samp,min_max_scale,k_best_sel",0.8921337027674442,0.817104382407371,1.60627817158116,0.19079685746352415,0.23780487804878048,0.26900584795321636,0.25373134328358204,0.20554117534272842,0.05680140515495801,5,accu_dp,29872
"woe_enc,median_imp,min_max_scale,no_sel,no_samp",0.8649228935080419,0.7852896011339922,1.492317141494866,0.17845117845117842,0.2149532710280374,0.26315789473684215,0.23981900452488691,0.1944204774230659,0.06025678698434211,5,accu_dp,29872
"woe_enc,median_imp,no_samp,min_max_scale,no_sel",0.8649228935080419,0.7852896011339922,1.492317141494866,0.17845117845117842,0.2149532710280374,0.26315789473684215,0.23981900452488691,0.1944204774230659,0.06025678698434211,5,accu_dp,29872
"loo_enc,median_imp,k_best_sel,max_abs_scale,over_samp",0.8390682412455353,0.6373262032085562,1.5072217397707592,0.20127504553734066,0.19852941176470584,0.20582877959927137,0.2021957913998168,0.20127504553734055,0.14971926555296547,5,accu_dp,29872
"count_enc,median_imp,min_max_scale,no_sel,no_samp",0.8594420956186734,0.7675315982202623,1.5030491670711643,0.1874298540965208,0.23241590214067276,0.26608187134502925,0.24962630792227192,0.20225769341386246,0.06943166198529852,5,accu_dp,29872
"count_enc,median_imp,min_max_scale,k_best_sel,no_samp",0.8921337027674442,0.799346379493641,1.6153482788288736,0.19304152637485972,0.24085365853658536,0.27192982456140347,0.25671641791044775,0.20791391045920804,0.05680140515495801,5,accu_dp,29872
"target_enc,mean_imp,min_max_scale,no_sel,no_samp",0.876491627018733,0.8128125369138087,1.5445314352993738,0.18406285072951745,0.22187500000000004,0.27192982456140347,0.24773413897280971,0.20062793596011885,0.054232402460886085,5,accu_dp,29872
"target_enc,mean_imp,no_samp,min_max_scale,k_best_sel",0.9054355385311682,0.8446273181871875,1.6606292175224202,0.19528619528619529,0.24233128834355833,0.2777777777777778,0.2604790419161678,0.21083788706739515,0.04914127391710091,5,accu_dp,29872
"target_enc,mean_imp,min_max_scale,k_best_sel,no_samp",0.9054355385311682,0.8446273181871875,1.6606292175224202,0.19528619528619529,0.24233128834355833,0.2777777777777778,0.2604790419161678,0.21083788706739515,0.04914127391710091,5,accu_dp,29872
"woe_enc,median_imp,min_max_scale,no_sel,no_samp",0.8649228935080419,0.7852896011339922,1.492317141494866,0.17845117845117842,0.2149532710280374,0.26315789473684215,0.23981900452488691,0.1944204774230659,0.06025678698434211,6,accu_dp,29872
"woe_enc,median_imp,no_samp,min_max_scale,no_sel",0.8649228935080419,0.7852896011339922,1.492317141494866,0.17845117845117842,0.2149532710280374,0.26315789473684215,0.23981900452488691,0.1944204774230659,0.06025678698434211,6,accu_dp,29872
"loo_enc,median_imp,min_max_scale,no_sel,no_samp",0.8762101358884633,0.8128125369138087,1.552603610038215,0.1874298540965208,0.22910216718266252,0.27192982456140347,0.2511278195488722,0.20336017639727733,0.05777403195555661,6,accu_dp,29872
"woe_enc,median_imp,no_sel,max_abs_scale,over_samp",0.7704395604395604,0.500089828427703,1.2728818512197257,0.18488160291438982,0.1899641577060932,0.1766848816029144,0.18337850045167114,0.18488160291438993,0.20102564102564102,6,accu_dp,29872
"woe_enc,median_imp,no_samp,min_max_scale,k_best_sel",0.8921337027674442,0.817104382407371,1.60627817158116,0.19079685746352415,0.23780487804878048,0.26900584795321636,0.25373134328358204,0.20554117534272842,0.05680140515495801,6,accu_dp,29872
"count_enc,median_imp,min_max_scale,no_sel,no_samp",0.8594420956186734,0.7675315982202623,1.5030491670711643,0.1874298540965208,0.23241590214067276,0.26608187134502925,0.24962630792227192,0.20225769341386246,0.06943166198529852,6,accu_dp,29872
"loo_enc,median_imp,no_sel,max_abs_scale,over_samp",0.8458371595257683,0.6247386545320378,1.5095914560515058,0.19307832422586524,0.18738404452690172,0.20218579234972678,0.19485294117647067,0.19307832422586524,0.14100537354827525,6,accu_dp,29872
"target_enc,mean_imp,min_max_scale,no_sel,no_samp",0.876491627018733,0.8128125369138087,1.5445314352993738,0.18406285072951745,0.22187500000000004,0.27192982456140347,0.24773413897280971,0.20062793596011885,0.054232402460886085,6,accu_dp,29872
"target_enc,mean_imp,no_samp,min_max_scale,k_best_sel",0.9054355385311682,0.8446273181871875,1.6606292175224202,0.19528619528619529,0.24233128834355833,0.2777777777777778,0.2604790419161678,0.21083788706739515,0.04914127391710091,6,accu_dp,29872
"loo_enc,median_imp,no_samp,min_max_scale,no_sel",0.8762101358884633,0.8128125369138087,1.552603610038215,0.1874298540965208,0.22910216718266252,0.27192982456140347,0.2511278195488722,0.20336017639727733,0.05777403195555661,6,accu_dp,29872
"loo_enc,median_imp,no_sel,max_abs_scale,over_samp",0.7924290655057901,0.5538313038313039,1.367933867933868,0.19763205828779595,0.19597069597069594,0.20036429872495443,0.19817351598173527,0.19763205828779606,0.18183077923416108,7,accu_dp,29872
"count_enc,median_imp,min_max_scale,no_sel,no_samp",0.8594420956186734,0.7675315982202623,1.5030491670711643,0.1874298540965208,0.23241590214067276,0.26608187134502925,0.24962630792227192,0.20225769341386246,0.06943166198529852,7,accu_dp,29872
"loo_enc,median_imp,min_max_scale,no_sel,over_samp",0.8350886946145946,0.609752193122879,1.4694388028094887,0.1885245901639344,0.19133574007220222,0.1839708561020036,0.18766999093381687,0.1885245901639343,0.15041952760467497,7,accu_dp,29872
"loo_enc,median_imp,no_sel,max_abs_scale,no_samp",0.8912450739052203,0.8311611607670197,1.6020538483263738,0.18855218855218858,0.22812500000000002,0.2777777777777778,0.2537764350453172,0.2053734061930783,0.048126009502587865,7,accu_dp,29872
"target_enc,mean_imp,min_max_scale,no_sel,no_samp",0.876491627018733,0.8128125369138087,1.5445314352993738,0.18406285072951745,0.22187500000000004,0.27192982456140347,0.24773413897280971,0.20062793596011885,0.054232402460886085,7,accu_dp,29872
"woe_enc,median_imp,no_samp,min_max_scale,no_sel",0.8649228935080419,0.7852896011339922,1.492317141494866,0.17845117845117842,0.2149532710280374,0.26315789473684215,0.23981900452488691,0.1944204774230659,0.06025678698434211,7,accu_dp,29872
"woe_enc,median_imp,no_samp,min_max_scale,k_best_sel",0.8921337027674442,0.817104382407371,1.60627817158116,0.19079685746352415,0.23780487804878048,0.26900584795321636,0.25373134328358204,0.20554117534272842,0.05680140515495801,7,accu_dp,29872
"woe_enc,median_imp,min_max_scale,no_sel,no_samp",0.8649228935080419,0.7852896011339922,1.492317141494866,0.17845117845117842,0.2149532710280374,0.26315789473684215,0.23981900452488691,0.1944204774230659,0.06025678698434211,7,accu_dp,29872
"target_enc,mean_imp,no_samp,min_max_scale,k_best_sel",0.9054355385311682,0.8446273181871875,1.6606292175224202,0.19528619528619529,0.24233128834355833,0.2777777777777778,0.2604790419161678,0.21083788706739515,0.04914127391710091,7,accu_dp,29872
"loo_enc,median_imp,no_samp,min_max_scale,no_sel",0.8762101358884633,0.8128125369138087,1.552603610038215,0.1874298540965208,0.22910216718266252,0.27192982456140347,0.2511278195488722,0.20336017639727733,0.05777403195555661,7,accu_dp,29872
"woe_enc,median_imp,min_max_scale,no_sel,no_samp",0.8649228935080419,0.7852896011339922,1.492317141494866,0.17845117845117842,0.2149532710280374,0.26315789473684215,0.23981900452488691,0.1944204774230659,0.06025678698434211,8,accu_dp,29872
"target_enc,mean_imp,no_samp,min_max_scale,k_best_sel",0.9054355385311682,0.8446273181871875,1.6606292175224202,0.19528619528619529,0.24233128834355833,0.2777777777777778,0.2604790419161678,0.21083788706739515,0.04914127391710091,8,accu_dp,29872
"target_enc,median_imp,no_samp,min_max_scale,no_sel",0.8730254225126671,0.8036382249872032,1.5332203712360162,0.18406285072951745,0.22360248447204967,0.26900584795321636,0.24698795180722888,0.20007669446841148,0.057972568147843746,8,accu_dp,29872
"woe_enc,mean_imp,min_max_scale,no_sel,no_samp",0.8631897912550089,0.7761152892073867,1.4831428295682603,0.17732884399551063,0.2142857142857143,0.26023391812865493,0.23795180722891562,0.1929584891189723,0.0621398115776028,8,accu_dp,29872
"loo_enc,median_imp,no_sel,max_abs_scale,no_samp",0.8912450739052203,0.8311611607670197,1.6020538483263738,0.18855218855218858,0.22812500000000002,0.2777777777777778,0.2537764350453172,0.2053734061930783,0.048126009502587865,8,accu_dp,29872
"woe_enc,median_imp,min_max_scale,no_sel,over_samp",0.7997128843163057,0.5778762414056531,1.3753596222223672,0.1958105646630237,0.1963636363636364,0.19489981785063748,0.19563239308462244,0.1958105646630236,0.17489940507047816,8,accu_dp,29872
"target_enc,mean_imp,min_max_scale,no_sel,no_samp",0.876491627018733,0.8128125369138087,1.5445314352993738,0.18406285072951745,0.22187500000000004,0.27192982456140347,0.24773413897280971,0.20062793596011885,0.054232402460886085,8,accu_dp,29872
"count_enc,median_imp,min_max_scale,no_sel,no_samp",0.8594420956186734,0.7675315982202623,1.5030491670711643,0.1874298540965208,0.23241590214067276,0.26608187134502925,0.24962630792227192,0.20225769341386246,0.06943166198529852,8,accu_dp,29872
"woe_enc,median_imp,no_samp,min_max_scale,no_sel",0.8649228935080419,0.7852896011339922,1.492317141494866,0.17845117845117842,0.2149532710280374,0.26315789473684215,0.23981900452488691,0.1944204774230659,0.06025678698434211,8,accu_dp,29872
"loo_enc,median_imp,no_samp,min_max_scale,no_sel",0.8762101358884633,0.8128125369138087,1.552603610038215,0.1874298540965208,0.22910216718266252,0.27192982456140347,0.2511278195488722,0.20336017639727733,0.05777403195555661,8,accu_dp,29872
"woe_enc,median_imp,no_samp,min_max_scale,no_sel",0.8649228935080419,0.7852896011339922,1.492317141494866,0.17845117845117842,0.2149532710280374,0.26315789473684215,0.23981900452488691,0.1944204774230659,0.06025678698434211,9,accu_dp,29872
"loo_enc,mean_imp,no_sel,max_abs_scale,no_samp",0.8912450739052203,0.8311611607670197,1.6020538483263738,0.18855218855218858,0.22812500000000002,0.2777777777777778,0.2537764350453172,0.2053734061930783,0.048126009502587865,9,accu_dp,29872
"target_enc,median_imp,min_max_scale,no_sel,no_samp",0.8730254225126671,0.8036382249872032,1.5332203712360162,0.18406285072951745,0.22360248447204967,0.26900584795321636,0.24698795180722888,0.20007669446841148,0.057972568147843746,9,accu_dp,29872
"woe_enc,mean_imp,min_max_scale,no_sel,no_samp",0.8631897912550089,0.7761152892073867,1.4831428295682603,0.17732884399551063,0.2142857142857143,0.26023391812865493,0.23795180722891562,0.1929584891189723,0.0621398115776028,9,accu_dp,29872
"woe_enc,median_imp,min_max_scale,no_sel,no_samp",0.8649228935080419,0.7852896011339922,1.492317141494866,0.17845117845117842,0.2149532710280374,0.26315789473684215,0.23981900452488691,0.1944204774230659,0.06025678698434211,9,accu_dp,29872
"target_enc,mean_imp,min_max_scale,no_sel,no_samp",0.876491627018733,0.8128125369138087,1.5445314352993738,0.18406285072951745,0.22187500000000004,0.27192982456140347,0.24773413897280971,0.20062793596011885,0.054232402460886085,9,accu_dp,29872
"count_enc,median_imp,min_max_scale,no_sel,under_samp",0.8244945485339261,0.6746072370752452,1.4804162501002502,0.21345029239766078,0.2100591715976331,0.2192982456140351,0.21470588235294108,0.21345029239766078,0.15758165693272766,9,accu_dp,29872
"target_enc,median_imp,no_samp,min_max_scale,no_sel",0.8730254225126671,0.8036382249872032,1.5332203712360162,0.18406285072951745,0.22360248447204967,0.26900584795321636,0.24698795180722888,0.20007669446841148,0.057972568147843746,9,accu_dp,29872
"count_enc,median_imp,min_max_scale,no_sel,no_samp",0.8594420956186734,0.7675315982202623,1.5030491670711643,0.1874298540965208,0.23241590214067276,0.26608187134502925,0.24962630792227192,0.20225769341386246,0.06943166198529852,9,accu_dp,29872
"woe_enc,median_imp,min_max_scale,no_sel,over_samp",0.8284478021978021,0.6236937449471509,1.473171427758167,0.20218579234972678,0.19439252336448598,0.21493624772313302,0.20479704797047982,0.20218579234972678,0.15263786441868632,9,accu_dp,29872
"woe_enc,mean_imp,no_samp,min_max_scale,no_sel",0.8631897912550089,0.7761152892073867,1.4831428295682603,0.17732884399551063,0.2142857142857143,0.26023391812865493,0.23795180722891562,0.1929584891189723,0.0621398115776028,10,accu_dp,29872
"target_enc,median_imp,min_max_scale,no_sel,no_samp",0.8730254225126671,0.8036382249872032,1.5332203712360162,0.18406285072951745,0.22360248447204967,0.26900584795321636,0.24698795180722888,0.20007669446841148,0.057972568147843746,10,accu_dp,29872
"target_enc,mean_imp,min_max_scale,no_sel,no_samp",0.876491627018733,0.8128125369138087,1.5445314352993738,0.18406285072951745,0.22187500000000004,0.27192982456140347,0.24773413897280971,0.20062793596011885,0.054232402460886085,10,accu_dp,29872
"woe_enc,median_imp,min_max_scale,no_sel,no_samp",0.8649228935080419,0.7852896011339922,1.492317141494866,0.17845117845117842,0.2149532710280374,0.26315789473684215,0.23981900452488691,0.1944204774230659,0.06025678698434211,10,accu_dp,29872
"count_enc,median_imp,min_max_scale,no_sel,no_samp",0.8594420956186734,0.7675315982202623,1.5030491670711643,0.1874298540965208,0.23241590214067276,0.26608187134502925,0.24962630792227192,0.20225769341386246,0.06943166198529852,10,accu_dp,29872
"woe_enc,mean_imp,min_max_scale,no_sel,no_samp",0.8631897912550089,0.7761152892073867,1.4831428295682603,0.17732884399551063,0.2142857142857143,0.26023391812865493,0.23795180722891562,0.1929584891189723,0.0621398115776028,10,accu_dp,29872
"loo_enc,mean_imp,no_sel,max_abs_scale,no_samp",0.8912450739052203,0.8311611607670197,1.6020538483263738,0.18855218855218858,0.22812500000000002,0.2777777777777778,0.2537764350453172,0.2053734061930783,0.048126009502587865,10,accu_dp,29872
"target_enc,median_imp,no_samp,min_max_scale,no_sel",0.8730254225126671,0.8036382249872032,1.5332203712360162,0.18406285072951745,0.22360248447204967,0.26900584795321636,0.24698795180722888,0.20007669446841148,0.057972568147843746,10,accu_dp,29872
"woe_enc,median_imp,no_samp,min_max_scale,no_sel",0.8649228935080419,0.7852896011339922,1.492317141494866,0.17845117845117842,0.2149532710280374,0.26315789473684215,0.23981900452488691,0.1944204774230659,0.06025678698434211,10,accu_dp,29872
"woe_enc,median_imp,min_max_scale,no_sel,over_samp",0.8104332806711515,0.5815491469122753,1.4267533254497873,0.1994535519125683,0.1955719557195572,0.20582877959927137,0.2007332722273143,0.1994535519125682,0.1655127635098417,10,accu_dp,29872
"target_enc,median_imp,min_max_scale,no_sel,no_samp",0.8730254225126671,0.8036382249872032,1.5332203712360162,0.18406285072951745,0.22360248447204967,0.26900584795321636,0.24698795180722888,0.20007669446841148,0.057972568147843746,11,accu_dp,29872
"woe_enc,mean_imp,min_max_scale,no_sel,no_samp",0.8631897912550089,0.7761152892073867,1.4831428295682603,0.17732884399551063,0.2142857142857143,0.26023391812865493,0.23795180722891562,0.1929584891189723,0.0621398115776028,11,accu_dp,29872
"woe_enc,median_imp,min_max_scale,no_sel,no_samp",0.8649228935080419,0.7852896011339922,1.492317141494866,0.17845117845117842,0.2149532710280374,0.26315789473684215,0.23981900452488691,0.1944204774230659,0.06025678698434211,11,accu_dp,29872
"target_enc,mean_imp,no_samp,min_max_scale,no_sel",0.876491627018733,0.8128125369138087,1.5445314352993738,0.18406285072951745,0.22187500000000004,0.27192982456140347,0.24773413897280971,0.20062793596011885,0.054232402460886085,11,accu_dp,29872
"woe_enc,median_imp,no_samp,min_max_scale,no_sel",0.8649228935080419,0.7852896011339922,1.492317141494866,0.17845117845117842,0.2149532710280374,0.26315789473684215,0.23981900452488691,0.1944204774230659,0.06025678698434211,11,accu_dp,29872
"target_enc,mean_imp,min_max_scale,no_sel,no_samp",0.876491627018733,0.8128125369138087,1.5445314352993738,0.18406285072951745,0.22187500000000004,0.27192982456140347,0.24773413897280971,0.20062793596011885,0.054232402460886085,11,accu_dp,29872
"woe_enc,mean_imp,no_samp,min_max_scale,no_sel",0.8631897912550089,0.7761152892073867,1.4831428295682603,0.17732884399551063,0.2142857142857143,0.26023391812865493,0.23795180722891562,0.1929584891189723,0.0621398115776028,11,accu_dp,29872
"woe_enc,median_imp,no_samp,quant_scale,no_sel",0.8762101358884633,0.7907626885065165,1.5697275508047122,0.19191919191919193,0.23529411764705888,0.2777777777777778,0.25714285714285723,0.20810564663023667,0.05777403195555661,11,accu_dp,29872
"count_enc,median_imp,min_max_scale,no_sel,no_samp",0.8594420956186734,0.7675315982202623,1.5030491670711643,0.1874298540965208,0.23241590214067276,0.26608187134502925,0.24962630792227192,0.20225769341386246,0.06943166198529852,11,accu_dp,29872
"target_enc,median_imp,no_samp,min_max_scale,no_sel",0.8730254225126671,0.8036382249872032,1.5332203712360162,0.18406285072951745,0.22360248447204967,0.26900584795321636,0.24698795180722888,0.20007669446841148,0.057972568147843746,11,accu_dp,29872
"woe_enc,mean_imp,min_max_scale,no_sel,no_samp",0.8631897912550089,0.7761152892073867,1.4831428295682603,0.17732884399551063,0.2142857142857143,0.26023391812865493,0.23795180722891562,0.1929584891189723,0.0621398115776028,12,accu_dp,29872
"target_enc,median_imp,min_max_scale,no_sel,no_samp",0.8730254225126671,0.8036382249872032,1.5332203712360162,0.18406285072951745,0.22360248447204967,0.26900584795321636,0.24698795180722888,0.20007669446841148,0.057972568147843746,12,accu_dp,29872
"woe_enc,median_imp,min_max_scale,no_sel,no_samp",0.8649228935080419,0.7852896011339922,1.492317141494866,0.17845117845117842,0.2149532710280374,0.26315789473684215,0.23981900452488691,0.1944204774230659,0.06025678698434211,12,accu_dp,29872
"woe_enc,mean_imp,no_samp,min_max_scale,no_sel",0.8631897912550089,0.7761152892073867,1.4831428295682603,0.17732884399551063,0.2142857142857143,0.26023391812865493,0.23795180722891562,0.1929584891189723,0.0621398115776028,12,accu_dp,29872
"count_enc,median_imp,min_max_scale,no_sel,no_samp",0.8594420956186734,0.7675315982202623,1.5030491670711643,0.1874298540965208,0.23241590214067276,0.26608187134502925,0.24962630792227192,0.20225769341386246,0.06943166198529852,12,accu_dp,29872
"target_enc,mean_imp,no_samp,min_max_scale,no_sel",0.876491627018733,0.8128125369138087,1.5445314352993738,0.18406285072951745,0.22187500000000004,0.27192982456140347,0.24773413897280971,0.20062793596011885,0.054232402460886085,12,accu_dp,29872
"woe_enc,median_imp,no_samp,min_max_scale,no_sel",0.8649228935080419,0.7852896011339922,1.492317141494866,0.17845117845117842,0.2149532710280374,0.26315789473684215,0.23981900452488691,0.1944204774230659,0.06025678698434211,12,accu_dp,29872
"target_enc,mean_imp,min_max_scale,no_sel,no_samp",0.876491627018733,0.8128125369138087,1.5445314352993738,0.18406285072951745,0.22187500000000004,0.27192982456140347,0.24773413897280971,0.20062793596011885,0.054232402460886085,12,accu_dp,29872
"target_enc,median_imp,no_samp,min_max_scale,no_sel",0.8730254225126671,0.8036382249872032,1.5332203712360162,0.18406285072951745,0.22360248447204967,0.26900584795321636,0.24698795180722888,0.20007669446841148,0.057972568147843746,12,accu_dp,29872
"woe_enc,median_imp,no_samp,quant_scale,no_sel",0.8762101358884633,0.7907626885065165,1.5697275508047122,0.19191919191919193,0.23529411764705888,0.2777777777777778,0.25714285714285723,0.20810564663023667,0.05777403195555661,12,accu_dp,29872
"target_enc,mean_imp,no_samp,min_max_scale,no_sel",0.876491627018733,0.8128125369138087,1.5445314352993738,0.18406285072951745,0.22187500000000004,0.27192982456140347,0.24773413897280971,0.20062793596011885,0.054232402460886085,13,accu_dp,29872
"woe_enc,mean_imp,min_max_scale,no_sel,no_samp",0.8631897912550089,0.7761152892073867,1.4831428295682603,0.17732884399551063,0.2142857142857143,0.26023391812865493,0.23795180722891562,0.1929584891189723,0.0621398115776028,13,accu_dp,29872
"target_enc,median_imp,min_max_scale,no_sel,no_samp",0.8730254225126671,0.8036382249872032,1.5332203712360162,0.18406285072951745,0.22360248447204967,0.26900584795321636,0.24698795180722888,0.20007669446841148,0.057972568147843746,13,accu_dp,29872
"target_enc,median_imp,no_samp,min_max_scale,no_sel",0.8730254225126671,0.8036382249872032,1.5332203712360162,0.18406285072951745,0.22360248447204967,0.26900584795321636,0.24698795180722888,0.20007669446841148,0.057972568147843746,13,accu_dp,29872
"woe_enc,mean_imp,no_samp,min_max_scale,no_sel",0.8631897912550089,0.7761152892073867,1.4831428295682603,0.17732884399551063,0.2142857142857143,0.26023391812865493,0.23795180722891562,0.1929584891189723,0.0621398115776028,13,accu_dp,29872
"woe_enc,median_imp,no_samp,min_max_scale,no_sel",0.8649228935080419,0.7852896011339922,1.492317141494866,0.17845117845117842,0.2149532710280374,0.26315789473684215,0.23981900452488691,0.1944204774230659,0.06025678698434211,13,accu_dp,29872
"woe_enc,median_imp,min_max_scale,no_sel,no_samp",0.8649228935080419,0.7852896011339922,1.492317141494866,0.17845117845117842,0.2149532710280374,0.26315789473684215,0.23981900452488691,0.1944204774230659,0.06025678698434211,13,accu_dp,29872
"target_enc,mean_imp,min_max_scale,no_sel,no_samp",0.876491627018733,0.8128125369138087,1.5445314352993738,0.18406285072951745,0.22187500000000004,0.27192982456140347,0.24773413897280971,0.20062793596011885,0.054232402460886085,13,accu_dp,29872
"woe_enc,most_freq_imp,no_samp,min_max_scale,no_sel",0.8646414023777722,0.7761152892073867,1.4933517564438539,0.1795735129068462,0.21913580246913578,0.26023391812865493,0.24024024024024027,0.19477998274374464,0.0638020677702743,13,accu_dp,29872
"woe_enc,median_imp,no_samp,quant_scale,no_sel",0.8762101358884633,0.7907626885065165,1.5697275508047122,0.19191919191919193,0.23529411764705888,0.2777777777777778,0.25714285714285723,0.20810564663023667,0.05777403195555661,13,accu_dp,29872
"target_enc,mean_imp,min_max_scale,no_sel,no_samp",0.876491627018733,0.8128125369138087,1.5445314352993738,0.18406285072951745,0.22187500000000004,0.27192982456140347,0.24773413897280971,0.20062793596011885,0.054232402460886085,14,accu_dp,29872
"target_enc,median_imp,no_samp,min_max_scale,no_sel",0.8730254225126671,0.8036382249872032,1.5332203712360162,0.18406285072951745,0.22360248447204967,0.26900584795321636,0.24698795180722888,0.20007669446841148,0.057972568147843746,14,accu_dp,29872
"target_enc,mean_imp,no_samp,min_max_scale,no_sel",0.876491627018733,0.8128125369138087,1.5445314352993738,0.18406285072951745,0.22187500000000004,0.27192982456140347,0.24773413897280971,0.20062793596011885,0.054232402460886085,14,accu_dp,29872
"woe_enc,median_imp,min_max_scale,no_sel,no_samp",0.8649228935080419,0.7852896011339922,1.492317141494866,0.17845117845117842,0.2149532710280374,0.26315789473684215,0.23981900452488691,0.1944204774230659,0.06025678698434211,14,accu_dp,29872
"woe_enc,mean_imp,min_max_scale,no_sel,no_samp",0.8631897912550089,0.7761152892073867,1.4831428295682603,0.17732884399551063,0.2142857142857143,0.26023391812865493,0.23795180722891562,0.1929584891189723,0.0621398115776028,14,accu_dp,29872
"woe_enc,mean_imp,no_samp,min_max_scale,no_sel",0.8631897912550089,0.7761152892073867,1.4831428295682603,0.17732884399551063,0.2142857142857143,0.26023391812865493,0.23795180722891562,0.1929584891189723,0.0621398115776028,14,accu_dp,29872
"woe_enc,most_freq_imp,no_samp,min_max_scale,no_sel",0.8646414023777722,0.7761152892073867,1.4933517564438539,0.1795735129068462,0.21913580246913578,0.26023391812865493,0.24024024024024027,0.19477998274374464,0.0638020677702743,14,accu_dp,29872
"woe_enc,median_imp,no_samp,min_max_scale,no_sel",0.8649228935080419,0.7852896011339922,1.492317141494866,0.17845117845117842,0.2149532710280374,0.26315789473684215,0.23981900452488691,0.1944204774230659,0.06025678698434211,14,accu_dp,29872
"target_enc,median_imp,min_max_scale,no_sel,no_samp",0.8730254225126671,0.8036382249872032,1.5332203712360162,0.18406285072951745,0.22360248447204967,0.26900584795321636,0.24698795180722888,0.20007669446841148,0.057972568147843746,14,accu_dp,29872
"ordinal_enc,median_imp,min_max_scale,no_sel,no_samp",0.8782247292717659,0.8415167145725873,1.6140713204605266,0.20314253647586977,0.24764890282131657,0.29824561403508776,0.27382753403933435,0.2210718051960502,0.052362319617407255,14,accu_dp,29872
"target_enc,mean_imp,min_max_scale,no_sel,no_samp",0.876491627018733,0.8128125369138087,1.5445314352993738,0.18406285072951745,0.22187500000000004,0.27192982456140347,0.24773413897280971,0.20062793596011885,0.054232402460886085,15,accu_dp,29872
"woe_enc,median_imp,no_samp,min_max_scale,no_sel",0.8649228935080419,0.7852896011339922,1.492317141494866,0.17845117845117842,0.2149532710280374,0.26315789473684215,0.23981900452488691,0.1944204774230659,0.06025678698434211,15,accu_dp,29872
"woe_enc,mean_imp,no_samp,min_max_scale,no_sel",0.8631897912550089,0.7761152892073867,1.4831428295682603,0.17732884399551063,0.2142857142857143,0.26023391812865493,0.23795180722891562,0.1929584891189723,0.0621398115776028,15,accu_dp,29872
"target_enc,median_imp,min_max_scale,no_sel,no_samp",0.8730254225126671,0.8036382249872032,1.5332203712360162,0.18406285072951745,0.22360248447204967,0.26900584795321636,0.24698795180722888,0.20007669446841148,0.057972568147843746,15,accu_dp,29872
"woe_enc,median_imp,min_max_scale,no_sel,no_samp",0.8649228935080419,0.7852896011339922,1.492317141494866,0.17845117845117842,0.2149532710280374,0.26315789473684215,0.23981900452488691,0.1944204774230659,0.06025678698434211,15,accu_dp,29872
"woe_enc,mean_imp,min_max_scale,no_sel,no_samp",0.8631897912550089,0.7761152892073867,1.4831428295682603,0.17732884399551063,0.2142857142857143,0.26023391812865493,0.23795180722891562,0.1929584891189723,0.0621398115776028,15,accu_dp,29872
"target_enc,median_imp,no_samp,min_max_scale,no_sel",0.8730254225126671,0.8036382249872032,1.5332203712360162,0.18406285072951745,0.22360248447204967,0.26900584795321636,0.24698795180722888,0.20007669446841148,0.057972568147843746,15,accu_dp,29872
"woe_enc,most_freq_imp,no_samp,min_max_scale,no_sel",0.8646414023777722,0.7761152892073867,1.4933517564438539,0.1795735129068462,0.21913580246913578,0.26023391812865493,0.24024024024024027,0.19477998274374464,0.0638020677702743,15,accu_dp,29872
"target_enc,mean_imp,no_samp,min_max_scale,no_sel",0.876491627018733,0.8128125369138087,1.5445314352993738,0.18406285072951745,0.22187500000000004,0.27192982456140347,0.24773413897280971,0.20062793596011885,0.054232402460886085,15,accu_dp,29872
"ordinal_enc,median_imp,min_max_scale,no_sel,no_samp",0.8782247292717659,0.8415167145725873,1.6140713204605266,0.20314253647586977,0.24764890282131657,0.29824561403508776,0.27382753403933435,0.2210718051960502,0.052362319617407255,15,accu_dp,29872
"woe_enc,mean_imp,no_samp,min_max_scale,no_sel",0.8631897912550089,0.7761152892073867,1.4831428295682603,0.17732884399551063,0.2142857142857143,0.26023391812865493,0.23795180722891562,0.1929584891189723,0.0621398115776028,16,accu_dp,29872
"woe_enc,mean_imp,min_max_scale,no_sel,no_samp",0.8631897912550089,0.7761152892073867,1.4831428295682603,0.17732884399551063,0.2142857142857143,0.26023391812865493,0.23795180722891562,0.1929584891189723,0.0621398115776028,16,accu_dp,29872
"woe_enc,median_imp,min_max_scale,no_sel,no_samp",0.8649228935080419,0.7852896011339922,1.492317141494866,0.17845117845117842,0.2149532710280374,0.26315789473684215,0.23981900452488691,0.1944204774230659,0.06025678698434211,16,accu_dp,29872
"woe_enc,most_freq_imp,no_samp,min_max_scale,no_sel",0.8646414023777722,0.7761152892073867,1.4933517564438539,0.1795735129068462,0.21913580246913578,0.26023391812865493,0.24024024024024027,0.19477998274374464,0.0638020677702743,16,accu_dp,29872
"target_enc,mean_imp,min_max_scale,no_sel,no_samp",0.876491627018733,0.8128125369138087,1.5445314352993738,0.18406285072951745,0.22187500000000004,0.27192982456140347,0.24773413897280971,0.20062793596011885,0.054232402460886085,16,accu_dp,29872
"woe_enc,median_imp,no_samp,min_max_scale,no_sel",0.8649228935080419,0.7852896011339922,1.492317141494866,0.17845117845117842,0.2149532710280374,0.26315789473684215,0.23981900452488691,0.1944204774230659,0.06025678698434211,16,accu_dp,29872
"target_enc,median_imp,min_max_scale,no_sel,no_samp",0.8730254225126671,0.8036382249872032,1.5332203712360162,0.18406285072951745,0.22360248447204967,0.26900584795321636,0.24698795180722888,0.20007669446841148,0.057972568147843746,16,accu_dp,29872
"target_enc,mean_imp,no_samp,min_max_scale,no_sel",0.876491627018733,0.8128125369138087,1.5445314352993738,0.18406285072951745,0.22187500000000004,0.27192982456140347,0.24773413897280971,0.20062793596011885,0.054232402460886085,16,accu_dp,29872
"woe_enc,median_imp,no_samp,quant_scale,no_sel",0.8762101358884633,0.7907626885065165,1.5697275508047122,0.19191919191919193,0.23529411764705888,0.2777777777777778,0.25714285714285723,0.20810564663023667,0.05777403195555661,16,accu_dp,29872
"target_enc,median_imp,no_samp,min_max_scale,no_sel",0.8730254225126671,0.8036382249872032,1.5332203712360162,0.18406285072951745,0.22360248447204967,0.26900584795321636,0.24698795180722888,0.20007669446841148,0.057972568147843746,16,accu_dp,29872
"target_enc,median_imp,min_max_scale,no_sel,no_samp",0.8730254225126671,0.8036382249872032,1.5332203712360162,0.18406285072951745,0.22360248447204967,0.26900584795321636,0.24698795180722888,0.20007669446841148,0.057972568147843746,17,accu_dp,29872
"woe_enc,most_freq_imp,no_samp,min_max_scale,no_sel",0.8646414023777722,0.7761152892073867,1.4933517564438539,0.1795735129068462,0.21913580246913578,0.26023391812865493,0.24024024024024027,0.19477998274374464,0.0638020677702743,17,accu_dp,29872
"target_enc,mean_imp,min_max_scale,no_sel,no_samp",0.876491627018733,0.8128125369138087,1.5445314352993738,0.18406285072951745,0.22187500000000004,0.27192982456140347,0.24773413897280971,0.20062793596011885,0.054232402460886085,17,accu_dp,29872
"woe_enc,median_imp,min_max_scale,no_sel,no_samp",0.8649228935080419,0.7852896011339922,1.492317141494866,0.17845117845117842,0.2149532710280374,0.26315789473684215,0.23981900452488691,0.1944204774230659,0.06025678698434211,17,accu_dp,29872
"woe_enc,median_imp,no_samp,min_max_scale,no_sel",0.8649228935080419,0.7852896011339922,1.492317141494866,0.17845117845117842,0.2149532710280374,0.26315789473684215,0.23981900452488691,0.1944204774230659,0.06025678698434211,17,accu_dp,29872
"woe_enc,mean_imp,no_samp,min_max_scale,no_sel",0.8631897912550089,0.7761152892073867,1.4831428295682603,0.17732884399551063,0.2142857142857143,0.26023391812865493,0.23795180722891562,0.1929584891189723,0.0621398115776028,17,accu_dp,29872
"target_enc,mean_imp,no_samp,min_max_scale,no_sel",0.876491627018733,0.8128125369138087,1.5445314352993738,0.18406285072951745,0.22187500000000004,0.27192982456140347,0.24773413897280971,0.20062793596011885,0.054232402460886085,17,accu_dp,29872
"target_enc,median_imp,no_samp,min_max_scale,no_sel",0.8730254225126671,0.8036382249872032,1.5332203712360162,0.18406285072951745,0.22360248447204967,0.26900584795321636,0.24698795180722888,0.20007669446841148,0.057972568147843746,17,accu_dp,29872
"woe_enc,mean_imp,min_max_scale,no_sel,no_samp",0.8631897912550089,0.7761152892073867,1.4831428295682603,0.17732884399551063,0.2142857142857143,0.26023391812865493,0.23795180722891562,0.1929584891189723,0.0621398115776028,17,accu_dp,29872
"woe_enc,median_imp,no_samp,quant_scale,no_sel",0.8762101358884633,0.7907626885065165,1.5697275508047122,0.19191919191919193,0.23529411764705888,0.2777777777777778,0.25714285714285723,0.20810564663023667,0.05777403195555661,17,accu_dp,29872
"woe_enc,mean_imp,min_max_scale,no_sel,no_samp",0.8631897912550089,0.7761152892073867,1.4831428295682603,0.17732884399551063,0.2142857142857143,0.26023391812865493,0.23795180722891562,0.1929584891189723,0.0621398115776028,18,accu_dp,29872
"woe_enc,median_imp,min_max_scale,no_sel,no_samp",0.8649228935080419,0.7852896011339922,1.492317141494866,0.17845117845117842,0.2149532710280374,0.26315789473684215,0.23981900452488691,0.1944204774230659,0.06025678698434211,18,accu_dp,29872
"woe_enc,mean_imp,no_samp,min_max_scale,no_sel",0.8631897912550089,0.7761152892073867,1.4831428295682603,0.17732884399551063,0.2142857142857143,0.26023391812865493,0.23795180722891562,0.1929584891189723,0.0621398115776028,18,accu_dp,29872
"target_enc,median_imp,no_samp,min_max_scale,no_sel",0.8730254225126671,0.8036382249872032,1.5332203712360162,0.18406285072951745,0.22360248447204967,0.26900584795321636,0.24698795180722888,0.20007669446841148,0.057972568147843746,18,accu_dp,29872
"target_enc,median_imp,min_max_scale,no_sel,no_samp",0.8730254225126671,0.8036382249872032,1.5332203712360162,0.18406285072951745,0.22360248447204967,0.26900584795321636,0.24698795180722888,0.20007669446841148,0.057972568147843746,18,accu_dp,29872
"woe_enc,most_freq_imp,no_samp,min_max_scale,no_sel",0.8646414023777722,0.7761152892073867,1.4933517564438539,0.1795735129068462,0.21913580246913578,0.26023391812865493,0.24024024024024027,0.19477998274374464,0.0638020677702743,18,accu_dp,29872
"target_enc,mean_imp,min_max_scale,no_sel,under_samp",0.8229577464788732,0.6287356774422176,1.512907903033485,0.216374269005848,0.22285714285714286,0.20467836257309946,0.21387283236994215,0.2163742690058481,0.17120567375886525,18,accu_dp,29872
"target_enc,mean_imp,no_samp,min_max_scale,no_sel",0.876491627018733,0.8128125369138087,1.5445314352993738,0.18406285072951745,0.22187500000000004,0.27192982456140347,0.24773413897280971,0.20062793596011885,0.054232402460886085,18,accu_dp,29872
"woe_enc,median_imp,no_samp,min_max_scale,no_sel",0.8649228935080419,0.7852896011339922,1.492317141494866,0.17845117845117842,0.2149532710280374,0.26315789473684215,0.23981900452488691,0.1944204774230659,0.06025678698434211,18,accu_dp,29872
"target_enc,mean_imp,min_max_scale,no_sel,no_samp",0.876491627018733,0.8128125369138087,1.5445314352993738,0.18406285072951745,0.22187500000000004,0.27192982456140347,0.24773413897280971,0.20062793596011885,0.054232402460886085,18,accu_dp,29872
"woe_enc,median_imp,min_max_scale,no_sel,no_samp",0.8649228935080419,0.7852896011339922,1.492317141494866,0.17845117845117842,0.2149532710280374,0.26315789473684215,0.23981900452488691,0.1944204774230659,0.06025678698434211,19,accu_dp,29872
"target_enc,mean_imp,min_max_scale,no_sel,no_samp",0.876491627018733,0.8128125369138087,1.5445314352993738,0.18406285072951745,0.22187500000000004,0.27192982456140347,0.24773413897280971,0.20062793596011885,0.054232402460886085,19,accu_dp,29872
"target_enc,median_imp,min_max_scale,no_sel,no_samp",0.8730254225126671,0.8036382249872032,1.5332203712360162,0.18406285072951745,0.22360248447204967,0.26900584795321636,0.24698795180722888,0.20007669446841148,0.057972568147843746,19,accu_dp,29872
"woe_enc,mean_imp,no_samp,min_max_scale,no_sel",0.8631897912550089,0.7761152892073867,1.4831428295682603,0.17732884399551063,0.2142857142857143,0.26023391812865493,0.23795180722891562,0.1929584891189723,0.0621398115776028,19,accu_dp,29872
"woe_enc,mean_imp,min_max_scale,no_sel,no_samp",0.8631897912550089,0.7761152892073867,1.4831428295682603,0.17732884399551063,0.2142857142857143,0.26023391812865493,0.23795180722891562,0.1929584891189723,0.0621398115776028,19,accu_dp,29872
"woe_enc,most_freq_imp,no_samp,min_max_scale,no_sel",0.8646414023777722,0.7761152892073867,1.4933517564438539,0.1795735129068462,0.21913580246913578,0.26023391812865493,0.24024024024024027,0.19477998274374464,0.0638020677702743,19,accu_dp,29872
"target_enc,mean_imp,min_max_scale,no_sel,under_samp",0.8676827527127355,0.6697247706422018,1.58797813444012,0.1871345029239766,0.16975308641975306,0.21345029239766078,0.1921921921921922,0.1871345029239765,0.12911546591194067,19,accu_dp,29872
"woe_enc,median_imp,no_samp,min_max_scale,no_sel",0.8649228935080419,0.7852896011339922,1.492317141494866,0.17845117845117842,0.2149532710280374,0.26315789473684215,0.23981900452488691,0.1944204774230659,0.06025678698434211,19,accu_dp,29872
"target_enc,median_imp,no_samp,min_max_scale,no_sel",0.8730254225126671,0.8036382249872032,1.5332203712360162,0.18406285072951745,0.22360248447204967,0.26900584795321636,0.24698795180722888,0.20007669446841148,0.057972568147843746,19,accu_dp,29872
"target_enc,mean_imp,no_samp,min_max_scale,no_sel",0.876491627018733,0.8128125369138087,1.5445314352993738,0.18406285072951745,0.22187500000000004,0.27192982456140347,0.24773413897280971,0.20062793596011885,0.054232402460886085,19,accu_dp,29872
"woe_enc,mean_imp,min_max_scale,no_sel,no_samp",0.8631897912550089,0.7761152892073867,1.4831428295682603,0.17732884399551063,0.2142857142857143,0.26023391812865493,0.23795180722891562,0.1929584891189723,0.0621398115776028,20,accu_dp,29872
"woe_enc,most_freq_imp,no_samp,min_max_scale,no_sel",0.8646414023777722,0.7761152892073867,1.4933517564438539,0.1795735129068462,0.21913580246913578,0.26023391812865493,0.24024024024024027,0.19477998274374464,0.0638020677702743,20,accu_dp,29872
"target_enc,mean_imp,min_max_scale,no_sel,no_samp",0.876491627018733,0.8128125369138087,1.5445314352993738,0.18406285072951745,0.22187500000000004,0.27192982456140347,0.24773413897280971,0.20062793596011885,0.054232402460886085,20,accu_dp,29872
"woe_enc,mean_imp,no_samp,min_max_scale,no_sel",0.8631897912550089,0.7761152892073867,1.4831428295682603,0.17732884399551063,0.2142857142857143,0.26023391812865493,0.23795180722891562,0.1929584891189723,0.0621398115776028,20,accu_dp,29872
"target_enc,median_imp,min_max_scale,no_sel,no_samp",0.8730254225126671,0.8036382249872032,1.5332203712360162,0.18406285072951745,0.22360248447204967,0.26900584795321636,0.24698795180722888,0.20007669446841148,0.057972568147843746,20,accu_dp,29872
"woe_enc,median_imp,min_max_scale,no_sel,no_samp",0.8649228935080419,0.7852896011339922,1.492317141494866,0.17845117845117842,0.2149532710280374,0.26315789473684215,0.23981900452488691,0.1944204774230659,0.06025678698434211,20,accu_dp,29872
"target_enc,median_imp,no_samp,min_max_scale,no_sel",0.8730254225126671,0.8036382249872032,1.5332203712360162,0.18406285072951745,0.22360248447204967,0.26900584795321636,0.24698795180722888,0.20007669446841148,0.057972568147843746,20,accu_dp,29872
"woe_enc,median_imp,no_samp,min_max_scale,no_sel",0.8649228935080419,0.7852896011339922,1.492317141494866,0.17845117845117842,0.2149532710280374,0.26315789473684215,0.23981900452488691,0.1944204774230659,0.06025678698434211,20,accu_dp,29872
"target_enc,mean_imp,quant_scale,no_sel,no_samp",0.8663745046308051,0.7681222191597432,1.5347414024455932,0.18967452300785637,0.2321981424148607,0.2748538011695907,0.25413533834586466,0.20573291151375717,0.061925536365266244,20,accu_dp,29872
"target_enc,mean_imp,no_samp,min_max_scale,no_sel",0.876491627018733,0.8128125369138087,1.5445314352993738,0.18406285072951745,0.22187500000000004,0.27192982456140347,0.24773413897280971,0.20062793596011885,0.054232402460886085,20,accu_dp,29872
"woe_enc,mean_imp,no_samp,min_max_scale,no_sel",0.8631897912550089,0.7761152892073867,1.4831428295682603,0.17732884399551063,0.2142857142857143,0.26023391812865493,0.23795180722891562,0.1929584891189723,0.0621398115776028,21,accu_dp,29872
"woe_enc,most_freq_imp,no_samp,min_max_scale,no_sel",0.8646414023777722,0.7761152892073867,1.4933517564438539,0.1795735129068462,0.21913580246913578,0.26023391812865493,0.24024024024024027,0.19477998274374464,0.0638020677702743,21,accu_dp,29872
"woe_enc,median_imp,no_samp,min_max_scale,no_sel",0.8649228935080419,0.7852896011339922,1.492317141494866,0.17845117845117842,0.2149532710280374,0.26315789473684215,0.23981900452488691,0.1944204774230659,0.06025678698434211,21,accu_dp,29872
"target_enc,median_imp,min_max_scale,no_sel,no_samp",0.8730254225126671,0.8036382249872032,1.5332203712360162,0.18406285072951745,0.22360248447204967,0.26900584795321636,0.24698795180722888,0.20007669446841148,0.057972568147843746,21,accu_dp,29872
"target_enc,median_imp,no_samp,min_max_scale,no_sel",0.8730254225126671,0.8036382249872032,1.5332203712360162,0.18406285072951745,0.22360248447204967,0.26900584795321636,0.24698795180722888,0.20007669446841148,0.057972568147843746,21,accu_dp,29872
"target_enc,mean_imp,min_max_scale,no_sel,no_samp",0.876491627018733,0.8128125369138087,1.5445314352993738,0.18406285072951745,0.22187500000000004,0.27192982456140347,0.24773413897280971,0.20062793596011885,0.054232402460886085,21,accu_dp,29872
"woe_enc,mean_imp,min_max_scale,no_sel,no_samp",0.8631897912550089,0.7761152892073867,1.4831428295682603,0.17732884399551063,0.2142857142857143,0.26023391812865493,0.23795180722891562,0.1929584891189723,0.0621398115776028,21,accu_dp,29872
"woe_enc,median_imp,min_max_scale,no_sel,no_samp",0.8649228935080419,0.7852896011339922,1.492317141494866,0.17845117845117842,0.2149532710280374,0.26315789473684215,0.23981900452488691,0.1944204774230659,0.06025678698434211,21,accu_dp,29872
"target_enc,mean_imp,no_samp,min_max_scale,no_sel",0.876491627018733,0.8128125369138087,1.5445314352993738,0.18406285072951745,0.22187500000000004,0.27192982456140347,0.24773413897280971,0.20062793596011885,0.054232402460886085,21,accu_dp,29872
"target_enc,mean_imp,no_samp,min_max_scale,k_best_sel",0.9054355385311682,0.8446273181871875,1.6606292175224202,0.19528619528619529,0.24233128834355833,0.2777777777777778,0.2604790419161678,0.21083788706739515,0.04914127391710091,21,accu_dp,29872
"target_enc,most_freq_imp,no_samp,min_max_scale,no_sel",0.868107606883838,0.7944639130605977,1.5117003802970648,0.18181818181818177,0.22049689440993792,0.26608187134502925,0.24397590361445787,0.19770395935193175,0.06004900496025817,22,accu_dp,29872
"woe_enc,median_imp,min_max_scale,no_sel,no_samp",0.8649228935080419,0.7852896011339922,1.492317141494866,0.17845117845117842,0.2149532710280374,0.26315789473684215,0.23981900452488691,0.1944204774230659,0.06025678698434211,22,accu_dp,29872
"woe_enc,mean_imp,no_samp,min_max_scale,no_sel",0.8631897912550089,0.7761152892073867,1.4831428295682603,0.17732884399551063,0.2142857142857143,0.26023391812865493,0.23795180722891562,0.1929584891189723,0.0621398115776028,22,accu_dp,29872
"woe_enc,most_freq_imp,no_samp,min_max_scale,no_sel",0.8646414023777722,0.7761152892073867,1.4933517564438539,0.1795735129068462,0.21913580246913578,0.26023391812865493,0.24024024024024027,0.19477998274374464,0.0638020677702743,22,accu_dp,29872
"target_enc,median_imp,no_samp,min_max_scale,no_sel",0.8730254225126671,0.8036382249872032,1.5332203712360162,0.18406285072951745,0.22360248447204967,0.26900584795321636,0.24698795180722888,0.20007669446841148,0.057972568147843746,22,accu_dp,29872
"woe_enc,mean_imp,min_max_scale,no_sel,no_samp",0.8631897912550089,0.7761152892073867,1.4831428295682603,0.17732884399551063,0.2142857142857143,0.26023391812865493,0.23795180722891562,0.1929584891189723,0.0621398115776028,22,accu_dp,29872
"target_enc,median_imp,min_max_scale,no_sel,no_samp",0.8730254225126671,0.8036382249872032,1.5332203712360162,0.18406285072951745,0.22360248447204967,0.26900584795321636,0.24698795180722888,0.20007669446841148,0.057972568147843746,22,accu_dp,29872
"woe_enc,median_imp,no_samp,min_max_scale,no_sel",0.8649228935080419,0.7852896011339922,1.492317141494866,0.17845117845117842,0.2149532710280374,0.26315789473684215,0.23981900452488691,0.1944204774230659,0.06025678698434211,22,accu_dp,29872
"target_enc,mean_imp,no_samp,min_max_scale,no_sel",0.876491627018733,0.8128125369138087,1.5445314352993738,0.18406285072951745,0.22187500000000004,0.27192982456140347,0.24773413897280971,0.20062793596011885,0.054232402460886085,22,accu_dp,29872
"loo_enc,most_freq_imp,no_samp,min_max_scale,no_sel",0.8747585247657,0.8036382249872032,1.5353571233727683,0.18294051627384966,0.22118380062305298,0.26900584795321636,0.24585218702865763,0.19916594765602535,0.056102485304364916,22,accu_dp,29872
"target_enc,median_imp,no_samp,min_max_scale,no_sel",0.8730254225126671,0.8036382249872032,1.5332203712360162,0.18406285072951745,0.22360248447204967,0.26900584795321636,0.24698795180722888,0.20007669446841148,0.057972568147843746,23,accu_dp,29872
"woe_enc,mean_imp,min_max_scale,no_sel,no_samp",0.8631897912550089,0.7761152892073867,1.4831428295682603,0.17732884399551063,0.2142857142857143,0.26023391812865493,0.23795180722891562,0.1929584891189723,0.0621398115776028,23,accu_dp,29872
"loo_enc,mean_imp,min_max_scale,no_sel,no_samp",0.8779432381414962,0.8128125369138087,1.5547403621749671,0.18630751964085301,0.22670807453416153,0.27192982456140347,0.2499999999999999,0.2024494295848912,0.05591035350537736,23,accu_dp,29872
"woe_enc,most_freq_imp,no_samp,min_max_scale,no_sel",0.8646414023777722,0.7761152892073867,1.4933517564438539,0.1795735129068462,0.21913580246913578,0.26023391812865493,0.24024024024024027,0.19477998274374464,0.0638020677702743,23,accu_dp,29872
"woe_enc,median_imp,min_max_scale,no_sel,no_samp",0.8649228935080419,0.7852896011339922,1.492317141494866,0.17845117845117842,0.2149532710280374,0.26315789473684215,0.23981900452488691,0.1944204774230659,0.06025678698434211,23,accu_dp,29872
"woe_enc,mean_imp,no_samp,min_max_scale,no_sel",0.8631897912550089,0.7761152892073867,1.4831428295682603,0.17732884399551063,0.2142857142857143,0.26023391812865493,0.23795180722891562,0.1929584891189723,0.0621398115776028,23,accu_dp,29872
"target_enc,median_imp,min_max_scale,no_sel,no_samp",0.8730254225126671,0.8036382249872032,1.5332203712360162,0.18406285072951745,0.22360248447204967,0.26900584795321636,0.24698795180722888,0.20007669446841148,0.057972568147843746,23,accu_dp,29872
"loo_enc,most_freq_imp,no_samp,min_max_scale,no_sel",0.8747585247657,0.8036382249872032,1.5353571233727683,0.18294051627384966,0.22118380062305298,0.26900584795321636,0.24585218702865763,0.19916594765602535,0.056102485304364916,23,accu_dp,29872
"target_enc,most_freq_imp,no_samp,min_max_scale,no_sel",0.868107606883838,0.7944639130605977,1.5117003802970648,0.18181818181818177,0.22049689440993792,0.26608187134502925,0.24397590361445787,0.19770395935193175,0.06004900496025817,23,accu_dp,29872
"woe_enc,median_imp,no_samp,min_max_scale,no_sel",0.8649228935080419,0.7852896011339922,1.492317141494866,0.17845117845117842,0.2149532710280374,0.26315789473684215,0.23981900452488691,0.1944204774230659,0.06025678698434211,23,accu_dp,29872
"woe_enc,most_freq_imp,no_samp,min_max_scale,no_sel",0.8646414023777722,0.7761152892073867,1.4933517564438539,0.1795735129068462,0.21913580246913578,0.26023391812865493,0.24024024024024027,0.19477998274374464,0.0638020677702743,24,accu_dp,29872
"woe_enc,median_imp,no_samp,min_max_scale,no_sel",0.8649228935080419,0.7852896011339922,1.492317141494866,0.17845117845117842,0.2149532710280374,0.26315789473684215,0.23981900452488691,0.1944204774230659,0.06025678698434211,24,accu_dp,29872
"woe_enc,mean_imp,min_max_scale,no_sel,no_samp",0.8631897912550089,0.7761152892073867,1.4831428295682603,0.17732884399551063,0.2142857142857143,0.26023391812865493,0.23795180722891562,0.1929584891189723,0.0621398115776028,24,accu_dp,29872
"woe_enc,mean_imp,no_samp,min_max_scale,no_sel",0.8631897912550089,0.7761152892073867,1.4831428295682603,0.17732884399551063,0.2142857142857143,0.26023391812865493,0.23795180722891562,0.1929584891189723,0.0621398115776028,24,accu_dp,29872
"target_enc,most_freq_imp,no_samp,min_max_scale,no_sel",0.868107606883838,0.7944639130605977,1.5117003802970648,0.18181818181818177,0.22049689440993792,0.26608187134502925,0.24397590361445787,0.19770395935193175,0.06004900496025817,24,accu_dp,29872
"target_enc,median_imp,no_samp,min_max_scale,no_sel",0.8730254225126671,0.8036382249872032,1.5332203712360162,0.18406285072951745,0.22360248447204967,0.26900584795321636,0.24698795180722888,0.20007669446841148,0.057972568147843746,24,accu_dp,29872
"loo_enc,mean_imp,min_max_scale,no_sel,no_samp",0.8779432381414962,0.8128125369138087,1.5547403621749671,0.18630751964085301,0.22670807453416153,0.27192982456140347,0.2499999999999999,0.2024494295848912,0.05591035350537736,24,accu_dp,29872
"target_enc,median_imp,min_max_scale,no_sel,no_samp",0.8730254225126671,0.8036382249872032,1.5332203712360162,0.18406285072951745,0.22360248447204967,0.26900584795321636,0.24698795180722888,0.20007669446841148,0.057972568147843746,24,accu_dp,29872
"woe_enc,median_imp,min_max_scale,no_sel,no_samp",0.8649228935080419,0.7852896011339922,1.492317141494866,0.17845117845117842,0.2149532710280374,0.26315789473684215,0.23981900452488691,0.1944204774230659,0.06025678698434211,24,accu_dp,29872
"onehot_enc,mean_imp,min_max_scale,no_sel,no_samp",0.8446886487321861,0.7302437295743591,1.408306407637037,0.1717171717171717,0.21100917431192656,0.24561403508771928,0.22869955156950672,0.18564854759850447,0.07584586863447243,24,accu_dp,29872
"woe_enc,mean_imp,min_max_scale,no_sel,no_samp",0.8631897912550089,0.7761152892073867,1.4831428295682603,0.17732884399551063,0.2142857142857143,0.26023391812865493,0.23795180722891562,0.1929584891189723,0.0621398115776028,25,accu_dp,29872
"onehot_enc,median_imp,no_samp,min_max_scale,no_sel",0.8446886487321861,0.7302437295743591,1.408306407637037,0.1717171717171717,0.21100917431192656,0.24561403508771928,0.22869955156950672,0.18564854759850447,0.07584586863447243,25,accu_dp,29872
"onehot_enc,mean_imp,min_max_scale,no_sel,no_samp",0.8446886487321861,0.7302437295743591,1.408306407637037,0.1717171717171717,0.21100917431192656,0.24561403508771928,0.22869955156950672,0.18564854759850447,0.07584586863447243,25,accu_dp,29872
"woe_enc,median_imp,min_max_scale,no_sel,no_samp",0.8649228935080419,0.7852896011339922,1.492317141494866,0.17845117845117842,0.2149532710280374,0.26315789473684215,0.23981900452488691,0.1944204774230659,0.06025678698434211,25,accu_dp,29872
"woe_enc,median_imp,no_samp,min_max_scale,no_sel",0.8649228935080419,0.7852896011339922,1.492317141494866,0.17845117845117842,0.2149532710280374,0.26315789473684215,0.23981900452488691,0.1944204774230659,0.06025678698434211,25,accu_dp,29872
"woe_enc,mean_imp,no_samp,min_max_scale,no_sel",0.8631897912550089,0.7761152892073867,1.4831428295682603,0.17732884399551063,0.2142857142857143,0.26023391812865493,0.23795180722891562,0.1929584891189723,0.0621398115776028,25,accu_dp,29872
"target_enc,most_freq_imp,no_samp,min_max_scale,no_sel",0.868107606883838,0.7944639130605977,1.5117003802970648,0.18181818181818177,0.22049689440993792,0.26608187134502925,0.24397590361445787,0.19770395935193175,0.06004900496025817,25,accu_dp,29872
"woe_enc,most_freq_imp,no_samp,min_max_scale,no_sel",0.8646414023777722,0.7761152892073867,1.4933517564438539,0.1795735129068462,0.21913580246913578,0.26023391812865493,0.24024024024024027,0.19477998274374464,0.0638020677702743,25,accu_dp,29872
"onehot_enc,most_freq_imp,min_max_scale,no_sel,no_samp",0.8415039353563899,0.7259518840807969,1.404014562143475,0.1728395061728395,0.2116564417177914,0.2485380116959064,0.2305389221556886,0.18711053590259796,0.0761110639793482,25,accu_dp,29872
"onehot_enc,median_imp,min_max_scale,no_sel,no_samp",0.8446886487321861,0.7302437295743591,1.408306407637037,0.1717171717171717,0.21100917431192656,0.24561403508771928,0.22869955156950672,0.18564854759850447,0.07584586863447243,25,accu_dp,29872
"onehot_enc,most_freq_imp,min_max_scale,no_sel,no_samp",0.8415039353563899,0.7259518840807969,1.404014562143475,0.1728395061728395,0.2116564417177914,0.2485380116959064,0.2305389221556886,0.18711053590259796,0.0761110639793482,26,accu_dp,29872
"onehot_enc,median_imp,min_max_scale,no_sel,no_samp",0.8446886487321861,0.7302437295743591,1.408306407637037,0.1717171717171717,0.21100917431192656,0.24561403508771928,0.22869955156950672,0.18564854759850447,0.07584586863447243,26,accu_dp,29872
"woe_enc,mean_imp,min_max_scale,no_sel,no_samp",0.8631897912550089,0.7761152892073867,1.4831428295682603,0.17732884399551063,0.2142857142857143,0.26023391812865493,0.23795180722891562,0.1929584891189723,0.0621398115776028,26,accu_dp,29872
"onehot_enc,mean_imp,min_max_scale,no_sel,no_samp",0.8446886487321861,0.7302437295743591,1.408306407637037,0.1717171717171717,0.21100917431192656,0.24561403508771928,0.22869955156950672,0.18564854759850447,0.07584586863447243,26,accu_dp,29872
"woe_enc,most_freq_imp,no_samp,min_max_scale,no_sel",0.8646414023777722,0.7761152892073867,1.4933517564438539,0.1795735129068462,0.21913580246913578,0.26023391812865493,0.24024024024024027,0.19477998274374464,0.0638020677702743,26,accu_dp,29872
"onehot_enc,median_imp,no_samp,min_max_scale,no_sel",0.8446886487321861,0.7302437295743591,1.408306407637037,0.1717171717171717,0.21100917431192656,0.24561403508771928,0.22869955156950672,0.18564854759850447,0.07584586863447243,26,accu_dp,29872
"woe_enc,median_imp,quant_scale,no_sel,no_samp",0.8762101358884633,0.7907626885065165,1.5697275508047122,0.19191919191919193,0.23529411764705888,0.2777777777777778,0.25714285714285723,0.20810564663023667,0.05777403195555661,26,accu_dp,29872
"woe_enc,median_imp,no_samp,min_max_scale,no_sel",0.8649228935080419,0.7852896011339922,1.492317141494866,0.17845117845117842,0.2149532710280374,0.26315789473684215,0.23981900452488691,0.1944204774230659,0.06025678698434211,26,accu_dp,29872
"woe_enc,median_imp,min_max_scale,no_sel,no_samp",0.8649228935080419,0.7852896011339922,1.492317141494866,0.17845117845117842,0.2149532710280374,0.26315789473684215,0.23981900452488691,0.1944204774230659,0.06025678698434211,26,accu_dp,29872
"onehot_enc,most_freq_imp,min_max_scale,k_best_sel,no_samp",0.9670710571923744,0.8990825688073395,1.8819885517133224,0.2098765432098766,0.26726726726726724,0.2865497076023392,0.27703703703703697,0.22433132010353773,0.03292894280762565,26,accu_dp,29872
"onehot_enc,mean_imp,min_max_scale,no_sel,no_samp",0.8446886487321861,0.7302437295743591,1.408306407637037,0.1717171717171717,0.21100917431192656,0.24561403508771928,0.22869955156950672,0.18564854759850447,0.07584586863447243,27,accu_dp,29872
"onehot_enc,most_freq_imp,min_max_scale,no_sel,no_samp",0.8415039353563899,0.7259518840807969,1.404014562143475,0.1728395061728395,0.2116564417177914,0.2485380116959064,0.2305389221556886,0.18711053590259796,0.0761110639793482,27,accu_dp,29872
"woe_enc,median_imp,no_samp,min_max_scale,no_sel",0.8649228935080419,0.7852896011339922,1.492317141494866,0.17845117845117842,0.2149532710280374,0.26315789473684215,0.23981900452488691,0.1944204774230659,0.06025678698434211,27,accu_dp,29872
"onehot_enc,median_imp,min_max_scale,no_sel,no_samp",0.8446886487321861,0.7302437295743591,1.408306407637037,0.1717171717171717,0.21100917431192656,0.24561403508771928,0.22869955156950672,0.18564854759850447,0.07584586863447243,27,accu_dp,29872
"woe_enc,median_imp,min_max_scale,no_sel,no_samp",0.8649228935080419,0.7852896011339922,1.492317141494866,0.17845117845117842,0.2149532710280374,0.26315789473684215,0.23981900452488691,0.1944204774230659,0.06025678698434211,27,accu_dp,29872
"onehot_enc,median_imp,no_samp,min_max_scale,no_sel",0.8446886487321861,0.7302437295743591,1.408306407637037,0.1717171717171717,0.21100917431192656,0.24561403508771928,0.22869955156950672,0.18564854759850447,0.07584586863447243,27,accu_dp,29872
"woe_enc,mean_imp,min_max_scale,no_sel,no_samp",0.8631897912550089,0.7761152892073867,1.4831428295682603,0.17732884399551063,0.2142857142857143,0.26023391812865493,0.23795180722891562,0.1929584891189723,0.0621398115776028,27,accu_dp,29872
"woe_enc,most_freq_imp,no_samp,min_max_scale,no_sel",0.8646414023777722,0.7761152892073867,1.4933517564438539,0.1795735129068462,0.21913580246913578,0.26023391812865493,0.24024024024024027,0.19477998274374464,0.0638020677702743,27,accu_dp,29872
"woe_enc,median_imp,quant_scale,no_sel,no_samp",0.8762101358884633,0.7907626885065165,1.5697275508047122,0.19191919191919193,0.23529411764705888,0.2777777777777778,0.25714285714285723,0.20810564663023667,0.05777403195555661,27,accu_dp,29872
"onehot_enc,mean_imp,min_max_scale,no_sel,under_samp",0.7744360902255638,0.5969208961688389,1.257265723755046,0.19444444444444442,0.19174041297935107,0.19883040935672514,0.19530102790014692,0.19444444444444442,0.18253968253968253,27,accu_dp,29872
"onehot_enc,mean_imp,min_max_scale,no_sel,no_samp",0.8446886487321861,0.7302437295743591,1.408306407637037,0.1717171717171717,0.21100917431192656,0.24561403508771928,0.22869955156950672,0.18564854759850447,0.07584586863447243,28,accu_dp,29872
"onehot_enc,most_freq_imp,min_max_scale,no_sel,under_samp",0.8198387538302587,0.5877465842422334,1.4363860400245463,0.1915204678362573,0.1887905604719764,0.19590643274853803,0.19236417033773856,0.1915204678362573,0.16227385517708098,28,accu_dp,29872
"onehot_enc,most_freq_imp,min_max_scale,no_sel,no_samp",0.8415039353563899,0.7259518840807969,1.404014562143475,0.1728395061728395,0.2116564417177914,0.2485380116959064,0.2305389221556886,0.18711053590259796,0.0761110639793482,28,accu_dp,29872
"onehot_enc,median_imp,min_max_scale,no_sel,no_samp",0.8446886487321861,0.7302437295743591,1.408306407637037,0.1717171717171717,0.21100917431192656,0.24561403508771928,0.22869955156950672,0.18564854759850447,0.07584586863447243,28,accu_dp,29872
"woe_enc,most_freq_imp,no_samp,min_max_scale,no_sel",0.8646414023777722,0.7761152892073867,1.4933517564438539,0.1795735129068462,0.21913580246913578,0.26023391812865493,0.24024024024024027,0.19477998274374464,0.0638020677702743,28,accu_dp,29872
"woe_enc,median_imp,no_samp,min_max_scale,no_sel",0.8649228935080419,0.7852896011339922,1.492317141494866,0.17845117845117842,0.2149532710280374,0.26315789473684215,0.23981900452488691,0.1944204774230659,0.06025678698434211,28,accu_dp,29872
"woe_enc,median_imp,quant_scale,no_sel,no_samp",0.8762101358884633,0.7907626885065165,1.5697275508047122,0.19191919191919193,0.23529411764705888,0.2777777777777778,0.25714285714285723,0.20810564663023667,0.05777403195555661,28,accu_dp,29872
"onehot_enc,mean_imp,min_max_scale,no_sel,under_samp",0.799330985915493,0.5969208961688389,1.3899267583075088,0.20321637426900585,0.20579710144927532,0.19883040935672514,0.2023289665211062,0.20321637426900585,0.1775,28,accu_dp,29872
"onehot_enc,median_imp,no_samp,min_max_scale,no_sel",0.8446886487321861,0.7302437295743591,1.408306407637037,0.1717171717171717,0.21100917431192656,0.24561403508771928,0.22869955156950672,0.18564854759850447,0.07584586863447243,28,accu_dp,29872
"woe_enc,mean_imp,max_abs_scale,no_sel,no_samp",0.8631897912550089,0.7761152892073867,1.4831428295682603,0.17732884399551063,0.2142857142857143,0.26023391812865493,0.23795180722891562,0.1929584891189723,0.0621398115776028,28,accu_dp,29872
"woe_enc,mean_imp,min_max_scale,no_sel,no_samp",0.8631897912550089,0.7761152892073867,1.4831428295682603,0.17732884399551063,0.2142857142857143,0.26023391812865493,0.23795180722891562,0.1929584891189723,0.0621398115776028,29,accu_dp,29872
"onehot_enc,most_freq_imp,max_abs_scale,no_sel,no_samp",0.8481548532382519,0.7394180415009647,1.4196174717003949,0.1717171717171717,0.20923076923076922,0.2485380116959064,0.2293853073463269,0.18619978909021184,0.07205357520274881,29,accu_dp,29872
"onehot_enc,most_freq_imp,min_max_scale,no_sel,under_samp",0.7781213761113259,0.56510611489546,1.3207371131327128,0.20175438596491224,0.2068965517241379,0.19298245614035092,0.19999999999999996,0.20175438596491235,0.1907537688442211,29,accu_dp,29872
"onehot_enc,most_freq_imp,min_max_scale,no_sel,no_samp",0.8415039353563899,0.7259518840807969,1.404014562143475,0.1728395061728395,0.2116564417177914,0.2485380116959064,0.2305389221556886,0.18711053590259796,0.0761110639793482,29,accu_dp,29872
"onehot_enc,mean_imp,min_max_scale,no_sel,no_samp",0.8446886487321861,0.7302437295743591,1.408306407637037,0.1717171717171717,0.21100917431192656,0.24561403508771928,0.22869955156950672,0.18564854759850447,0.07584586863447243,29,accu_dp,29872
"onehot_enc,mean_imp,min_max_scale,no_sel,under_samp",0.755050505050505,0.5742804268220656,1.2333871737336906,0.20321637426900585,0.20749279538904897,0.19590643274853803,0.20174165457184334,0.20321637426900585,0.20053475935828877,29,accu_dp,29872
"onehot_enc,median_imp,no_samp,min_max_scale,no_sel",0.8446886487321861,0.7302437295743591,1.408306407637037,0.1717171717171717,0.21100917431192656,0.24561403508771928,0.22869955156950672,0.18564854759850447,0.07584586863447243,29,accu_dp,29872
"onehot_enc,median_imp,min_max_scale,no_sel,no_samp",0.8446886487321861,0.7302437295743591,1.408306407637037,0.1717171717171717,0.21100917431192656,0.24561403508771928,0.22869955156950672,0.18564854759850447,0.07584586863447243,29,accu_dp,29872
"woe_enc,median_imp,quant_scale,no_sel,no_samp",0.8762101358884633,0.7907626885065165,1.5697275508047122,0.19191919191919193,0.23529411764705888,0.2777777777777778,0.25714285714285723,0.20810564663023667,0.05777403195555661,29,accu_dp,29872
"woe_enc,most_freq_imp,no_samp,min_max_scale,no_sel",0.8646414023777722,0.7761152892073867,1.4933517564438539,0.1795735129068462,0.21913580246913578,0.26023391812865493,0.24024024024024027,0.19477998274374464,0.0638020677702743,29,accu_dp,29872
"onehot_enc,most_freq_imp,max_abs_scale,no_sel,no_samp",0.8481548532382519,0.7394180415009647,1.4196174717003949,0.1717171717171717,0.20923076923076922,0.2485380116959064,0.2293853073463269,0.18619978909021184,0.07205357520274881,30,accu_dp,29872
"onehot_enc,mean_imp,min_max_scale,no_sel,no_samp",0.8446886487321861,0.7302437295743591,1.408306407637037,0.1717171717171717,0.21100917431192656,0.24561403508771928,0.22869955156950672,0.18564854759850447,0.07584586863447243,30,accu_dp,29872
"onehot_enc,mean_imp,min_max_scale,no_sel,under_samp",0.768922305764411,0.546757491042249,1.2647946263207637,0.19298245614035092,0.19653179190751446,0.1871345029239766,0.19186046511627908,0.19298245614035092,0.19432773109243698,30,accu_dp,29872
"woe_enc,mean_imp,min_max_scale,no_sel,no_samp",0.8631897912550089,0.7761152892073867,1.4831428295682603,0.17732884399551063,0.2142857142857143,0.26023391812865493,0.23795180722891562,0.1929584891189723,0.0621398115776028,30,accu_dp,29872
"onehot_enc,median_imp,min_max_scale,no_sel,no_samp",0.8446886487321861,0.7302437295743591,1.408306407637037,0.1717171717171717,0.21100917431192656,0.24561403508771928,0.22869955156950672,0.18564854759850447,0.07584586863447243,30,accu_dp,29872
"onehot_enc,most_freq_imp,min_max_scale,no_sel,no_samp",0.8415039353563899,0.7259518840807969,1.404014562143475,0.1728395061728395,0.2116564417177914,0.2485380116959064,0.2305389221556886,0.18711053590259796,0.0761110639793482,30,accu_dp,29872
"onehot_enc,median_imp,no_samp,min_max_scale,no_sel",0.8446886487321861,0.7302437295743591,1.408306407637037,0.1717171717171717,0.21100917431192656,0.24561403508771928,0.22869955156950672,0.18564854759850447,0.07584586863447243,30,accu_dp,29872
"onehot_enc,mean_imp,norm_scale,no_sel,no_samp",0.1975736568457539,0.6055045871559633,0.7572139888653651,0.3108866442199776,0.36734693877551017,0.5467836257309941,0.4718909710391823,0.35535902598025115,-1.0,30,accu_dp,29872
"woe_enc,most_freq_imp,no_samp,min_max_scale,no_sel",0.8646414023777722,0.7761152892073867,1.4933517564438539,0.1795735129068462,0.21913580246913578,0.26023391812865493,0.24024024024024027,0.19477998274374464,0.0638020677702743,30,accu_dp,29872
"onehot_enc,most_freq_imp,min_max_scale,no_sel,under_samp",0.8035355139197629,0.5926290506752766,1.4222591962488644,0.20467836257309946,0.20639534883720934,0.20175438596491224,0.20408163265306123,0.20467836257309946,0.17601085481682496,30,accu_dp,29872
"onehot_enc,median_imp,min_max_scale,no_sel,under_samp",0.7985603895416534,0.601803362601882,1.4211946003256406,0.21052631578947367,0.21387283236994215,0.20467836257309946,0.20930232558139528,0.21052631578947367,0.18111261872455903,31,accu_dp,29872
"onehot_enc,most_freq_imp,no_samp,min_max_scale,no_sel",0.8415039353563899,0.7259518840807969,1.404014562143475,0.1728395061728395,0.2116564417177914,0.2485380116959064,0.2305389221556886,0.18711053590259796,0.0761110639793482,31,accu_dp,29872
"onehot_enc,median_imp,min_max_scale,no_sel,no_samp",0.8446886487321861,0.7302437295743591,1.408306407637037,0.1717171717171717,0.21100917431192656,0.24561403508771928,0.22869955156950672,0.18564854759850447,0.07584586863447243,31,accu_dp,29872
"onehot_enc,mean_imp,norm_scale,no_sel,no_samp",0.1975736568457539,0.6055045871559633,0.7572139888653651,0.3108866442199776,0.36734693877551017,0.5467836257309941,0.4718909710391823,0.35535902598025115,-1.0,31,accu_dp,29872
"onehot_enc,most_freq_imp,min_max_scale,no_sel,under_samp",0.7889806287710385,0.5926290506752766,1.3712039618684226,0.20614035087719296,0.20869565217391306,0.20175438596491224,0.205240174672489,0.20614035087719296,0.18500902082991633,31,accu_dp,29872
"onehot_enc,median_imp,no_samp,min_max_scale,no_sel",0.8446886487321861,0.7302437295743591,1.408306407637037,0.1717171717171717,0.21100917431192656,0.24561403508771928,0.22869955156950672,0.18564854759850447,0.07584586863447243,31,accu_dp,29872
"onehot_enc,mean_imp,min_max_scale,no_sel,no_samp",0.8446886487321861,0.7302437295743591,1.408306407637037,0.1717171717171717,0.21100917431192656,0.24561403508771928,0.22869955156950672,0.18564854759850447,0.07584586863447243,31,accu_dp,29872
"onehot_enc,most_freq_imp,min_max_scale,no_sel,no_samp",0.8415039353563899,0.7259518840807969,1.404014562143475,0.1728395061728395,0.2116564417177914,0.2485380116959064,0.2305389221556886,0.18711053590259796,0.0761110639793482,31,accu_dp,29872
"onehot_enc,mean_imp,min_max_scale,no_sel,under_samp",0.7918309859154931,0.5828641178091901,1.3528257106937667,0.19883040935672514,0.20402298850574707,0.1900584795321637,0.19710144927536222,0.19883040935672525,0.1852173913043478,31,accu_dp,29872
"onehot_enc,mean_imp,norm_scale,no_samp,no_sel",0.1975736568457539,0.6055045871559633,0.7572139888653651,0.3108866442199776,0.36734693877551017,0.5467836257309941,0.4718909710391823,0.35535902598025115,-1.0,31,accu_dp,29872
"onehot_enc,mean_imp,min_max_scale,no_samp,no_sel",0.8446886487321861,0.7302437295743591,1.408306407637037,0.1717171717171717,0.21100917431192656,0.24561403508771928,0.22869955156950672,0.18564854759850447,0.07584586863447243,32,accu_dp,29872
"onehot_enc,median_imp,norm_scale,no_sel,under_samp",0.34739454094292804,0.41284403669724773,0.671347438057792,0.33040935672514615,0.3079470198675497,0.38888888888888884,0.3509316770186335,0.33040935672514615,-1.0,32,accu_dp,29872
"onehot_enc,mean_imp,no_samp,norm_scale,no_sel",0.1975736568457539,0.6055045871559633,0.7572139888653651,0.3108866442199776,0.36734693877551017,0.5467836257309941,0.4718909710391823,0.35535902598025115,-1.0,32,accu_dp,29872
"onehot_enc,most_freq_imp,min_max_scale,no_sel,no_samp",0.8415039353563899,0.7259518840807969,1.404014562143475,0.1728395061728395,0.2116564417177914,0.2485380116959064,0.2305389221556886,0.18711053590259796,0.0761110639793482,32,accu_dp,29872
"onehot_enc,median_imp,min_max_scale,no_sel,under_samp",0.7844611528822055,0.5969208961688389,1.3430747423226852,0.20614035087719296,0.21037463976945248,0.19883040935672514,0.20464441219158203,0.20614035087719296,0.187012987012987,32,accu_dp,29872
"onehot_enc,most_freq_imp,min_max_scale,no_sel,under_samp",0.7929824561403509,0.6244438319486554,1.3863801714712018,0.21345029239766078,0.2167630057803468,0.20760233918128657,0.21220930232558133,0.2134502923976609,0.18115942028985507,32,accu_dp,29872
"onehot_enc,mean_imp,min_max_scale,no_sel,under_samp",0.7691604877534526,0.5926290506752766,1.269328143186865,0.20175438596491224,0.20175438596491224,0.20175438596491224,0.20175438596491224,0.20175438596491224,0.1882660535148065,32,accu_dp,29872
"onehot_enc,mean_imp,min_max_scale,no_sel,no_samp",0.8446886487321861,0.7302437295743591,1.408306407637037,0.1717171717171717,0.21100917431192656,0.24561403508771928,0.22869955156950672,0.18564854759850447,0.07584586863447243,32,accu_dp,29872
"onehot_enc,mean_imp,norm_scale,no_sel,no_samp",0.1975736568457539,0.6055045871559633,0.7572139888653651,0.3108866442199776,0.36734693877551017,0.5467836257309941,0.4718909710391823,0.35535902598025115,-1.0,32,accu_dp,29872
"onehot_enc,mean_imp,norm_scale,no_samp,no_sel",0.1975736568457539,0.6055045871559633,0.7572139888653651,0.3108866442199776,0.36734693877551017,0.5467836257309941,0.4718909710391823,0.35535902598025115,-1.0,32,accu_dp,29872
"onehot_enc,mean_imp,min_max_scale,no_sel,under_samp",0.7787306732074811,0.5877465842422334,1.3147695612652104,0.20467836257309946,0.20977011494252873,0.19590643274853803,0.2028985507246377,0.20467836257309935,0.18753370196042587,33,accu_dp,29872
"onehot_enc,most_freq_imp,no_samp,norm_scale,no_sel",0.20623916811091855,0.5779816513761468,0.7339645573590527,0.3097643097643098,0.368,0.5380116959064327,0.46621621621621623,0.3527945546927428,-1.0,33,accu_dp,29872
"onehot_enc,most_freq_imp,norm_scale,no_sel,no_samp",0.20623916811091855,0.5779816513761468,0.7339645573590527,0.3097643097643098,0.368,0.5380116959064327,0.46621621621621623,0.3527945546927428,-1.0,33,accu_dp,29872
"onehot_enc,mean_imp,norm_scale,no_sel,no_samp",0.1975736568457539,0.6055045871559633,0.7572139888653651,0.3108866442199776,0.36734693877551017,0.5467836257309941,0.4718909710391823,0.35535902598025115,-1.0,33,accu_dp,29872
"onehot_enc,mean_imp,no_samp,norm_scale,no_sel",0.1975736568457539,0.6055045871559633,0.7572139888653651,0.3108866442199776,0.36734693877551017,0.5467836257309941,0.4718909710391823,0.35535902598025115,-1.0,33,accu_dp,29872
"onehot_enc,most_freq_imp,min_max_scale,no_sel,under_samp",0.7873943661971832,0.583454738748671,1.4274005645016525,0.2207602339181286,0.2324929971988795,0.19883040935672514,0.2160228898426323,0.2207602339181286,0.19849462365591397,33,accu_dp,29872
"onehot_enc,mean_imp,norm_scale,no_samp,k_best_sel",0.19410745233968804,0.6055045871559633,0.7529404845918608,0.3097643097643098,0.36363636363636365,0.5497076023391814,0.4726027397260274,0.3549995206595725,-1.0,33,accu_dp,29872
"onehot_enc,mean_imp,min_max_scale,no_sel,no_samp",0.8446886487321861,0.7302437295743591,1.408306407637037,0.1717171717171717,0.21100917431192656,0.24561403508771928,0.22869955156950672,0.18564854759850447,0.07584586863447243,33,accu_dp,29872
"onehot_enc,median_imp,norm_scale,no_sel,under_samp",0.3316708229426434,0.45871559633027525,0.7121402538645218,0.35233918128654973,0.3311036789297659,0.41520467836257313,0.37597503900156015,0.35233918128654973,-1.0,33,accu_dp,29872
"onehot_enc,median_imp,min_max_scale,no_sel,under_samp",0.8180903990684874,0.6336181438752609,1.4802434834308784,0.21198830409356728,0.2128279883381924,0.21052631578947367,0.2116788321167884,0.21198830409356717,0.16714262621908507,33,accu_dp,29872
"onehot_enc,median_imp,norm_scale,no_sel,under_samp",0.3283582089552239,0.41284403669724773,0.6449259479600464,0.33479532163742687,0.3110367892976589,0.39766081871345027,0.3572542901716068,0.33479532163742687,-1.0,34,accu_dp,29872
"onehot_enc,mean_imp,min_max_scale,no_samp,k_best_sel",0.9670710571923744,0.8990825688073395,1.8819885517133224,0.2098765432098766,0.26726726726726724,0.2865497076023392,0.27703703703703697,0.22433132010353773,0.03292894280762565,34,accu_dp,29872
"onehot_enc,mean_imp,norm_scale,no_sel,no_samp",0.1975736568457539,0.6055045871559633,0.7572139888653651,0.3108866442199776,0.36734693877551017,0.5467836257309941,0.4718909710391823,0.35535902598025115,-1.0,34,accu_dp,29872
"onehot_enc,mean_imp,no_samp,norm_scale,no_sel",0.1975736568457539,0.6055045871559633,0.7572139888653651,0.3108866442199776,0.36734693877551017,0.5467836257309941,0.4718909710391823,0.35535902598025115,-1.0,34,accu_dp,29872
"onehot_enc,mean_imp,no_samp,min_max_scale,no_sel",0.8446886487321861,0.7302437295743591,1.408306407637037,0.1717171717171717,0.21100917431192656,0.24561403508771928,0.22869955156950672,0.18564854759850447,0.07584586863447243,34,accu_dp,29872
"onehot_enc,most_freq_imp,norm_scale,no_sel,under_samp",0.3208955223880597,0.44954128440366975,0.6850361649497448,0.3406432748538012,0.31399317406143346,0.4122807017543859,0.36692913385826775,0.3406432748538012,-1.0,34,accu_dp,29872
"onehot_enc,median_imp,min_max_scale,no_sel,under_samp",0.7772308669418863,0.5327007126826003,1.3452660118398059,0.20029239766081874,0.21288515406162467,0.17836257309941517,0.19599427753934184,0.20029239766081874,0.20587280986372486,34,accu_dp,29872
"onehot_enc,most_freq_imp,no_samp,norm_scale,no_sel",0.20623916811091855,0.5779816513761468,0.7339645573590527,0.3097643097643098,0.368,0.5380116959064327,0.46621621621621623,0.3527945546927428,-1.0,34,accu_dp,29872
"onehot_enc,mean_imp,norm_scale,no_samp,k_best_sel",0.19410745233968804,0.6055045871559633,0.7529404845918608,0.3097643097643098,0.36363636363636365,0.5497076023391814,0.4726027397260274,0.3549995206595725,-1.0,34,accu_dp,29872
"onehot_enc,most_freq_imp,norm_scale,no_sel,no_samp",0.20623916811091855,0.5779816513761468,0.7339645573590527,0.3097643097643098,0.368,0.5380116959064327,0.46621621621621623,0.3527945546927428,-1.0,34,accu_dp,29872
"onehot_enc,mean_imp,norm_scale,no_samp,k_best_sel",0.19410745233968804,0.6055045871559633,0.7529404845918608,0.3097643097643098,0.36363636363636365,0.5497076023391814,0.4726027397260274,0.3549995206595725,-1.0,35,accu_dp,29872
"onehot_enc,mean_imp,min_max_scale,no_samp,k_best_sel",0.9670710571923744,0.8990825688073395,1.8819885517133224,0.2098765432098766,0.26726726726726724,0.2865497076023392,0.27703703703703697,0.22433132010353773,0.03292894280762565,35,accu_dp,29872
"onehot_enc,mean_imp,no_samp,norm_scale,no_sel",0.1975736568457539,0.6055045871559633,0.7572139888653651,0.3108866442199776,0.36734693877551017,0.5467836257309941,0.4718909710391823,0.35535902598025115,-1.0,35,accu_dp,29872
"onehot_enc,mean_imp,norm_scale,no_samp,no_sel",0.1975736568457539,0.6055045871559633,0.7572139888653651,0.3108866442199776,0.36734693877551017,0.5467836257309941,0.4718909710391823,0.35535902598025115,-1.0,35,accu_dp,29872
"onehot_enc,mean_imp,no_samp,norm_scale,k_best_sel",0.19410745233968804,0.6055045871559633,0.7529404845918608,0.3097643097643098,0.36363636363636365,0.5497076023391814,0.4726027397260274,0.3549995206595725,-1.0,35,accu_dp,29872
"onehot_enc,most_freq_imp,norm_scale,no_sel,under_samp",0.31695331695331697,0.44954128440366975,0.6810849085647436,0.33187134502923976,0.29965156794425085,0.4122807017543859,0.36089030206677264,0.33187134502923976,-1.0,35,accu_dp,29872
"onehot_enc,median_imp,min_max_scale,no_sel,under_samp",0.7784090909090909,0.56510611489546,1.3402724120129768,0.20760233918128657,0.21590909090909094,0.19298245614035092,0.20461095100864568,0.20760233918128657,0.1935905820797907,35,accu_dp,29872
"onehot_enc,most_freq_imp,no_samp,norm_scale,no_sel",0.20623916811091855,0.5779816513761468,0.7339645573590527,0.3097643097643098,0.368,0.5380116959064327,0.46621621621621623,0.3527945546927428,-1.0,35,accu_dp,29872
"onehot_enc,mean_imp,no_samp,min_max_scale,no_sel",0.8446886487321861,0.7302437295743591,1.408306407637037,0.1717171717171717,0.21100917431192656,0.24561403508771928,0.22869955156950672,0.18564854759850447,0.07584586863447243,35,accu_dp,29872
"onehot_enc,mean_imp,norm_scale,no_sel,no_samp",0.1975736568457539,0.6055045871559633,0.7572139888653651,0.3108866442199776,0.36734693877551017,0.5467836257309941,0.4718909710391823,0.35535902598025115,-1.0,35,accu_dp,29872
"onehot_enc,most_freq_imp,no_samp,norm_scale,no_sel",0.20623916811091855,0.5779816513761468,0.7339645573590527,0.3097643097643098,0.368,0.5380116959064327,0.46621621621621623,0.3527945546927428,-1.0,36,accu_dp,29872
"onehot_enc,mean_imp,no_samp,norm_scale,no_sel",0.1975736568457539,0.6055045871559633,0.7572139888653651,0.3108866442199776,0.36734693877551017,0.5467836257309941,0.4718909710391823,0.35535902598025115,-1.0,36,accu_dp,29872
"onehot_enc,mean_imp,norm_scale,no_samp,k_best_sel",0.19410745233968804,0.6055045871559633,0.7529404845918608,0.3097643097643098,0.36363636363636365,0.5497076023391814,0.4726027397260274,0.3549995206595725,-1.0,36,accu_dp,29872
"onehot_enc,most_freq_imp,norm_scale,no_samp,k_best_sel",0.19930675909878684,0.6055045871559633,0.7593507410021172,0.31200897867564537,0.36991869918699183,0.5467836257309941,0.4727891156462585,0.3562697727926374,-1.0,36,accu_dp,29872
"onehot_enc,median_imp,min_max_scale,no_sel,under_samp",0.8042412617220802,0.5969208961688389,1.4102521554050527,0.19736842105263153,0.19648093841642233,0.19883040935672514,0.19765739385065884,0.19736842105263153,0.1778867102396514,36,accu_dp,29872
"onehot_enc,most_freq_imp,norm_scale,no_sel,under_samp",0.3350253807106599,0.45871559633027525,0.7148559472074683,0.35818713450292394,0.3377926421404682,0.42105263157894735,0.3822152886115444,0.35818713450292394,-1.0,36,accu_dp,29872
"onehot_enc,mean_imp,norm_scale,no_sel,no_samp",0.1975736568457539,0.6055045871559633,0.7572139888653651,0.3108866442199776,0.36734693877551017,0.5467836257309941,0.4718909710391823,0.35535902598025115,-1.0,36,accu_dp,29872
"onehot_enc,mean_imp,min_max_scale,no_samp,k_best_sel",0.9670710571923744,0.8990825688073395,1.8819885517133224,0.2098765432098766,0.26726726726726724,0.2865497076023392,0.27703703703703697,0.22433132010353773,0.03292894280762565,36,accu_dp,29872
"onehot_enc,mean_imp,norm_scale,no_samp,no_sel",0.1975736568457539,0.6055045871559633,0.7572139888653651,0.3108866442199776,0.36734693877551017,0.5467836257309941,0.4718909710391823,0.35535902598025115,-1.0,36,accu_dp,29872
"onehot_enc,mean_imp,no_samp,norm_scale,k_best_sel",0.19410745233968804,0.6055045871559633,0.7529404845918608,0.3097643097643098,0.36363636363636365,0.5497076023391814,0.4726027397260274,0.3549995206595725,-1.0,36,accu_dp,29872
"onehot_enc,most_freq_imp,norm_scale,no_sel,no_samp",0.20623916811091855,0.5779816513761468,0.7339645573590527,0.3097643097643098,0.368,0.5380116959064327,0.46621621621621623,0.3527945546927428,-1.0,37,accu_dp,29872
"onehot_enc,mean_imp,norm_scale,no_sel,under_samp",0.33,0.42201834862385323,0.6591317506857088,0.33479532163742687,0.3097643097643098,0.4005847953216374,0.3583724569640062,0.33479532163742676,-1.0,37,accu_dp,29872
"onehot_enc,mean_imp,norm_scale,no_samp,k_best_sel",0.19410745233968804,0.6055045871559633,0.7529404845918608,0.3097643097643098,0.36363636363636365,0.5497076023391814,0.4726027397260274,0.3549995206595725,-1.0,37,accu_dp,29872
"onehot_enc,most_freq_imp,no_samp,norm_scale,no_sel",0.20623916811091855,0.5779816513761468,0.7339645573590527,0.3097643097643098,0.368,0.5380116959064327,0.46621621621621623,0.3527945546927428,-1.0,37,accu_dp,29872
"onehot_enc,mean_imp,no_samp,norm_scale,no_sel",0.1975736568457539,0.6055045871559633,0.7572139888653651,0.3108866442199776,0.36734693877551017,0.5467836257309941,0.4718909710391823,0.35535902598025115,-1.0,37,accu_dp,29872
"onehot_enc,mean_imp,no_samp,norm_scale,k_best_sel",0.19410745233968804,0.6055045871559633,0.7529404845918608,0.3097643097643098,0.36363636363636365,0.5497076023391814,0.4726027397260274,0.3549995206595725,-1.0,37,accu_dp,29872
"onehot_enc,mean_imp,quant_scale,no_sel,no_samp",0.802161410325757,0.7142575894790724,1.3586070671618833,0.19304152637485972,0.23926380368098155,0.2748538011695907,0.2574850299401197,0.20846515195091553,0.0939615725097565,37,accu_dp,29872
"onehot_enc,most_freq_imp,norm_scale,no_samp,k_best_sel",0.19930675909878684,0.6055045871559633,0.7593507410021172,0.31200897867564537,0.36991869918699183,0.5467836257309941,0.4727891156462585,0.3562697727926374,-1.0,37,accu_dp,29872
"onehot_enc,median_imp,min_max_scale,no_sel,under_samp",0.8225703324808185,0.6427924558018664,1.4827240105969195,0.20467836257309946,0.19940476190476186,0.21345029239766078,0.2064896755162241,0.20467836257309935,0.16225309311916647,37,accu_dp,29872
"onehot_enc,most_freq_imp,norm_scale,no_sel,under_samp",0.31645569620253167,0.47706422018348627,0.714826457945724,0.3538011695906432,0.3287671232876712,0.42690058479532167,0.3817034700315457,0.35380116959064334,-1.0,37,accu_dp,29872
"onehot_enc,most_freq_imp,norm_scale,no_sel,under_samp",0.3234567901234568,0.41284403669724773,0.6391953880485991,0.32163742690058483,0.29109589041095896,0.39473684210526316,0.34700315457413256,0.32163742690058483,-1.0,38,accu_dp,29872
"onehot_enc,mean_imp,norm_scale,no_samp,k_best_sel",0.19410745233968804,0.6055045871559633,0.7529404845918608,0.3097643097643098,0.36363636363636365,0.5497076023391814,0.4726027397260274,0.3549995206595725,-1.0,38,accu_dp,29872
"onehot_enc,mean_imp,no_samp,norm_scale,k_best_sel",0.19410745233968804,0.6055045871559633,0.7529404845918608,0.3097643097643098,0.36363636363636365,0.5497076023391814,0.4726027397260274,0.3549995206595725,-1.0,38,accu_dp,29872
"onehot_enc,mean_imp,no_samp,norm_scale,no_sel",0.1975736568457539,0.6055045871559633,0.7572139888653651,0.3108866442199776,0.36734693877551017,0.5467836257309941,0.4718909710391823,0.35535902598025115,-1.0,38,accu_dp,29872
"onehot_enc,most_freq_imp,norm_scale,no_sel,no_samp",0.20623916811091855,0.5779816513761468,0.7339645573590527,0.3097643097643098,0.368,0.5380116959064327,0.46621621621621623,0.3527945546927428,-1.0,38,accu_dp,29872
"onehot_enc,mean_imp,no_samp,quant_scale,no_sel",0.802161410325757,0.7142575894790724,1.3586070671618833,0.19304152637485972,0.23926380368098155,0.2748538011695907,0.2574850299401197,0.20846515195091553,0.0939615725097565,38,accu_dp,29872
"onehot_enc,most_freq_imp,norm_scale,no_samp,k_best_sel",0.19930675909878684,0.6055045871559633,0.7593507410021172,0.31200897867564537,0.36991869918699183,0.5467836257309941,0.4727891156462585,0.3562697727926374,-1.0,38,accu_dp,29872
"onehot_enc,mean_imp,norm_scale,no_sel,under_samp",0.3283582089552239,0.44954128440366975,0.6952750727995742,0.347953216374269,0.32666666666666666,0.4093567251461988,0.3707165109034267,0.347953216374269,-1.0,38,accu_dp,29872
"onehot_enc,mean_imp,quant_scale,no_sel,no_samp",0.802161410325757,0.7142575894790724,1.3586070671618833,0.19304152637485972,0.23926380368098155,0.2748538011695907,0.2574850299401197,0.20846515195091553,0.0939615725097565,38,accu_dp,29872
"onehot_enc,most_freq_imp,no_samp,norm_scale,k_best_sel",0.19930675909878684,0.6055045871559633,0.7593507410021172,0.31200897867564537,0.36991869918699183,0.5467836257309941,0.4727891156462585,0.3562697727926374,-1.0,38,accu_dp,29872
"onehot_enc,mean_imp,norm_scale,no_sel,under_samp",0.3316708229426434,0.43119266055045874,0.6743433454819656,0.3362573099415205,0.30952380952380953,0.4064327485380117,0.3616352201257862,0.3362573099415205,-1.0,39,accu_dp,29872
"onehot_enc,mean_imp,no_samp,norm_scale,k_best_sel",0.19410745233968804,0.6055045871559633,0.7529404845918608,0.3097643097643098,0.36363636363636365,0.5497076023391814,0.4726027397260274,0.3549995206595725,-1.0,39,accu_dp,29872
"onehot_enc,most_freq_imp,no_samp,norm_scale,no_sel",0.20623916811091855,0.5779816513761468,0.7339645573590527,0.3097643097643098,0.368,0.5380116959064327,0.46621621621621623,0.3527945546927428,-1.0,39,accu_dp,29872
"onehot_enc,most_freq_imp,quant_scale,no_sel,no_samp",0.8007097992029938,0.7050832775524669,1.3413605804964366,0.18855218855218858,0.2314814814814815,0.27192982456140347,0.25225225225225223,0.20427092320966345,0.09233618429696738,39,accu_dp,29872
"onehot_enc,most_freq_imp,norm_scale,no_samp,k_best_sel",0.19930675909878684,0.6055045871559633,0.7593507410021172,0.31200897867564537,0.36991869918699183,0.5467836257309941,0.4727891156462585,0.3562697727926374,-1.0,39,accu_dp,29872
"onehot_enc,mean_imp,no_samp,quant_scale,no_sel",0.802161410325757,0.7142575894790724,1.3586070671618833,0.19304152637485972,0.23926380368098155,0.2748538011695907,0.2574850299401197,0.20846515195091553,0.0939615725097565,39,accu_dp,29872
"onehot_enc,mean_imp,norm_scale,no_samp,no_sel",0.1975736568457539,0.6055045871559633,0.7572139888653651,0.3108866442199776,0.36734693877551017,0.5467836257309941,0.4718909710391823,0.35535902598025115,-1.0,39,accu_dp,29872
"ordinal_enc,most_freq_imp,norm_scale,no_sel,no_samp",0.20623916811091855,0.5779816513761468,0.7339645573590527,0.31200897867564537,0.3709677419354839,0.543859649122807,0.4711864406779661,0.3557185313009299,-1.0,39,accu_dp,29872
"onehot_enc,mean_imp,norm_scale,no_samp,k_best_sel",0.19410745233968804,0.6055045871559633,0.7529404845918608,0.3097643097643098,0.36363636363636365,0.5497076023391814,0.4726027397260274,0.3549995206595725,-1.0,39,accu_dp,29872
"onehot_enc,most_freq_imp,no_samp,norm_scale,k_best_sel",0.19930675909878684,0.6055045871559633,0.7593507410021172,0.31200897867564537,0.36991869918699183,0.5467836257309941,0.4727891156462585,0.3562697727926374,-1.0,39,accu_dp,29872
"ordinal_enc,most_freq_imp,norm_scale,no_sel,no_samp",0.20623916811091855,0.5779816513761468,0.7339645573590527,0.31200897867564537,0.3709677419354839,0.543859649122807,0.4711864406779661,0.3557185313009299,-1.0,40,accu_dp,29872
"onehot_enc,mean_imp,norm_scale,no_samp,no_sel",0.1975736568457539,0.6055045871559633,0.7572139888653651,0.3108866442199776,0.36734693877551017,0.5467836257309941,0.4718909710391823,0.35535902598025115,-1.0,40,accu_dp,29872
"onehot_enc,mean_imp,no_samp,norm_scale,no_sel",0.1975736568457539,0.6055045871559633,0.7572139888653651,0.3108866442199776,0.36734693877551017,0.5467836257309941,0.4718909710391823,0.35535902598025115,-1.0,40,accu_dp,29872
"onehot_enc,mean_imp,norm_scale,no_samp,k_best_sel",0.19410745233968804,0.6055045871559633,0.7529404845918608,0.3097643097643098,0.36363636363636365,0.5497076023391814,0.4726027397260274,0.3549995206595725,-1.0,40,accu_dp,29872
"onehot_enc,most_freq_imp,no_samp,norm_scale,no_sel",0.20623916811091855,0.5779816513761468,0.7339645573590527,0.3097643097643098,0.368,0.5380116959064327,0.46621621621621623,0.3527945546927428,-1.0,40,accu_dp,29872
"onehot_enc,most_freq_imp,no_samp,norm_scale,k_best_sel",0.19930675909878684,0.6055045871559633,0.7593507410021172,0.31200897867564537,0.36991869918699183,0.5467836257309941,0.4727891156462585,0.3562697727926374,-1.0,40,accu_dp,29872
"loo_enc,most_freq_imp,norm_scale,no_samp,k_best_sel",0.2045060658578856,0.5871559633027523,0.7431388692856583,0.31200897867564537,0.3709677419354839,0.543859649122807,0.4711864406779661,0.3557185313009299,-1.0,40,accu_dp,29872
"onehot_enc,mean_imp,no_samp,norm_scale,k_best_sel",0.19410745233968804,0.6055045871559633,0.7529404845918608,0.3097643097643098,0.36363636363636365,0.5497076023391814,0.4726027397260274,0.3549995206595725,-1.0,40,accu_dp,29872
"onehot_enc,most_freq_imp,norm_scale,no_samp,no_sel",0.20623916811091855,0.5779816513761468,0.7339645573590527,0.3097643097643098,0.368,0.5380116959064327,0.46621621621621623,0.3527945546927428,-1.0,40,accu_dp,29872
"onehot_enc,most_freq_imp,quant_scale,no_sel,no_samp",0.8007097992029938,0.7050832775524669,1.3413605804964366,0.18855218855218858,0.2314814814814815,0.27192982456140347,0.25225225225225223,0.20427092320966345,0.09233618429696738,40,accu_dp,29872
"ordinal_enc,median_imp,under_samp,k_best_sel,norm_scale",0.31218274111675126,0.43119266055045874,0.645227748269757,0.3201754385964912,0.28865979381443296,0.39473684210526316,0.3459715639810427,0.32017543859649134,-1.0,0,dp_accu,29872
"woe_enc,most_freq_imp,k_best_sel,under_samp,max_abs_scale",0.7918969821733608,0.5645154939559791,1.3808241852646703,0.20614035087719296,0.2184873949579832,0.1842105263157895,0.20171673819742486,0.20614035087719307,0.19131368251554323,0,dp_accu,29872
"onehot_enc,median_imp,no_samp,norm_scale,k_best_sel",0.19410745233968804,0.6146788990825688,0.7642515486552184,0.31200897867564537,0.3677685950413223,0.5526315789473684,0.476027397260274,0.35737225577605214,-1.0,0,dp_accu,29872
"target_enc,mean_imp,no_sel,quant_scale,over_samp",0.8060167359720726,0.615819209039548,1.4472532071402129,0.2140255009107468,0.22261484098939932,0.19854280510018218,0.2107623318385652,0.2140255009107469,0.18498754152823918,0,dp_accu,29872
"loo_enc,median_imp,no_sel,max_abs_scale,over_samp",0.8124606153593249,0.576183409552076,1.4009697343384007,0.19034608378870677,0.1875,0.19489981785063748,0.1912168344007319,0.19034608378870665,0.16538136785814805,0,dp_accu,29872
"count_enc,median_imp,max_abs_scale,k_best_sel,under_samp",0.8208630367544036,0.6470843012954286,1.5209199177337847,0.2222222222222222,0.22857142857142854,0.21052631578947367,0.21965317919075145,0.2222222222222222,0.1732945217028603,0,dp_accu,29872
"target_enc,mean_imp,no_samp,min_max_scale,k_best_sel",0.9054355385311682,0.8446273181871875,1.6606292175224202,0.19528619528619529,0.24233128834355833,0.2777777777777778,0.2604790419161678,0.21083788706739515,0.04914127391710091,0,dp_accu,29872
"woe_enc,mean_imp,under_samp,norm_scale,no_sel",0.3106060606060606,0.47706422018348627,0.7070293769779114,0.32894736842105265,0.30819672131147546,0.3830409356725146,0.3477588871715611,0.32894736842105265,-1.0,0,dp_accu,29872
"target_enc,most_freq_imp,no_samp,min_max_scale,k_best_sel",0.8990661117795758,0.8403354726936252,1.6439916930165122,0.19528619528619529,0.2407407407407407,0.2807017543859649,0.26126126126126126,0.21138912855910263,0.049472191586576335,0,dp_accu,29872
"woe_enc,median_imp,min_max_scale,k_best_sel,no_samp",0.8921337027674442,0.817104382407371,1.60627817158116,0.19079685746352415,0.23780487804878048,0.26900584795321636,0.25373134328358204,0.20554117534272842,0.05680140515495801,0,dp_accu,29872
"onehot_enc,most_freq_imp,no_samp,norm_scale,k_best_sel",0.19930675909878684,0.6055045871559633,0.7593507410021172,0.31200897867564537,0.36991869918699183,0.5467836257309941,0.4727891156462585,0.3562697727926374,-1.0,1,dp_accu,29872
"target_enc,median_imp,no_samp,min_max_scale,k_best_sel",0.9007992140326089,0.8495097846202307,1.6531660049431176,0.19640852974186307,0.24148606811145512,0.283625730994152,0.26315789473684204,0.21285111686319613,0.047639888194480916,1,dp_accu,29872
"ordinal_enc,median_imp,under_samp,k_best_sel,max_abs_scale",0.8961191375861303,0.7755246682679057,1.7188580016012391,0.21198830409356728,0.1873015873015873,0.2514619883040936,0.22070015220700157,0.21198830409356728,0.10061035461246053,1,dp_accu,29872
"woe_enc,most_freq_imp,k_best_sel,under_samp,norm_scale",0.2964824120603015,0.47706422018348627,0.6881368845433479,0.32309941520467833,0.3003300330033003,0.3801169590643275,0.3426356589147286,0.32309941520467844,-1.0,1,dp_accu,29872
"woe_enc,mean_imp,under_samp,norm_scale,k_best_sel",0.2972292191435768,0.46788990825688076,0.6762232415902141,0.314327485380117,0.2861952861952862,0.3801169590643275,0.33646322378716753,0.3143274853801169,-1.0,1,dp_accu,29872
"target_enc,mean_imp,no_samp,min_max_scale,no_sel",0.876491627018733,0.8128125369138087,1.5445314352993738,0.18406285072951745,0.22187500000000004,0.27192982456140347,0.24773413897280971,0.20062793596011885,0.054232402460886085,1,dp_accu,29872
"target_enc,most_freq_imp,no_samp,min_max_scale,k_best_sel",0.8990661117795758,0.8403354726936252,1.6439916930165122,0.19528619528619529,0.2407407407407407,0.2807017543859649,0.26126126126126126,0.21138912855910263,0.049472191586576335,1,dp_accu,29872
"woe_enc,median_imp,min_max_scale,k_best_sel,no_samp",0.8921337027674442,0.817104382407371,1.60627817158116,0.19079685746352415,0.23780487804878048,0.26900584795321636,0.25373134328358204,0.20554117534272842,0.05680140515495801,1,dp_accu,29872
"woe_enc,mean_imp,under_samp,norm_scale,no_sel",0.29925187032418954,0.48623853211009177,0.7054166143018725,0.32456140350877194,0.30132450331125826,0.3830409356725146,0.34472049689440987,0.32456140350877205,-1.0,1,dp_accu,29872
"onehot_enc,median_imp,no_samp,norm_scale,k_best_sel",0.19410745233968804,0.6146788990825688,0.7642515486552184,0.31200897867564537,0.3677685950413223,0.5526315789473684,0.476027397260274,0.35737225577605214,-1.0,1,dp_accu,29872
"onehot_enc,median_imp,min_max_scale,k_best_sel,no_samp",0.9670710571923744,0.8990825688073395,1.8819885517133224,0.2098765432098766,0.26726726726726724,0.2865497076023392,0.27703703703703697,0.22433132010353773,0.03292894280762565,2,dp_accu,29872
"woe_enc,median_imp,no_samp,norm_scale,k_best_sel",0.1854419410745234,0.6146788990825688,0.7535677879714577,0.303030303030303,0.356,0.5292397660818713,0.45608108108108103,0.3456763493433036,-1.0,2,dp_accu,29872
"woe_enc,most_freq_imp,k_best_sel,no_samp,norm_scale",0.18890814558058924,0.6146788990825688,0.757841292244962,0.30639730639730645,0.3647058823529412,0.5263157894736843,0.457286432160804,0.3478573482887547,-1.0,2,dp_accu,29872
"onehot_enc,median_imp,under_samp,norm_scale,k_best_sel",0.315136476426799,0.45871559633027525,0.690008113337078,0.3362573099415205,0.3082191780821918,0.4093567251461988,0.362776025236593,0.33625730994152037,-1.0,2,dp_accu,29872
"onehot_enc,most_freq_imp,no_samp,norm_scale,k_best_sel",0.19930675909878684,0.6055045871559633,0.7593507410021172,0.31200897867564537,0.36991869918699183,0.5467836257309941,0.4727891156462585,0.3562697727926374,-1.0,2,dp_accu,29872
"woe_enc,mean_imp,under_samp,norm_scale,no_sel",0.3137755102040816,0.48623853211009177,0.7229876487178656,0.32748538011695905,0.30718954248366015,0.3801169590643275,0.3456790123456791,0.32748538011695916,-1.0,2,dp_accu,29872
"woe_enc,most_freq_imp,k_best_sel,under_samp,norm_scale",0.295,0.48623853211009177,0.699296951354078,0.3157894736842105,0.29000000000000004,0.3771929824561403,0.33644859813084105,0.3157894736842105,-1.0,2,dp_accu,29872
"woe_enc,median_imp,min_max_scale,k_best_sel,no_samp",0.8921337027674442,0.817104382407371,1.60627817158116,0.19079685746352415,0.23780487804878048,0.26900584795321636,0.25373134328358204,0.20554117534272842,0.05680140515495801,2,dp_accu,29872
"onehot_enc,median_imp,no_samp,norm_scale,k_best_sel",0.19410745233968804,0.6146788990825688,0.7642515486552184,0.31200897867564537,0.3677685950413223,0.5526315789473684,0.476027397260274,0.35737225577605214,-1.0,2,dp_accu,29872
"ordinal_enc,median_imp,under_samp,k_best_sel,max_abs_scale",0.842797905611976,0.707012639288105,1.5793113923076256,0.22953216374269003,0.2271386430678466,0.23391812865497075,0.23054331864904554,0.22953216374269003,0.14524751416657758,2,dp_accu,29872
"woe_enc,median_imp,min_max_scale,k_best_sel,under_samp",0.8171275960220684,0.5736898058825846,1.4717768986553208,0.20467836257309946,0.21468926553672318,0.1871345029239766,0.20114942528735635,0.20467836257309946,0.17711798428763537,3,dp_accu,29872
"onehot_enc,median_imp,no_samp,norm_scale,k_best_sel",0.19410745233968804,0.6146788990825688,0.7642515486552184,0.31200897867564537,0.3677685950413223,0.5526315789473684,0.476027397260274,0.35737225577605214,-1.0,3,dp_accu,29872
"woe_enc,median_imp,min_max_scale,k_best_sel,no_samp",0.8921337027674442,0.817104382407371,1.60627817158116,0.19079685746352415,0.23780487804878048,0.26900584795321636,0.25373134328358204,0.20554117534272842,0.05680140515495801,3,dp_accu,29872
"woe_enc,mean_imp,under_samp,norm_scale,no_sel",0.3065326633165829,0.48623853211009177,0.7146122345322371,0.32309941520467833,0.30293159609120524,0.3742690058479532,0.34052388289676416,0.3230994152046782,-1.0,3,dp_accu,29872
"woe_enc,median_imp,no_samp,norm_scale,k_best_sel",0.1854419410745234,0.6146788990825688,0.7535677879714577,0.303030303030303,0.356,0.5292397660818713,0.45608108108108103,0.3456763493433036,-1.0,3,dp_accu,29872
"woe_enc,most_freq_imp,k_best_sel,under_samp,norm_scale",0.3117206982543641,0.48623853211009177,0.7225399019731055,0.32602339181286555,0.30618892508143325,0.3771929824561403,0.3436055469953775,0.32602339181286555,-1.0,3,dp_accu,29872
"onehot_enc,most_freq_imp,no_samp,norm_scale,k_best_sel",0.19930675909878684,0.6055045871559633,0.7593507410021172,0.31200897867564537,0.36991869918699183,0.5467836257309941,0.4727891156462585,0.3562697727926374,-1.0,3,dp_accu,29872
"woe_enc,most_freq_imp,k_best_sel,no_samp,norm_scale",0.18890814558058924,0.6146788990825688,0.757841292244962,0.30639730639730645,0.3647058823529412,0.5263157894736843,0.457286432160804,0.3478573482887547,-1.0,3,dp_accu,29872
"ordinal_enc,median_imp,under_samp,k_best_sel,max_abs_scale",0.8355172504585786,0.688664015434894,1.5312566080274865,0.2222222222222222,0.21893491124260356,0.22807017543859653,0.22352941176470587,0.2222222222222222,0.14664252355298188,3,dp_accu,29872
"onehot_enc,median_imp,under_samp,norm_scale,k_best_sel",0.33249370277078083,0.44036697247706424,0.686894750254842,0.3450292397660819,0.32450331125827814,0.4035087719298246,0.36645962732919257,0.3450292397660818,-1.0,3,dp_accu,29872
"woe_enc,median_imp,under_samp,norm_scale,no_sel",0.30597014925373134,0.47706422018348627,0.702320192879732,0.3172514619883041,0.2964169381107492,0.368421052631579,0.33436055469953785,0.3172514619883041,-1.0,4,dp_accu,29872
"woe_enc,mean_imp,no_samp,norm_scale,k_best_sel",0.1854419410745234,0.6146788990825688,0.7535677879714577,0.3019079685746352,0.3545816733067729,0.5263157894736843,0.45362563237774034,0.3442143610392101,-1.0,4,dp_accu,29872
"woe_enc,most_freq_imp,k_best_sel,no_samp,norm_scale",0.18890814558058924,0.6146788990825688,0.757841292244962,0.30639730639730645,0.3647058823529412,0.5263157894736843,0.457286432160804,0.3478573482887547,-1.0,4,dp_accu,29872
"woe_enc,median_imp,no_samp,norm_scale,k_best_sel",0.1854419410745234,0.6146788990825688,0.7535677879714577,0.303030303030303,0.356,0.5292397660818713,0.45608108108108103,0.3456763493433036,-1.0,4,dp_accu,29872
"woe_enc,mean_imp,no_samp,norm_scale,no_sel",0.18890814558058924,0.6146788990825688,0.757841292244962,0.30415263748597077,0.35856573705179284,0.5292397660818713,0.45699831365935917,0.3465870961556897,-1.0,4,dp_accu,29872
"woe_enc,most_freq_imp,k_best_sel,under_samp,norm_scale",0.30612244897959184,0.48623853211009177,0.7123869420040847,0.3377192982456141,0.3203883495145631,0.38596491228070173,0.35483870967741926,0.337719298245614,-1.0,4,dp_accu,29872
"onehot_enc,median_imp,no_samp,norm_scale,k_best_sel",0.19410745233968804,0.6146788990825688,0.7642515486552184,0.31200897867564537,0.3677685950413223,0.5526315789473684,0.476027397260274,0.35737225577605214,-1.0,4,dp_accu,29872
"woe_enc,mean_imp,under_samp,norm_scale,no_sel",0.2875,0.48623853211009177,0.6889876730035626,0.3157894736842105,0.2857142857142857,0.38596491228070173,0.3396226415094339,0.3157894736842104,-1.0,4,dp_accu,29872
"onehot_enc,most_freq_imp,no_samp,norm_scale,k_best_sel",0.19930675909878684,0.6055045871559633,0.7593507410021172,0.31200897867564537,0.36991869918699183,0.5467836257309941,0.4727891156462585,0.3562697727926374,-1.0,4,dp_accu,29872
"woe_enc,median_imp,min_max_scale,k_best_sel,no_samp",0.8921337027674442,0.817104382407371,1.60627817158116,0.19079685746352415,0.23780487804878048,0.26900584795321636,0.25373134328358204,0.20554117534272842,0.05680140515495801,4,dp_accu,29872
"woe_enc,most_freq_imp,k_best_sel,no_samp,norm_scale",0.18890814558058924,0.6146788990825688,0.757841292244962,0.30639730639730645,0.3647058823529412,0.5263157894736843,0.457286432160804,0.3478573482887547,-1.0,5,dp_accu,29872
"woe_enc,median_imp,under_samp,norm_scale,no_sel",0.2892768079800499,0.48623853211009177,0.6917179841648863,0.3157894736842105,0.2857142857142857,0.38596491228070173,0.3396226415094339,0.3157894736842104,-1.0,5,dp_accu,29872
"onehot_enc,most_freq_imp,no_samp,norm_scale,k_best_sel",0.19930675909878684,0.6055045871559633,0.7593507410021172,0.31200897867564537,0.36991869918699183,0.5467836257309941,0.4727891156462585,0.3562697727926374,-1.0,5,dp_accu,29872
"onehot_enc,median_imp,no_samp,norm_scale,k_best_sel",0.19410745233968804,0.6146788990825688,0.7642515486552184,0.31200897867564537,0.3677685950413223,0.5526315789473684,0.476027397260274,0.35737225577605214,-1.0,5,dp_accu,29872
"woe_enc,median_imp,no_samp,norm_scale,k_best_sel",0.1854419410745234,0.6146788990825688,0.7535677879714577,0.303030303030303,0.356,0.5292397660818713,0.45608108108108103,0.3456763493433036,-1.0,5,dp_accu,29872
"woe_enc,mean_imp,no_samp,norm_scale,k_best_sel",0.1854419410745234,0.6146788990825688,0.7535677879714577,0.3019079685746352,0.3545816733067729,0.5263157894736843,0.45362563237774034,0.3442143610392101,-1.0,5,dp_accu,29872
"woe_enc,mean_imp,under_samp,norm_scale,no_sel",0.3197969543147208,0.47706422018348627,0.719169483341381,0.33040935672514615,0.3104575163398693,0.3830409356725146,0.3487654320987654,0.33040935672514615,-1.0,5,dp_accu,29872
"woe_enc,mean_imp,no_samp,norm_scale,no_sel",0.18890814558058924,0.6146788990825688,0.757841292244962,0.30415263748597077,0.35856573705179284,0.5292397660818713,0.45699831365935917,0.3465870961556897,-1.0,5,dp_accu,29872
"woe_enc,most_freq_imp,k_best_sel,under_samp,norm_scale",0.31343283582089554,0.48623853211009177,0.7251463819394433,0.32894736842105265,0.3130990415335463,0.3713450292397661,0.3435114503816794,0.32894736842105254,-1.0,5,dp_accu,29872
"woe_enc,mean_imp,over_samp,norm_scale,k_best_sel",0.30428134556574926,0.478494623655914,0.696443341604632,0.30236794171220405,0.2884990253411306,0.3351548269581056,0.31261770244821097,0.30236794171220405,-1.0,5,dp_accu,29872
"onehot_enc,most_freq_imp,no_samp,norm_scale,k_best_sel",0.19930675909878684,0.6055045871559633,0.7593507410021172,0.31200897867564537,0.36991869918699183,0.5467836257309941,0.4727891156462585,0.3562697727926374,-1.0,6,dp_accu,29872
"woe_enc,most_freq_imp,k_best_sel,no_samp,norm_scale",0.18890814558058924,0.6146788990825688,0.757841292244962,0.30639730639730645,0.3647058823529412,0.5263157894736843,0.457286432160804,0.3478573482887547,-1.0,6,dp_accu,29872
"onehot_enc,mean_imp,over_samp,norm_scale,k_best_sel",0.31191222570532917,0.48823529411764705,0.7275515334338863,0.3387978142076503,0.3136842105263158,0.4061930783242259,0.3632812500000001,0.3387978142076502,-1.0,6,dp_accu,29872
"woe_enc,most_freq_imp,no_samp,norm_scale,k_best_sel",0.18890814558058924,0.6146788990825688,0.757841292244962,0.30639730639730645,0.3647058823529412,0.5263157894736843,0.457286432160804,0.3478573482887547,-1.0,6,dp_accu,29872
"woe_enc,mean_imp,no_samp,norm_scale,no_sel",0.18890814558058924,0.6146788990825688,0.757841292244962,0.30415263748597077,0.35856573705179284,0.5292397660818713,0.45699831365935917,0.3465870961556897,-1.0,6,dp_accu,29872
"woe_enc,median_imp,under_samp,norm_scale,no_sel",0.30456852791878175,0.47706422018348627,0.6981168517624337,0.3187134502923976,0.29470198675496684,0.3771929824561403,0.33850931677018625,0.3187134502923977,-1.0,6,dp_accu,29872
"woe_enc,mean_imp,no_samp,norm_scale,k_best_sel",0.1854419410745234,0.6146788990825688,0.7535677879714577,0.3019079685746352,0.3545816733067729,0.5263157894736843,0.45362563237774034,0.3442143610392101,-1.0,6,dp_accu,29872
"woe_enc,median_imp,no_samp,norm_scale,k_best_sel",0.1854419410745234,0.6146788990825688,0.7535677879714577,0.303030303030303,0.356,0.5292397660818713,0.45608108108108103,0.3456763493433036,-1.0,6,dp_accu,29872
"woe_enc,most_freq_imp,k_best_sel,under_samp,norm_scale",0.2957393483709273,0.47706422018348627,0.6874090477696931,0.3201754385964912,0.29836065573770487,0.3742690058479532,0.33848531684698613,0.3201754385964912,-1.0,6,dp_accu,29872
"woe_enc,mean_imp,over_samp,norm_scale,k_best_sel",0.3113496932515337,0.44021739130434784,0.6538926049795615,0.2896174863387978,0.276595744680851,0.3187613843351548,0.29831144465290804,0.2896174863387977,-1.0,6,dp_accu,29872
"woe_enc,most_freq_imp,no_samp,norm_scale,k_best_sel",0.18890814558058924,0.6146788990825688,0.757841292244962,0.30639730639730645,0.3647058823529412,0.5263157894736843,0.457286432160804,0.3478573482887547,-1.0,7,dp_accu,29872
"woe_enc,mean_imp,k_best_sel,under_samp,norm_scale",0.2942643391521197,0.47706422018348627,0.6859683297725274,0.32163742690058483,0.29666666666666663,0.3830409356725146,0.34267912772585674,0.32163742690058483,-1.0,7,dp_accu,29872
"onehot_enc,most_freq_imp,no_samp,norm_scale,k_best_sel",0.19930675909878684,0.6055045871559633,0.7593507410021172,0.31200897867564537,0.36991869918699183,0.5467836257309941,0.4727891156462585,0.3562697727926374,-1.0,7,dp_accu,29872
"woe_enc,mean_imp,over_samp,norm_scale,k_best_sel",0.2870514820592824,0.5028901734104047,0.7122918828121141,0.30692167577413476,0.28800000000000003,0.35154826958105645,0.32125834127740704,0.30692167577413487,-1.0,7,dp_accu,29872
"woe_enc,most_freq_imp,k_best_sel,no_samp,norm_scale",0.18890814558058924,0.6146788990825688,0.757841292244962,0.30639730639730645,0.3647058823529412,0.5263157894736843,0.457286432160804,0.3478573482887547,-1.0,7,dp_accu,29872
"woe_enc,median_imp,under_samp,norm_scale,k_best_sel",0.2882205513784461,0.48623853211009177,0.6896868079721608,0.3201754385964912,0.2901023890784983,0.39181286549707606,0.34488188976377954,0.3201754385964912,-1.0,7,dp_accu,29872
"woe_enc,median_imp,no_samp,norm_scale,k_best_sel",0.1854419410745234,0.6146788990825688,0.7535677879714577,0.303030303030303,0.356,0.5292397660818713,0.45608108108108103,0.3456763493433036,-1.0,7,dp_accu,29872
"woe_enc,mean_imp,no_samp,norm_scale,k_best_sel",0.1854419410745234,0.6146788990825688,0.7535677879714577,0.3019079685746352,0.3545816733067729,0.5263157894736843,0.45362563237774034,0.3442143610392101,-1.0,7,dp_accu,29872
"woe_enc,most_freq_imp,k_best_sel,under_samp,norm_scale",0.27918781725888325,0.46788990825688076,0.6503460486077579,0.3099415204678363,0.2833333333333333,0.3713450292397661,0.3302180685358256,0.3099415204678362,-1.0,7,dp_accu,29872
"onehot_enc,most_freq_imp,under_samp,norm_scale,k_best_sel",0.33915211970074816,0.47706422018348627,0.7476121653889658,0.3538011695906432,0.33221476510067116,0.41812865497076024,0.37812500000000004,0.35380116959064334,-1.0,7,dp_accu,29872
"woe_enc,median_imp,no_samp,norm_scale,k_best_sel",0.1854419410745234,0.6146788990825688,0.7535677879714577,0.303030303030303,0.356,0.5292397660818713,0.45608108108108103,0.3456763493433036,-1.0,8,dp_accu,29872
"woe_enc,most_freq_imp,no_samp,norm_scale,k_best_sel",0.18890814558058924,0.6146788990825688,0.757841292244962,0.30639730639730645,0.3647058823529412,0.5263157894736843,0.457286432160804,0.3478573482887547,-1.0,8,dp_accu,29872
"onehot_enc,most_freq_imp,no_samp,norm_scale,k_best_sel",0.19930675909878684,0.6055045871559633,0.7593507410021172,0.31200897867564537,0.36991869918699183,0.5467836257309941,0.4727891156462585,0.3562697727926374,-1.0,8,dp_accu,29872
"woe_enc,mean_imp,no_samp,norm_scale,k_best_sel",0.1854419410745234,0.6146788990825688,0.7535677879714577,0.3019079685746352,0.3545816733067729,0.5263157894736843,0.45362563237774034,0.3442143610392101,-1.0,8,dp_accu,29872
"woe_enc,most_freq_imp,k_best_sel,no_samp,norm_scale",0.18890814558058924,0.6146788990825688,0.757841292244962,0.30639730639730645,0.3647058823529412,0.5263157894736843,0.457286432160804,0.3478573482887547,-1.0,8,dp_accu,29872
"onehot_enc,most_freq_imp,under_samp,norm_scale,k_best_sel",0.3092269326683292,0.46788990825688076,0.6939173055171547,0.33479532163742687,0.3031358885017421,0.41520467836257313,0.3640699523052464,0.334795321637427,-1.0,8,dp_accu,29872
"woe_enc,most_freq_imp,k_best_sel,under_samp,norm_scale",0.295,0.48623853211009177,0.699296951354078,0.3201754385964912,0.29568106312292364,0.3801169590643275,0.3405909797822707,0.32017543859649134,-1.0,8,dp_accu,29872
"onehot_enc,most_freq_imp,no_samp,no_scale,k_best_sel",0.9636048526863085,0.8990825688073395,1.877715047439818,0.21212121212121215,0.27164179104477615,0.2865497076023392,0.2791728212703102,0.22615281372830998,0.036395147313691506,8,dp_accu,29872
"woe_enc,median_imp,under_samp,norm_scale,k_best_sel",0.31683168316831684,0.44954128440366975,0.6800497589799409,0.3084795321637427,0.28802588996763756,0.35672514619883045,0.32411674347158226,0.3084795321637427,-1.0,8,dp_accu,29872
"woe_enc,mean_imp,over_samp,norm_scale,k_best_sel",0.3010752688172043,0.47540983606557374,0.6890850497407874,0.307832422586521,0.290258449304175,0.3497267759562842,0.32129277566539927,0.3078324225865209,-1.0,8,dp_accu,29872
"woe_enc,median_imp,no_samp,norm_scale,k_best_sel",0.1854419410745234,0.6146788990825688,0.7535677879714577,0.303030303030303,0.356,0.5292397660818713,0.45608108108108103,0.3456763493433036,-1.0,9,dp_accu,29872
"woe_enc,most_freq_imp,no_samp,norm_scale,k_best_sel",0.18890814558058924,0.6146788990825688,0.757841292244962,0.30639730639730645,0.3647058823529412,0.5263157894736843,0.457286432160804,0.3478573482887547,-1.0,9,dp_accu,29872
"woe_enc,most_freq_imp,k_best_sel,no_samp,norm_scale",0.18890814558058924,0.6146788990825688,0.757841292244962,0.30639730639730645,0.3647058823529412,0.5263157894736843,0.457286432160804,0.3478573482887547,-1.0,9,dp_accu,29872
"onehot_enc,most_freq_imp,under_samp,norm_scale,k_best_sel",0.3154034229828851,0.46788990825688076,0.7045565749235474,0.33479532163742687,0.3031358885017421,0.41520467836257313,0.3640699523052464,0.334795321637427,-1.0,9,dp_accu,29872
"onehot_enc,most_freq_imp,no_samp,norm_scale,k_best_sel",0.19930675909878684,0.6055045871559633,0.7593507410021172,0.31200897867564537,0.36991869918699183,0.5467836257309941,0.4727891156462585,0.3562697727926374,-1.0,9,dp_accu,29872
"woe_enc,most_freq_imp,k_best_sel,under_samp,norm_scale",0.3027295285359802,0.48623853211009177,0.7107283280284591,0.32163742690058483,0.29934210526315785,0.3771929824561403,0.3405572755417956,0.32163742690058483,-1.0,9,dp_accu,29872
"woe_enc,mean_imp,no_samp,norm_scale,k_best_sel",0.1854419410745234,0.6146788990825688,0.7535677879714577,0.3019079685746352,0.3545816733067729,0.5263157894736843,0.45362563237774034,0.3442143610392101,-1.0,9,dp_accu,29872
"woe_enc,median_imp,under_samp,norm_scale,k_best_sel",0.3094059405940594,0.46788990825688076,0.6950085523246774,0.314327485380117,0.2918032786885246,0.368421052631579,0.33230293663060284,0.314327485380117,-1.0,9,dp_accu,29872
"woe_enc,mean_imp,over_samp,norm_scale,k_best_sel",0.2939346811819596,0.5028571428571429,0.7208058608058608,0.3114754098360656,0.29902912621359223,0.3424408014571949,0.3214285714285714,0.3114754098360657,-1.0,9,dp_accu,29872
"onehot_enc,most_freq_imp,no_samp,no_scale,k_best_sel",0.9636048526863085,0.8990825688073395,1.877715047439818,0.21212121212121215,0.27164179104477615,0.2865497076023392,0.2791728212703102,0.22615281372830998,0.036395147313691506,9,dp_accu,29872
"woe_enc,median_imp,no_samp,norm_scale,k_best_sel",0.1854419410745234,0.6146788990825688,0.7535677879714577,0.303030303030303,0.356,0.5292397660818713,0.45608108108108103,0.3456763493433036,-1.0,10,dp_accu,29872
"woe_enc,mean_imp,no_samp,norm_scale,k_best_sel",0.1854419410745234,0.6146788990825688,0.7535677879714577,0.3019079685746352,0.3545816733067729,0.5263157894736843,0.45362563237774034,0.3442143610392101,-1.0,10,dp_accu,29872
"woe_enc,median_imp,under_samp,norm_scale,k_best_sel",0.30864197530864196,0.47706422018348627,0.706793949913216,0.3114035087719298,0.2857142857142857,0.3713450292397661,0.3312597200622084,0.3114035087719298,-1.0,10,dp_accu,29872
"onehot_enc,most_freq_imp,no_samp,norm_scale,k_best_sel",0.19930675909878684,0.6055045871559633,0.7593507410021172,0.31200897867564537,0.36991869918699183,0.5467836257309941,0.4727891156462585,0.3562697727926374,-1.0,10,dp_accu,29872
"woe_enc,most_freq_imp,no_samp,norm_scale,k_best_sel",0.18890814558058924,0.6146788990825688,0.757841292244962,0.30639730639730645,0.3647058823529412,0.5263157894736843,0.457286432160804,0.3478573482887547,-1.0,10,dp_accu,29872
"woe_enc,most_freq_imp,k_best_sel,no_samp,norm_scale",0.18890814558058924,0.6146788990825688,0.757841292244962,0.30639730639730645,0.3647058823529412,0.5263157894736843,0.457286432160804,0.3478573482887547,-1.0,10,dp_accu,29872
"woe_enc,mean_imp,over_samp,norm_scale,k_best_sel",0.2886435331230284,0.4879518072289157,0.6973535166306251,0.29599271402550087,0.2786561264822134,0.3351548269581056,0.30805687203791454,0.295992714025501,-1.0,10,dp_accu,29872
"woe_enc,median_imp,no_samp,norm_scale,no_sel",0.1854419410745234,0.6146788990825688,0.7535677879714577,0.303030303030303,0.3548387096774194,0.5321637426900585,0.4576271186440678,0.346227590835011,-1.0,10,dp_accu,29872
"woe_enc,most_freq_imp,k_best_sel,under_samp,norm_scale",0.2935323383084577,0.47706422018348627,0.6852553464633497,0.30409356725146197,0.2781456953642384,0.36257309941520466,0.3229813664596274,0.30409356725146197,-1.0,10,dp_accu,29872
"onehot_enc,most_freq_imp,no_samp,no_scale,k_best_sel",0.9636048526863085,0.8990825688073395,1.877715047439818,0.21212121212121215,0.27164179104477615,0.2865497076023392,0.2791728212703102,0.22615281372830998,0.036395147313691506,10,dp_accu,29872
"onehot_enc,most_freq_imp,no_samp,norm_scale,k_best_sel",0.19930675909878684,0.6055045871559633,0.7593507410021172,0.31200897867564537,0.36991869918699183,0.5467836257309941,0.4727891156462585,0.3562697727926374,-1.0,11,dp_accu,29872
"woe_enc,median_imp,no_samp,norm_scale,k_best_sel",0.1854419410745234,0.6146788990825688,0.7535677879714577,0.303030303030303,0.356,0.5292397660818713,0.45608108108108103,0.3456763493433036,-1.0,11,dp_accu,29872
"woe_enc,median_imp,no_samp,norm_scale,no_sel",0.1854419410745234,0.6146788990825688,0.7535677879714577,0.303030303030303,0.3548387096774194,0.5321637426900585,0.4576271186440678,0.346227590835011,-1.0,11,dp_accu,29872
"woe_enc,mean_imp,over_samp,norm_scale,k_best_sel",0.2839313572542902,0.5086705202312138,0.7159354774961711,0.3014571948998178,0.2837301587301587,0.3424408014571949,0.3143399810066476,0.3014571948998178,-1.0,11,dp_accu,29872
"woe_enc,most_freq_imp,no_samp,norm_scale,no_sel",0.18890814558058924,0.6146788990825688,0.757841292244962,0.30527497194163866,0.36,0.5321637426900585,0.45945945945945954,0.34804908445978333,-1.0,11,dp_accu,29872
"woe_enc,most_freq_imp,k_best_sel,no_samp,norm_scale",0.18890814558058924,0.6146788990825688,0.757841292244962,0.30639730639730645,0.3647058823529412,0.5263157894736843,0.457286432160804,0.3478573482887547,-1.0,11,dp_accu,29872
"woe_enc,mean_imp,no_samp,norm_scale,k_best_sel",0.1854419410745234,0.6146788990825688,0.7535677879714577,0.3019079685746352,0.3545816733067729,0.5263157894736843,0.45362563237774034,0.3442143610392101,-1.0,11,dp_accu,29872
"woe_enc,most_freq_imp,no_samp,norm_scale,k_best_sel",0.18890814558058924,0.6146788990825688,0.757841292244962,0.30639730639730645,0.3647058823529412,0.5263157894736843,0.457286432160804,0.3478573482887547,-1.0,11,dp_accu,29872
"woe_enc,most_freq_imp,k_best_sel,under_samp,norm_scale",0.29876543209876544,0.48623853211009177,0.7058331267046863,0.3187134502923976,0.2987012987012987,0.368421052631579,0.3353846153846154,0.3187134502923977,-1.0,11,dp_accu,29872
"ordinal_enc,mean_imp,no_samp,norm_scale,k_best_sel",0.19410745233968804,0.6055045871559633,0.7529404845918608,0.3108866442199776,0.36514522821576767,0.5526315789473684,0.47512864493996576,0.356461508963666,-1.0,11,dp_accu,29872
"woe_enc,most_freq_imp,no_samp,norm_scale,k_best_sel",0.18890814558058924,0.6146788990825688,0.757841292244962,0.30639730639730645,0.3647058823529412,0.5263157894736843,0.457286432160804,0.3478573482887547,-1.0,12,dp_accu,29872
"woe_enc,median_imp,no_sel,no_samp,norm_scale",0.1854419410745234,0.6146788990825688,0.7535677879714577,0.303030303030303,0.3548387096774194,0.5321637426900585,0.4576271186440678,0.346227590835011,-1.0,12,dp_accu,29872
"woe_enc,most_freq_imp,no_samp,norm_scale,no_sel",0.18890814558058924,0.6146788990825688,0.757841292244962,0.30527497194163866,0.36,0.5321637426900585,0.45945945945945954,0.34804908445978333,-1.0,12,dp_accu,29872
"ordinal_enc,mean_imp,no_samp,norm_scale,k_best_sel",0.19410745233968804,0.6055045871559633,0.7529404845918608,0.3108866442199776,0.36514522821576767,0.5526315789473684,0.47512864493996576,0.356461508963666,-1.0,12,dp_accu,29872
"woe_enc,median_imp,no_samp,norm_scale,k_best_sel",0.1854419410745234,0.6146788990825688,0.7535677879714577,0.303030303030303,0.356,0.5292397660818713,0.45608108108108103,0.3456763493433036,-1.0,12,dp_accu,29872
"woe_enc,most_freq_imp,k_best_sel,no_samp,norm_scale",0.18890814558058924,0.6146788990825688,0.757841292244962,0.30639730639730645,0.3647058823529412,0.5263157894736843,0.457286432160804,0.3478573482887547,-1.0,12,dp_accu,29872
"woe_enc,mean_imp,over_samp,norm_scale,k_best_sel",0.2841269841269841,0.48148148148148145,0.6844729344729344,0.2923497267759563,0.27734375,0.32604735883424407,0.3025447690857681,0.2923497267759563,-1.0,12,dp_accu,29872
"onehot_enc,most_freq_imp,no_samp,norm_scale,k_best_sel",0.19930675909878684,0.6055045871559633,0.7593507410021172,0.31200897867564537,0.36991869918699183,0.5467836257309941,0.4727891156462585,0.3562697727926374,-1.0,12,dp_accu,29872
"woe_enc,median_imp,no_samp,norm_scale,no_sel",0.1854419410745234,0.6146788990825688,0.7535677879714577,0.303030303030303,0.3548387096774194,0.5321637426900585,0.4576271186440678,0.346227590835011,-1.0,12,dp_accu,29872
"woe_enc,mean_imp,no_samp,norm_scale,k_best_sel",0.1854419410745234,0.6146788990825688,0.7535677879714577,0.3019079685746352,0.3545816733067729,0.5263157894736843,0.45362563237774034,0.3442143610392101,-1.0,12,dp_accu,29872
"onehot_enc,most_freq_imp,no_samp,norm_scale,k_best_sel",0.19930675909878684,0.6055045871559633,0.7593507410021172,0.31200897867564537,0.36991869918699183,0.5467836257309941,0.4727891156462585,0.3562697727926374,-1.0,13,dp_accu,29872
"woe_enc,median_imp,no_samp,norm_scale,k_best_sel",0.1854419410745234,0.6146788990825688,0.7535677879714577,0.303030303030303,0.356,0.5292397660818713,0.45608108108108103,0.3456763493433036,-1.0,13,dp_accu,29872
"woe_enc,median_imp,no_samp,norm_scale,no_sel",0.1854419410745234,0.6146788990825688,0.7535677879714577,0.303030303030303,0.3548387096774194,0.5321637426900585,0.4576271186440678,0.346227590835011,-1.0,13,dp_accu,29872
"woe_enc,mean_imp,no_samp,norm_scale,k_best_sel",0.1854419410745234,0.6146788990825688,0.7535677879714577,0.3019079685746352,0.3545816733067729,0.5263157894736843,0.45362563237774034,0.3442143610392101,-1.0,13,dp_accu,29872
"woe_enc,median_imp,no_sel,no_samp,norm_scale",0.1854419410745234,0.6146788990825688,0.7535677879714577,0.303030303030303,0.3548387096774194,0.5321637426900585,0.4576271186440678,0.346227590835011,-1.0,13,dp_accu,29872
"woe_enc,most_freq_imp,no_samp,norm_scale,k_best_sel",0.18890814558058924,0.6146788990825688,0.757841292244962,0.30639730639730645,0.3647058823529412,0.5263157894736843,0.457286432160804,0.3478573482887547,-1.0,13,dp_accu,29872
"woe_enc,most_freq_imp,no_samp,norm_scale,no_sel",0.18890814558058924,0.6146788990825688,0.757841292244962,0.30527497194163866,0.36,0.5321637426900585,0.45945945945945954,0.34804908445978333,-1.0,13,dp_accu,29872
"woe_enc,mean_imp,over_samp,norm_scale,k_best_sel",0.2836990595611285,0.5,0.7051282051282051,0.30236794171220405,0.282565130260521,0.34790528233151186,0.316793893129771,0.30236794171220405,-1.0,13,dp_accu,29872
"ordinal_enc,mean_imp,no_samp,norm_scale,k_best_sel",0.19410745233968804,0.6055045871559633,0.7529404845918608,0.3108866442199776,0.36514522821576767,0.5526315789473684,0.47512864493996576,0.356461508963666,-1.0,13,dp_accu,29872
"woe_enc,most_freq_imp,k_best_sel,no_samp,norm_scale",0.18890814558058924,0.6146788990825688,0.757841292244962,0.30639730639730645,0.3647058823529412,0.5263157894736843,0.457286432160804,0.3478573482887547,-1.0,13,dp_accu,29872
"woe_enc,mean_imp,no_samp,norm_scale,k_best_sel",0.1854419410745234,0.6146788990825688,0.7535677879714577,0.3019079685746352,0.3545816733067729,0.5263157894736843,0.45362563237774034,0.3442143610392101,-1.0,14,dp_accu,29872
"ordinal_enc,mean_imp,no_samp,norm_scale,k_best_sel",0.19410745233968804,0.6055045871559633,0.7529404845918608,0.3108866442199776,0.36514522821576767,0.5526315789473684,0.47512864493996576,0.356461508963666,-1.0,14,dp_accu,29872
"woe_enc,median_imp,no_samp,norm_scale,no_sel",0.1854419410745234,0.6146788990825688,0.7535677879714577,0.303030303030303,0.3548387096774194,0.5321637426900585,0.4576271186440678,0.346227590835011,-1.0,14,dp_accu,29872
"woe_enc,most_freq_imp,no_samp,norm_scale,k_best_sel",0.18890814558058924,0.6146788990825688,0.757841292244962,0.30639730639730645,0.3647058823529412,0.5263157894736843,0.457286432160804,0.3478573482887547,-1.0,14,dp_accu,29872
"woe_enc,most_freq_imp,no_samp,norm_scale,no_sel",0.18890814558058924,0.6146788990825688,0.757841292244962,0.30527497194163866,0.36,0.5321637426900585,0.45945945945945954,0.34804908445978333,-1.0,14,dp_accu,29872
"woe_enc,median_imp,no_samp,norm_scale,k_best_sel",0.1854419410745234,0.6146788990825688,0.7535677879714577,0.303030303030303,0.356,0.5292397660818713,0.45608108108108103,0.3456763493433036,-1.0,14,dp_accu,29872
"woe_enc,median_imp,no_sel,no_samp,norm_scale",0.1854419410745234,0.6146788990825688,0.7535677879714577,0.303030303030303,0.3548387096774194,0.5321637426900585,0.4576271186440678,0.346227590835011,-1.0,14,dp_accu,29872
"woe_enc,most_freq_imp,k_best_sel,no_samp,norm_scale",0.18890814558058924,0.6146788990825688,0.757841292244962,0.30639730639730645,0.3647058823529412,0.5263157894736843,0.457286432160804,0.3478573482887547,-1.0,14,dp_accu,29872
"woe_enc,median_imp,no_sel,no_samp,min_max_scale",0.8649228935080419,0.7852896011339922,1.492317141494866,0.17845117845117842,0.2149532710280374,0.26315789473684215,0.23981900452488691,0.1944204774230659,0.06025678698434211,14,dp_accu,29872
"woe_enc,mean_imp,over_samp,norm_scale,k_best_sel",0.2936630602782071,0.4748603351955307,0.6799885403237358,0.2969034608378871,0.28007889546351084,0.3351548269581056,0.3087121212121212,0.2969034608378871,-1.0,14,dp_accu,29872
"woe_enc,median_imp,no_samp,norm_scale,k_best_sel",0.1854419410745234,0.6146788990825688,0.7535677879714577,0.303030303030303,0.356,0.5292397660818713,0.45608108108108103,0.3456763493433036,-1.0,15,dp_accu,29872
"woe_enc,mean_imp,no_samp,norm_scale,no_sel",0.18890814558058924,0.6146788990825688,0.757841292244962,0.30415263748597077,0.35856573705179284,0.5292397660818713,0.45699831365935917,0.3465870961556897,-1.0,15,dp_accu,29872
"woe_enc,mean_imp,no_samp,norm_scale,k_best_sel",0.1854419410745234,0.6146788990825688,0.7535677879714577,0.3019079685746352,0.3545816733067729,0.5263157894736843,0.45362563237774034,0.3442143610392101,-1.0,15,dp_accu,29872
"ordinal_enc,mean_imp,no_samp,norm_scale,k_best_sel",0.19410745233968804,0.6055045871559633,0.7529404845918608,0.3108866442199776,0.36514522821576767,0.5526315789473684,0.47512864493996576,0.356461508963666,-1.0,15,dp_accu,29872
"woe_enc,most_freq_imp,no_samp,norm_scale,k_best_sel",0.18890814558058924,0.6146788990825688,0.757841292244962,0.30639730639730645,0.3647058823529412,0.5263157894736843,0.457286432160804,0.3478573482887547,-1.0,15,dp_accu,29872
"woe_enc,median_imp,no_sel,no_samp,norm_scale",0.1854419410745234,0.6146788990825688,0.7535677879714577,0.303030303030303,0.3548387096774194,0.5321637426900585,0.4576271186440678,0.346227590835011,-1.0,15,dp_accu,29872
"woe_enc,median_imp,no_samp,norm_scale,no_sel",0.1854419410745234,0.6146788990825688,0.7535677879714577,0.303030303030303,0.3548387096774194,0.5321637426900585,0.4576271186440678,0.346227590835011,-1.0,15,dp_accu,29872
"woe_enc,most_freq_imp,no_samp,norm_scale,no_sel",0.18890814558058924,0.6146788990825688,0.757841292244962,0.30527497194163866,0.36,0.5321637426900585,0.45945945945945954,0.34804908445978333,-1.0,15,dp_accu,29872
"woe_enc,most_freq_imp,k_best_sel,no_samp,norm_scale",0.18890814558058924,0.6146788990825688,0.757841292244962,0.30639730639730645,0.3647058823529412,0.5263157894736843,0.457286432160804,0.3478573482887547,-1.0,15,dp_accu,29872
"ordinal_enc,mean_imp,no_samp,max_abs_scale,k_best_sel",0.9037024362781353,0.8268693152734575,1.6675625726333814,0.19865319865319864,0.24770642201834858,0.2807017543859649,0.26457399103139,0.2141213689962611,0.05096132109921576,15,dp_accu,29872
"woe_enc,most_freq_imp,no_samp,norm_scale,no_sel",0.18890814558058924,0.6146788990825688,0.757841292244962,0.30527497194163866,0.36,0.5321637426900585,0.45945945945945954,0.34804908445978333,-1.0,16,dp_accu,29872
"woe_enc,most_freq_imp,no_samp,norm_scale,k_best_sel",0.18890814558058924,0.6146788990825688,0.757841292244962,0.30639730639730645,0.3647058823529412,0.5263157894736843,0.457286432160804,0.3478573482887547,-1.0,16,dp_accu,29872
"woe_enc,most_freq_imp,k_best_sel,no_samp,norm_scale",0.18890814558058924,0.6146788990825688,0.757841292244962,0.30639730639730645,0.3647058823529412,0.5263157894736843,0.457286432160804,0.3478573482887547,-1.0,16,dp_accu,29872
"woe_enc,median_imp,no_samp,norm_scale,k_best_sel",0.1854419410745234,0.6146788990825688,0.7535677879714577,0.303030303030303,0.356,0.5292397660818713,0.45608108108108103,0.3456763493433036,-1.0,16,dp_accu,29872
"woe_enc,median_imp,no_sel,no_samp,norm_scale",0.1854419410745234,0.6146788990825688,0.7535677879714577,0.303030303030303,0.3548387096774194,0.5321637426900585,0.4576271186440678,0.346227590835011,-1.0,16,dp_accu,29872
"woe_enc,mean_imp,no_samp,norm_scale,no_sel",0.18890814558058924,0.6146788990825688,0.757841292244962,0.30415263748597077,0.35856573705179284,0.5292397660818713,0.45699831365935917,0.3465870961556897,-1.0,16,dp_accu,29872
"woe_enc,mean_imp,no_samp,norm_scale,k_best_sel",0.1854419410745234,0.6146788990825688,0.7535677879714577,0.3019079685746352,0.3545816733067729,0.5263157894736843,0.45362563237774034,0.3442143610392101,-1.0,16,dp_accu,29872
"woe_enc,median_imp,no_samp,norm_scale,no_sel",0.1854419410745234,0.6146788990825688,0.7535677879714577,0.303030303030303,0.3548387096774194,0.5321637426900585,0.4576271186440678,0.346227590835011,-1.0,16,dp_accu,29872
"woe_enc,most_freq_imp,k_best_sel,norm_scale,no_samp",0.18890814558058924,0.6146788990825688,0.757841292244962,0.30639730639730645,0.3647058823529412,0.5263157894736843,0.457286432160804,0.3478573482887547,-1.0,16,dp_accu,29872
"ordinal_enc,mean_imp,no_samp,norm_scale,k_best_sel",0.19410745233968804,0.6055045871559633,0.7529404845918608,0.3108866442199776,0.36514522821576767,0.5526315789473684,0.47512864493996576,0.356461508963666,-1.0,16,dp_accu,29872
"woe_enc,mean_imp,no_samp,norm_scale,no_sel",0.18890814558058924,0.6146788990825688,0.757841292244962,0.30415263748597077,0.35856573705179284,0.5292397660818713,0.45699831365935917,0.3465870961556897,-1.0,17,dp_accu,29872
"woe_enc,median_imp,no_samp,norm_scale,k_best_sel",0.1854419410745234,0.6146788990825688,0.7535677879714577,0.303030303030303,0.356,0.5292397660818713,0.45608108108108103,0.3456763493433036,-1.0,17,dp_accu,29872
"woe_enc,median_imp,no_samp,norm_scale,no_sel",0.1854419410745234,0.6146788990825688,0.7535677879714577,0.303030303030303,0.3548387096774194,0.5321637426900585,0.4576271186440678,0.346227590835011,-1.0,17,dp_accu,29872
"woe_enc,mean_imp,no_samp,norm_scale,k_best_sel",0.1854419410745234,0.6146788990825688,0.7535677879714577,0.3019079685746352,0.3545816733067729,0.5263157894736843,0.45362563237774034,0.3442143610392101,-1.0,17,dp_accu,29872
"woe_enc,most_freq_imp,no_samp,norm_scale,no_sel",0.18890814558058924,0.6146788990825688,0.757841292244962,0.30527497194163866,0.36,0.5321637426900585,0.45945945945945954,0.34804908445978333,-1.0,17,dp_accu,29872
"woe_enc,median_imp,no_sel,no_samp,norm_scale",0.1854419410745234,0.6146788990825688,0.7535677879714577,0.303030303030303,0.3548387096774194,0.5321637426900585,0.4576271186440678,0.346227590835011,-1.0,17,dp_accu,29872
"woe_enc,most_freq_imp,k_best_sel,norm_scale,no_samp",0.18890814558058924,0.6146788990825688,0.757841292244962,0.30639730639730645,0.3647058823529412,0.5263157894736843,0.457286432160804,0.3478573482887547,-1.0,17,dp_accu,29872
"woe_enc,most_freq_imp,no_samp,norm_scale,k_best_sel",0.18890814558058924,0.6146788990825688,0.757841292244962,0.30639730639730645,0.3647058823529412,0.5263157894736843,0.457286432160804,0.3478573482887547,-1.0,17,dp_accu,29872
"woe_enc,median_imp,k_best_sel,no_samp,norm_scale",0.1854419410745234,0.6146788990825688,0.7535677879714577,0.303030303030303,0.356,0.5292397660818713,0.45608108108108103,0.3456763493433036,-1.0,17,dp_accu,29872
"woe_enc,most_freq_imp,k_best_sel,no_samp,norm_scale",0.18890814558058924,0.6146788990825688,0.757841292244962,0.30639730639730645,0.3647058823529412,0.5263157894736843,0.457286432160804,0.3478573482887547,-1.0,17,dp_accu,29872
"woe_enc,median_imp,no_samp,norm_scale,no_sel",0.1854419410745234,0.6146788990825688,0.7535677879714577,0.303030303030303,0.3548387096774194,0.5321637426900585,0.4576271186440678,0.346227590835011,-1.0,18,dp_accu,29872
"woe_enc,median_imp,no_samp,norm_scale,k_best_sel",0.1854419410745234,0.6146788990825688,0.7535677879714577,0.303030303030303,0.356,0.5292397660818713,0.45608108108108103,0.3456763493433036,-1.0,18,dp_accu,29872
"woe_enc,median_imp,k_best_sel,no_samp,norm_scale",0.1854419410745234,0.6146788990825688,0.7535677879714577,0.303030303030303,0.356,0.5292397660818713,0.45608108108108103,0.3456763493433036,-1.0,18,dp_accu,29872
"woe_enc,mean_imp,no_samp,norm_scale,k_best_sel",0.1854419410745234,0.6146788990825688,0.7535677879714577,0.3019079685746352,0.3545816733067729,0.5263157894736843,0.45362563237774034,0.3442143610392101,-1.0,18,dp_accu,29872
"woe_enc,most_freq_imp,k_best_sel,norm_scale,no_samp",0.18890814558058924,0.6146788990825688,0.757841292244962,0.30639730639730645,0.3647058823529412,0.5263157894736843,0.457286432160804,0.3478573482887547,-1.0,18,dp_accu,29872
"woe_enc,median_imp,no_sel,no_samp,norm_scale",0.1854419410745234,0.6146788990825688,0.7535677879714577,0.303030303030303,0.3548387096774194,0.5321637426900585,0.4576271186440678,0.346227590835011,-1.0,18,dp_accu,29872
"woe_enc,most_freq_imp,no_samp,norm_scale,k_best_sel",0.18890814558058924,0.6146788990825688,0.757841292244962,0.30639730639730645,0.3647058823529412,0.5263157894736843,0.457286432160804,0.3478573482887547,-1.0,18,dp_accu,29872
"woe_enc,most_freq_imp,no_samp,norm_scale,no_sel",0.18890814558058924,0.6146788990825688,0.757841292244962,0.30527497194163866,0.36,0.5321637426900585,0.45945945945945954,0.34804908445978333,-1.0,18,dp_accu,29872
"onehot_enc,median_imp,no_samp,norm_scale,k_best_sel",0.19410745233968804,0.6146788990825688,0.7642515486552184,0.31200897867564537,0.3677685950413223,0.5526315789473684,0.476027397260274,0.35737225577605214,-1.0,18,dp_accu,29872
"woe_enc,mean_imp,no_samp,norm_scale,no_sel",0.18890814558058924,0.6146788990825688,0.757841292244962,0.30415263748597077,0.35856573705179284,0.5292397660818713,0.45699831365935917,0.3465870961556897,-1.0,18,dp_accu,29872
"woe_enc,median_imp,no_samp,norm_scale,no_sel",0.1854419410745234,0.6146788990825688,0.7535677879714577,0.303030303030303,0.3548387096774194,0.5321637426900585,0.4576271186440678,0.346227590835011,-1.0,19,dp_accu,29872
"woe_enc,median_imp,no_sel,no_samp,norm_scale",0.1854419410745234,0.6146788990825688,0.7535677879714577,0.303030303030303,0.3548387096774194,0.5321637426900585,0.4576271186440678,0.346227590835011,-1.0,19,dp_accu,29872
"woe_enc,median_imp,k_best_sel,no_samp,norm_scale",0.1854419410745234,0.6146788990825688,0.7535677879714577,0.303030303030303,0.356,0.5292397660818713,0.45608108108108103,0.3456763493433036,-1.0,19,dp_accu,29872
"onehot_enc,median_imp,no_samp,norm_scale,k_best_sel",0.19410745233968804,0.6146788990825688,0.7642515486552184,0.31200897867564537,0.3677685950413223,0.5526315789473684,0.476027397260274,0.35737225577605214,-1.0,19,dp_accu,29872
"woe_enc,median_imp,no_samp,norm_scale,k_best_sel",0.1854419410745234,0.6146788990825688,0.7535677879714577,0.303030303030303,0.356,0.5292397660818713,0.45608108108108103,0.3456763493433036,-1.0,19,dp_accu,29872
"woe_enc,mean_imp,no_samp,norm_scale,k_best_sel",0.1854419410745234,0.6146788990825688,0.7535677879714577,0.3019079685746352,0.3545816733067729,0.5263157894736843,0.45362563237774034,0.3442143610392101,-1.0,19,dp_accu,29872
"woe_enc,most_freq_imp,no_samp,norm_scale,no_sel",0.18890814558058924,0.6146788990825688,0.757841292244962,0.30527497194163866,0.36,0.5321637426900585,0.45945945945945954,0.34804908445978333,-1.0,19,dp_accu,29872
"onehot_enc,mean_imp,no_samp,norm_scale,k_best_sel",0.19410745233968804,0.6055045871559633,0.7529404845918608,0.3097643097643098,0.36363636363636365,0.5497076023391814,0.4726027397260274,0.3549995206595725,-1.0,19,dp_accu,29872
"woe_enc,most_freq_imp,k_best_sel,norm_scale,no_samp",0.18890814558058924,0.6146788990825688,0.757841292244962,0.30639730639730645,0.3647058823529412,0.5263157894736843,0.457286432160804,0.3478573482887547,-1.0,19,dp_accu,29872
"woe_enc,most_freq_imp,no_samp,norm_scale,k_best_sel",0.18890814558058924,0.6146788990825688,0.757841292244962,0.30639730639730645,0.3647058823529412,0.5263157894736843,0.457286432160804,0.3478573482887547,-1.0,19,dp_accu,29872
"woe_enc,median_imp,no_samp,norm_scale,no_sel",0.1854419410745234,0.6146788990825688,0.7535677879714577,0.303030303030303,0.3548387096774194,0.5321637426900585,0.4576271186440678,0.346227590835011,-1.0,20,dp_accu,29872
"woe_enc,median_imp,no_sel,no_samp,norm_scale",0.1854419410745234,0.6146788990825688,0.7535677879714577,0.303030303030303,0.3548387096774194,0.5321637426900585,0.4576271186440678,0.346227590835011,-1.0,20,dp_accu,29872
"woe_enc,median_imp,k_best_sel,no_samp,norm_scale",0.1854419410745234,0.6146788990825688,0.7535677879714577,0.303030303030303,0.356,0.5292397660818713,0.45608108108108103,0.3456763493433036,-1.0,20,dp_accu,29872
"woe_enc,most_freq_imp,no_samp,norm_scale,k_best_sel",0.18890814558058924,0.6146788990825688,0.757841292244962,0.30639730639730645,0.3647058823529412,0.5263157894736843,0.457286432160804,0.3478573482887547,-1.0,20,dp_accu,29872
"onehot_enc,mean_imp,no_samp,norm_scale,k_best_sel",0.19410745233968804,0.6055045871559633,0.7529404845918608,0.3097643097643098,0.36363636363636365,0.5497076023391814,0.4726027397260274,0.3549995206595725,-1.0,20,dp_accu,29872
"woe_enc,most_freq_imp,no_samp,norm_scale,no_sel",0.18890814558058924,0.6146788990825688,0.757841292244962,0.30527497194163866,0.36,0.5321637426900585,0.45945945945945954,0.34804908445978333,-1.0,20,dp_accu,29872
"woe_enc,mean_imp,no_samp,norm_scale,k_best_sel",0.1854419410745234,0.6146788990825688,0.7535677879714577,0.3019079685746352,0.3545816733067729,0.5263157894736843,0.45362563237774034,0.3442143610392101,-1.0,20,dp_accu,29872
"woe_enc,median_imp,no_samp,norm_scale,k_best_sel",0.1854419410745234,0.6146788990825688,0.7535677879714577,0.303030303030303,0.356,0.5292397660818713,0.45608108108108103,0.3456763493433036,-1.0,20,dp_accu,29872
"woe_enc,most_freq_imp,k_best_sel,norm_scale,no_samp",0.18890814558058924,0.6146788990825688,0.757841292244962,0.30639730639730645,0.3647058823529412,0.5263157894736843,0.457286432160804,0.3478573482887547,-1.0,20,dp_accu,29872
"onehot_enc,median_imp,no_samp,norm_scale,k_best_sel",0.19410745233968804,0.6146788990825688,0.7642515486552184,0.31200897867564537,0.3677685950413223,0.5526315789473684,0.476027397260274,0.35737225577605214,-1.0,20,dp_accu,29872
"woe_enc,mean_imp,no_samp,norm_scale,k_best_sel",0.1854419410745234,0.6146788990825688,0.7535677879714577,0.3019079685746352,0.3545816733067729,0.5263157894736843,0.45362563237774034,0.3442143610392101,-1.0,21,dp_accu,29872
"woe_enc,most_freq_imp,no_samp,norm_scale,k_best_sel",0.18890814558058924,0.6146788990825688,0.757841292244962,0.30639730639730645,0.3647058823529412,0.5263157894736843,0.457286432160804,0.3478573482887547,-1.0,21,dp_accu,29872
"onehot_enc,median_imp,no_samp,norm_scale,k_best_sel",0.19410745233968804,0.6146788990825688,0.7642515486552184,0.31200897867564537,0.3677685950413223,0.5526315789473684,0.476027397260274,0.35737225577605214,-1.0,21,dp_accu,29872
"woe_enc,median_imp,no_samp,norm_scale,k_best_sel",0.1854419410745234,0.6146788990825688,0.7535677879714577,0.303030303030303,0.356,0.5292397660818713,0.45608108108108103,0.3456763493433036,-1.0,21,dp_accu,29872
"woe_enc,median_imp,no_samp,norm_scale,no_sel",0.1854419410745234,0.6146788990825688,0.7535677879714577,0.303030303030303,0.3548387096774194,0.5321637426900585,0.4576271186440678,0.346227590835011,-1.0,21,dp_accu,29872
"onehot_enc,mean_imp,no_samp,norm_scale,k_best_sel",0.19410745233968804,0.6055045871559633,0.7529404845918608,0.3097643097643098,0.36363636363636365,0.5497076023391814,0.4726027397260274,0.3549995206595725,-1.0,21,dp_accu,29872
"woe_enc,median_imp,k_best_sel,no_samp,norm_scale",0.1854419410745234,0.6146788990825688,0.7535677879714577,0.303030303030303,0.356,0.5292397660818713,0.45608108108108103,0.3456763493433036,-1.0,21,dp_accu,29872
"woe_enc,median_imp,no_sel,no_samp,norm_scale",0.1854419410745234,0.6146788990825688,0.7535677879714577,0.303030303030303,0.3548387096774194,0.5321637426900585,0.4576271186440678,0.346227590835011,-1.0,21,dp_accu,29872
"woe_enc,median_imp,k_best_sel,over_samp,norm_scale",0.2808641975308642,0.5222222222222223,0.7273504273504274,0.3051001821493625,0.28600000000000003,0.3497267759562842,0.31935176358436623,0.3051001821493624,-1.0,21,dp_accu,29872
"woe_enc,most_freq_imp,no_samp,norm_scale,no_sel",0.18890814558058924,0.6146788990825688,0.757841292244962,0.30527497194163866,0.36,0.5321637426900585,0.45945945945945954,0.34804908445978333,-1.0,21,dp_accu,29872
"woe_enc,median_imp,k_best_sel,no_samp,norm_scale",0.1854419410745234,0.6146788990825688,0.7535677879714577,0.303030303030303,0.356,0.5292397660818713,0.45608108108108103,0.3456763493433036,-1.0,22,dp_accu,29872
"woe_enc,most_freq_imp,over_samp,norm_scale,k_best_sel",0.2904761904761905,0.4876543209876543,0.701329534662868,0.29417122040072863,0.28352490421455934,0.3187613843351548,0.3015873015873015,0.2941712204007285,-1.0,22,dp_accu,29872
"woe_enc,median_imp,no_samp,norm_scale,no_sel",0.1854419410745234,0.6146788990825688,0.7535677879714577,0.303030303030303,0.3548387096774194,0.5321637426900585,0.4576271186440678,0.346227590835011,-1.0,22,dp_accu,29872
"woe_enc,median_imp,k_best_sel,over_samp,norm_scale",0.29102167182662536,0.48314606741573035,0.6882742725439355,0.2996357012750456,0.28260869565217395,0.3387978142076503,0.3118483412322275,0.29963570127504546,-1.0,22,dp_accu,29872
"woe_enc,median_imp,no_samp,norm_scale,k_best_sel",0.1854419410745234,0.6146788990825688,0.7535677879714577,0.303030303030303,0.356,0.5292397660818713,0.45608108108108103,0.3456763493433036,-1.0,22,dp_accu,29872
"woe_enc,mean_imp,no_samp,norm_scale,k_best_sel",0.1854419410745234,0.6146788990825688,0.7535677879714577,0.3019079685746352,0.3545816733067729,0.5263157894736843,0.45362563237774034,0.3442143610392101,-1.0,22,dp_accu,29872
"onehot_enc,mean_imp,no_samp,norm_scale,k_best_sel",0.19410745233968804,0.6055045871559633,0.7529404845918608,0.3097643097643098,0.36363636363636365,0.5497076023391814,0.4726027397260274,0.3549995206595725,-1.0,22,dp_accu,29872
"woe_enc,median_imp,no_sel,no_samp,norm_scale",0.1854419410745234,0.6146788990825688,0.7535677879714577,0.303030303030303,0.3548387096774194,0.5321637426900585,0.4576271186440678,0.346227590835011,-1.0,22,dp_accu,29872
"woe_enc,most_freq_imp,no_samp,norm_scale,k_best_sel",0.18890814558058924,0.6146788990825688,0.757841292244962,0.30639730639730645,0.3647058823529412,0.5263157894736843,0.457286432160804,0.3478573482887547,-1.0,22,dp_accu,29872
"woe_enc,most_freq_imp,no_samp,norm_scale,no_sel",0.18890814558058924,0.6146788990825688,0.757841292244962,0.30527497194163866,0.36,0.5321637426900585,0.45945945945945954,0.34804908445978333,-1.0,22,dp_accu,29872
"woe_enc,median_imp,no_samp,norm_scale,no_sel",0.1854419410745234,0.6146788990825688,0.7535677879714577,0.303030303030303,0.3548387096774194,0.5321637426900585,0.4576271186440678,0.346227590835011,-1.0,23,dp_accu,29872
"woe_enc,median_imp,no_sel,no_samp,norm_scale",0.1854419410745234,0.6146788990825688,0.7535677879714577,0.303030303030303,0.3548387096774194,0.5321637426900585,0.4576271186440678,0.346227590835011,-1.0,23,dp_accu,29872
"woe_enc,most_freq_imp,over_samp,norm_scale,k_best_sel",0.29439252336448596,0.47126436781609193,0.6785293250810492,0.2978142076502732,0.28149606299212604,0.3351548269581056,0.3093661305581835,0.2978142076502732,-1.0,23,dp_accu,29872
"woe_enc,mean_imp,no_samp,norm_scale,k_best_sel",0.1854419410745234,0.6146788990825688,0.7535677879714577,0.3019079685746352,0.3545816733067729,0.5263157894736843,0.45362563237774034,0.3442143610392101,-1.0,23,dp_accu,29872
"woe_enc,median_imp,no_samp,norm_scale,k_best_sel",0.1854419410745234,0.6146788990825688,0.7535677879714577,0.303030303030303,0.356,0.5292397660818713,0.45608108108108103,0.3456763493433036,-1.0,23,dp_accu,29872
"woe_enc,mean_imp,k_best_sel,over_samp,norm_scale",0.2962962962962963,0.4888888888888889,0.7025641025641025,0.3087431693989071,0.29083665338645415,0.35154826958105645,0.3225499524262606,0.308743169398907,-1.0,23,dp_accu,29872
"woe_enc,median_imp,k_best_sel,over_samp,norm_scale",0.2962962962962963,0.4777777777777778,0.6871794871794872,0.3041894353369763,0.28542914171656686,0.34790528233151186,0.3180952380952381,0.3041894353369763,-1.0,23,dp_accu,29872
"onehot_enc,mean_imp,no_samp,norm_scale,k_best_sel",0.19410745233968804,0.6055045871559633,0.7529404845918608,0.3097643097643098,0.36363636363636365,0.5497076023391814,0.4726027397260274,0.3549995206595725,-1.0,23,dp_accu,29872
"woe_enc,most_freq_imp,no_samp,norm_scale,k_best_sel",0.18890814558058924,0.6146788990825688,0.757841292244962,0.30639730639730645,0.3647058823529412,0.5263157894736843,0.457286432160804,0.3478573482887547,-1.0,23,dp_accu,29872
"woe_enc,median_imp,k_best_sel,no_samp,norm_scale",0.1854419410745234,0.6146788990825688,0.7535677879714577,0.303030303030303,0.356,0.5292397660818713,0.45608108108108103,0.3456763493433036,-1.0,23,dp_accu,29872
"woe_enc,median_imp,k_best_sel,over_samp,norm_scale",0.2737341772151899,0.5304878048780488,0.7356160100062539,0.2996357012750456,0.28260869565217395,0.3387978142076503,0.3118483412322275,0.29963570127504546,-1.0,24,dp_accu,29872
"woe_enc,median_imp,k_best_sel,no_samp,norm_scale",0.1854419410745234,0.6146788990825688,0.7535677879714577,0.303030303030303,0.356,0.5292397660818713,0.45608108108108103,0.3456763493433036,-1.0,24,dp_accu,29872
"woe_enc,median_imp,no_samp,norm_scale,k_best_sel",0.1854419410745234,0.6146788990825688,0.7535677879714577,0.303030303030303,0.356,0.5292397660818713,0.45608108108108103,0.3456763493433036,-1.0,24,dp_accu,29872
"woe_enc,median_imp,no_samp,norm_scale,no_sel",0.1854419410745234,0.6146788990825688,0.7535677879714577,0.303030303030303,0.3548387096774194,0.5321637426900585,0.4576271186440678,0.346227590835011,-1.0,24,dp_accu,29872
"woe_enc,mean_imp,k_best_sel,over_samp,norm_scale",0.2897196261682243,0.47701149425287354,0.6800029472443265,0.2996357012750456,0.27911646586345384,0.3460837887067395,0.3142311365807068,0.2996357012750456,-1.0,24,dp_accu,29872
"woe_enc,median_imp,no_sel,no_samp,norm_scale",0.1854419410745234,0.6146788990825688,0.7535677879714577,0.303030303030303,0.3548387096774194,0.5321637426900585,0.4576271186440678,0.346227590835011,-1.0,24,dp_accu,29872
"woe_enc,mean_imp,no_samp,norm_scale,k_best_sel",0.1854419410745234,0.6146788990825688,0.7535677879714577,0.3019079685746352,0.3545816733067729,0.5263157894736843,0.45362563237774034,0.3442143610392101,-1.0,24,dp_accu,29872
"woe_enc,most_freq_imp,over_samp,norm_scale,k_best_sel",0.3044822256568779,0.45251396648044695,0.6640524280189085,0.2978142076502732,0.2823529411764706,0.33333333333333337,0.3087818696883853,0.29781420765027333,-1.0,24,dp_accu,29872
"onehot_enc,mean_imp,no_samp,norm_scale,k_best_sel",0.19410745233968804,0.6055045871559633,0.7529404845918608,0.3097643097643098,0.36363636363636365,0.5497076023391814,0.4726027397260274,0.3549995206595725,-1.0,24,dp_accu,29872
"woe_enc,most_freq_imp,no_samp,norm_scale,k_best_sel",0.18890814558058924,0.6146788990825688,0.757841292244962,0.30639730639730645,0.3647058823529412,0.5263157894736843,0.457286432160804,0.3478573482887547,-1.0,24,dp_accu,29872
"woe_enc,most_freq_imp,no_samp,norm_scale,k_best_sel",0.18890814558058924,0.6146788990825688,0.757841292244962,0.30639730639730645,0.3647058823529412,0.5263157894736843,0.457286432160804,0.3478573482887547,-1.0,25,dp_accu,29872
"woe_enc,mean_imp,k_best_sel,over_samp,norm_scale",0.2868217054263566,0.4858757062146893,0.6867304070693901,0.30327868852459017,0.28137651821862353,0.3533697632058288,0.31927133269415153,0.30327868852459017,-1.0,25,dp_accu,29872
"woe_enc,median_imp,no_sel,no_samp,norm_scale",0.1854419410745234,0.6146788990825688,0.7535677879714577,0.303030303030303,0.3548387096774194,0.5321637426900585,0.4576271186440678,0.346227590835011,-1.0,25,dp_accu,29872
"woe_enc,median_imp,k_best_sel,no_samp,norm_scale",0.1854419410745234,0.6146788990825688,0.7535677879714577,0.303030303030303,0.356,0.5292397660818713,0.45608108108108103,0.3456763493433036,-1.0,25,dp_accu,29872
"woe_enc,median_imp,k_best_sel,over_samp,norm_scale",0.29906542056074764,0.46551724137931033,0.6770557029177718,0.29417122040072863,0.28185328185328185,0.3224043715846995,0.302717900656045,0.29417122040072863,-1.0,25,dp_accu,29872
"woe_enc,most_freq_imp,over_samp,norm_scale,k_best_sel",0.2984375,0.47093023255813954,0.6846054462333532,0.29599271402550087,0.28378378378378377,0.3242258652094717,0.3045923149015932,0.295992714025501,-1.0,25,dp_accu,29872
"woe_enc,median_imp,no_samp,norm_scale,no_sel",0.1854419410745234,0.6146788990825688,0.7535677879714577,0.303030303030303,0.3548387096774194,0.5321637426900585,0.4576271186440678,0.346227590835011,-1.0,25,dp_accu,29872
"woe_enc,median_imp,no_samp,norm_scale,k_best_sel",0.1854419410745234,0.6146788990825688,0.7535677879714577,0.303030303030303,0.356,0.5292397660818713,0.45608108108108103,0.3456763493433036,-1.0,25,dp_accu,29872
"woe_enc,mean_imp,no_samp,norm_scale,k_best_sel",0.1854419410745234,0.6146788990825688,0.7535677879714577,0.3019079685746352,0.3545816733067729,0.5263157894736843,0.45362563237774034,0.3442143610392101,-1.0,25,dp_accu,29872
"onehot_enc,mean_imp,no_samp,norm_scale,k_best_sel",0.19410745233968804,0.6055045871559633,0.7529404845918608,0.3097643097643098,0.36363636363636365,0.5497076023391814,0.4726027397260274,0.3549995206595725,-1.0,25,dp_accu,29872
"woe_enc,median_imp,no_sel,no_samp,norm_scale",0.1854419410745234,0.6146788990825688,0.7535677879714577,0.303030303030303,0.3548387096774194,0.5321637426900585,0.4576271186440678,0.346227590835011,-1.0,26,dp_accu,29872
"woe_enc,median_imp,k_best_sel,over_samp,norm_scale",0.29566563467492263,0.47191011235955055,0.6791750696245078,0.29599271402550087,0.2751004016064257,0.3424408014571949,0.31041069723018144,0.29599271402550087,-1.0,26,dp_accu,29872
"woe_enc,mean_imp,no_samp,norm_scale,k_best_sel",0.1854419410745234,0.6146788990825688,0.7535677879714577,0.3019079685746352,0.3545816733067729,0.5263157894736843,0.45362563237774034,0.3442143610392101,-1.0,26,dp_accu,29872
"woe_enc,median_imp,no_samp,norm_scale,k_best_sel",0.1854419410745234,0.6146788990825688,0.7535677879714577,0.303030303030303,0.356,0.5292397660818713,0.45608108108108103,0.3456763493433036,-1.0,26,dp_accu,29872
"woe_enc,most_freq_imp,over_samp,norm_scale,k_best_sel",0.30577223088923555,0.4682080924855491,0.6904303147077713,0.3051001821493625,0.2934362934362934,0.33333333333333337,0.3139643861293345,0.3051001821493624,-1.0,26,dp_accu,29872
"woe_enc,median_imp,k_best_sel,no_samp,norm_scale",0.1854419410745234,0.6146788990825688,0.7535677879714577,0.303030303030303,0.356,0.5292397660818713,0.45608108108108103,0.3456763493433036,-1.0,26,dp_accu,29872
"woe_enc,mean_imp,k_best_sel,over_samp,norm_scale",0.28885400313971743,0.4911242603550296,0.700525969756739,0.30327868852459017,0.28988326848249024,0.3351548269581056,0.3132643461900282,0.30327868852459017,-1.0,26,dp_accu,29872
"woe_enc,median_imp,no_samp,norm_scale,no_sel",0.1854419410745234,0.6146788990825688,0.7535677879714577,0.303030303030303,0.3548387096774194,0.5321637426900585,0.4576271186440678,0.346227590835011,-1.0,26,dp_accu,29872
"woe_enc,most_freq_imp,norm_scale,over_samp,k_best_sel",0.28144654088050314,0.49404761904761907,0.6949023199023199,0.2978142076502732,0.2806324110671937,0.33697632058287796,0.30995260663507107,0.2978142076502732,-1.0,26,dp_accu,29872
"woe_enc,mean_imp,over_samp,norm_scale,k_best_sel",0.29237947122861585,0.4857142857142857,0.6951159951159951,0.3014571948998178,0.2845849802371542,0.34061930783242256,0.3137440758293839,0.3014571948998179,-1.0,26,dp_accu,29872
"woe_enc,median_imp,k_best_sel,no_samp,norm_scale",0.1854419410745234,0.6146788990825688,0.7535677879714577,0.303030303030303,0.356,0.5292397660818713,0.45608108108108103,0.3456763493433036,-1.0,27,dp_accu,29872
"woe_enc,median_imp,no_samp,norm_scale,k_best_sel",0.1854419410745234,0.6146788990825688,0.7535677879714577,0.303030303030303,0.356,0.5292397660818713,0.45608108108108103,0.3456763493433036,-1.0,27,dp_accu,29872
"woe_enc,median_imp,over_samp,norm_scale,k_best_sel",0.29846153846153844,0.47802197802197804,0.6895604395604396,0.307832422586521,0.2885771543086172,0.3533697632058288,0.3225190839694656,0.307832422586521,-1.0,27,dp_accu,29872
"woe_enc,mean_imp,k_best_sel,no_samp,norm_scale",0.1854419410745234,0.6146788990825688,0.7535677879714577,0.303030303030303,0.356,0.5292397660818713,0.45608108108108103,0.3456763493433036,-1.0,27,dp_accu,29872
"woe_enc,mean_imp,norm_scale,over_samp,k_best_sel",0.2967032967032967,0.4556213017751479,0.6628862590401052,0.2996357012750456,0.28174603174603174,0.34061930783242256,0.312440645773979,0.29963570127504546,-1.0,27,dp_accu,29872
"woe_enc,most_freq_imp,no_samp,norm_scale,k_best_sel",0.18890814558058924,0.6146788990825688,0.757841292244962,0.30639730639730645,0.3647058823529412,0.5263157894736843,0.457286432160804,0.3478573482887547,-1.0,27,dp_accu,29872
"woe_enc,mean_imp,no_samp,norm_scale,k_best_sel",0.1854419410745234,0.6146788990825688,0.7535677879714577,0.3019079685746352,0.3545816733067729,0.5263157894736843,0.45362563237774034,0.3442143610392101,-1.0,27,dp_accu,29872
"woe_enc,mean_imp,over_samp,norm_scale,k_best_sel",0.2868217054263566,0.5028248587570622,0.7100898160220195,0.2996357012750456,0.28431372549019607,0.3351548269581056,0.3106704438149197,0.2996357012750456,-1.0,27,dp_accu,29872
"woe_enc,median_imp,k_best_sel,over_samp,norm_scale",0.27804107424960506,0.5151515151515151,0.7202797202797202,0.30327868852459017,0.28486055776892427,0.3460837887067395,0.3168411037107517,0.30327868852459017,-1.0,27,dp_accu,29872
"woe_enc,median_imp,no_sel,no_samp,norm_scale",0.1854419410745234,0.6146788990825688,0.7535677879714577,0.303030303030303,0.3548387096774194,0.5321637426900585,0.4576271186440678,0.346227590835011,-1.0,27,dp_accu,29872
"woe_enc,mean_imp,norm_scale,over_samp,k_best_sel",0.30275229357798167,0.4946236559139785,0.7168458781362007,0.3051001821493625,0.29182879377431903,0.33697632058287796,0.3151458137347132,0.30510018214936263,-1.0,28,dp_accu,29872
"woe_enc,median_imp,over_samp,norm_scale,k_best_sel",0.29275808936825887,0.48066298342541436,0.6857911885536194,0.3005464480874317,0.2857142857142857,0.3351548269581056,0.3113207547169812,0.3005464480874317,-1.0,28,dp_accu,29872
"woe_enc,mean_imp,no_samp,norm_scale,k_best_sel",0.1854419410745234,0.6146788990825688,0.7535677879714577,0.3019079685746352,0.3545816733067729,0.5263157894736843,0.45362563237774034,0.3442143610392101,-1.0,28,dp_accu,29872
"woe_enc,median_imp,no_samp,norm_scale,k_best_sel",0.1854419410745234,0.6146788990825688,0.7535677879714577,0.303030303030303,0.356,0.5292397660818713,0.45608108108108103,0.3456763493433036,-1.0,28,dp_accu,29872
"woe_enc,mean_imp,over_samp,norm_scale,k_best_sel",0.3029366306027821,0.44692737430167595,0.6541923315666333,0.2969034608378871,0.28094302554027506,0.33333333333333337,0.3081285444234405,0.2969034608378871,-1.0,28,dp_accu,29872
"woe_enc,mean_imp,k_best_sel,no_samp,norm_scale",0.1854419410745234,0.6146788990825688,0.7535677879714577,0.303030303030303,0.356,0.5292397660818713,0.45608108108108103,0.3456763493433036,-1.0,28,dp_accu,29872
"woe_enc,median_imp,k_best_sel,over_samp,norm_scale",0.30092592592592593,0.45555555555555555,0.6628205128205128,0.3041894353369763,0.2888015717092338,0.34061930783242256,0.3156899810964082,0.3041894353369763,-1.0,28,dp_accu,29872
"woe_enc,median_imp,k_best_sel,no_samp,norm_scale",0.1854419410745234,0.6146788990825688,0.7535677879714577,0.303030303030303,0.356,0.5292397660818713,0.45608108108108103,0.3456763493433036,-1.0,28,dp_accu,29872
"woe_enc,most_freq_imp,no_samp,norm_scale,k_best_sel",0.18890814558058924,0.6146788990825688,0.757841292244962,0.30639730639730645,0.3647058823529412,0.5263157894736843,0.457286432160804,0.3478573482887547,-1.0,28,dp_accu,29872
"woe_enc,median_imp,no_sel,no_samp,norm_scale",0.1854419410745234,0.6146788990825688,0.7535677879714577,0.303030303030303,0.3548387096774194,0.5321637426900585,0.4576271186440678,0.346227590835011,-1.0,28,dp_accu,29872
"woe_enc,median_imp,over_samp,norm_scale,k_best_sel",0.2932098765432099,0.5,0.7136752136752137,0.30965391621129323,0.2946954813359528,0.3460837887067395,0.32136105860113406,0.30965391621129323,-1.0,29,dp_accu,29872
"woe_enc,mean_imp,over_samp,norm_scale,k_best_sel",0.28549141965678626,0.5028901734104047,0.710155130675362,0.30601092896174864,0.2865731462925851,0.35154826958105645,0.32061068702290074,0.30601092896174853,-1.0,29,dp_accu,29872
"woe_enc,mean_imp,no_samp,norm_scale,k_best_sel",0.1854419410745234,0.6146788990825688,0.7535677879714577,0.3019079685746352,0.3545816733067729,0.5263157894736843,0.45362563237774034,0.3442143610392101,-1.0,29,dp_accu,29872
"woe_enc,median_imp,no_samp,norm_scale,k_best_sel",0.1854419410745234,0.6146788990825688,0.7535677879714577,0.303030303030303,0.356,0.5292397660818713,0.45608108108108103,0.3456763493433036,-1.0,29,dp_accu,29872
"woe_enc,most_freq_imp,no_samp,norm_scale,k_best_sel",0.18890814558058924,0.6146788990825688,0.757841292244962,0.30639730639730645,0.3647058823529412,0.5263157894736843,0.457286432160804,0.3478573482887547,-1.0,29,dp_accu,29872
"woe_enc,median_imp,k_best_sel,over_samp,norm_scale",0.29375,0.46511627906976744,0.6702444841979726,0.2996357012750456,0.28431372549019607,0.3351548269581056,0.3106704438149197,0.2996357012750456,-1.0,29,dp_accu,29872
"woe_enc,median_imp,no_sel,no_samp,norm_scale",0.1854419410745234,0.6146788990825688,0.7535677879714577,0.303030303030303,0.3548387096774194,0.5321637426900585,0.4576271186440678,0.346227590835011,-1.0,29,dp_accu,29872
"woe_enc,mean_imp,k_best_sel,no_samp,norm_scale",0.1854419410745234,0.6146788990825688,0.7535677879714577,0.303030303030303,0.356,0.5292397660818713,0.45608108108108103,0.3456763493433036,-1.0,29,dp_accu,29872
"woe_enc,median_imp,k_best_sel,no_samp,norm_scale",0.1854419410745234,0.6146788990825688,0.7535677879714577,0.303030303030303,0.356,0.5292397660818713,0.45608108108108103,0.3456763493433036,-1.0,29,dp_accu,29872
"woe_enc,median_imp,over_samp,norm_scale,no_sel",0.28637770897832815,0.5168539325842697,0.7283923941227313,0.31056466302367947,0.2928286852589641,0.3533697632058288,0.32445290199809707,0.3105646630236796,-1.0,29,dp_accu,29872
"woe_enc,median_imp,k_best_sel,no_samp,norm_scale",0.1854419410745234,0.6146788990825688,0.7535677879714577,0.303030303030303,0.356,0.5292397660818713,0.45608108108108103,0.3456763493433036,-1.0,30,dp_accu,29872
"woe_enc,median_imp,over_samp,norm_scale,k_best_sel",0.2852664576802508,0.49411764705882355,0.6992458521870286,0.2996357012750456,0.28174603174603174,0.34061930783242256,0.312440645773979,0.29963570127504546,-1.0,30,dp_accu,29872
"woe_enc,median_imp,no_samp,norm_scale,k_best_sel",0.1854419410745234,0.6146788990825688,0.7535677879714577,0.303030303030303,0.356,0.5292397660818713,0.45608108108108103,0.3456763493433036,-1.0,30,dp_accu,29872
"woe_enc,mean_imp,k_best_sel,over_samp,norm_scale",0.29249617151607965,0.4756756756756757,0.6765303765303765,0.30236794171220405,0.2816901408450704,0.3497267759562842,0.31739961759082225,0.30236794171220394,-1.0,30,dp_accu,29872
"woe_enc,mean_imp,over_samp,norm_scale,k_best_sel",0.29411764705882354,0.4887640449438202,0.7003025064822818,0.3005464480874317,0.2848722986247544,0.33697632058287796,0.3119092627599245,0.3005464480874317,-1.0,30,dp_accu,29872
"woe_enc,mean_imp,k_best_sel,no_samp,norm_scale",0.1854419410745234,0.6146788990825688,0.7535677879714577,0.303030303030303,0.356,0.5292397660818713,0.45608108108108103,0.3456763493433036,-1.0,30,dp_accu,29872
"woe_enc,median_imp,k_best_sel,over_samp,norm_scale",0.28683385579937304,0.4823529411764706,0.6853443941679236,0.3014571948998178,0.287109375,0.3351548269581056,0.3119698397737982,0.3014571948998179,-1.0,30,dp_accu,29872
"woe_enc,most_freq_imp,no_samp,norm_scale,k_best_sel",0.18890814558058924,0.6146788990825688,0.757841292244962,0.30639730639730645,0.3647058823529412,0.5263157894736843,0.457286432160804,0.3478573482887547,-1.0,30,dp_accu,29872
"woe_enc,mean_imp,no_samp,norm_scale,k_best_sel",0.1854419410745234,0.6146788990825688,0.7535677879714577,0.3019079685746352,0.3545816733067729,0.5263157894736843,0.45362563237774034,0.3442143610392101,-1.0,30,dp_accu,29872
"woe_enc,median_imp,over_samp,norm_scale,no_sel",0.2868217054263566,0.5028248587570622,0.7100898160220195,0.30965391621129323,0.289738430583501,0.3570127504553734,0.32504780114722753,0.30965391621129335,-1.0,30,dp_accu,29872
"woe_enc,median_imp,k_best_sel,over_samp,norm_scale",0.2900763358778626,0.5026737967914439,0.7099387540564012,0.3014571948998178,0.2828685258964143,0.34426229508196726,0.31493815413891535,0.3014571948998179,-1.0,31,dp_accu,29872
"woe_enc,median_imp,k_best_sel,no_samp,norm_scale",0.1854419410745234,0.6146788990825688,0.7535677879714577,0.303030303030303,0.356,0.5292397660818713,0.45608108108108103,0.3456763493433036,-1.0,31,dp_accu,29872
"woe_enc,median_imp,over_samp,norm_scale,k_best_sel",0.28810975609756095,0.526595744680851,0.7402709583560647,0.3151183970856102,0.29740518962075846,0.35883424408014575,0.32952380952380944,0.3151183970856102,-1.0,31,dp_accu,29872
"woe_enc,mean_imp,k_best_sel,no_samp,norm_scale",0.1854419410745234,0.6146788990825688,0.7535677879714577,0.303030303030303,0.356,0.5292397660818713,0.45608108108108103,0.3456763493433036,-1.0,31,dp_accu,29872
"woe_enc,mean_imp,no_samp,norm_scale,k_best_sel",0.1854419410745234,0.6146788990825688,0.7535677879714577,0.3019079685746352,0.3545816733067729,0.5263157894736843,0.45362563237774034,0.3442143610392101,-1.0,31,dp_accu,29872
"woe_enc,mean_imp,over_samp,norm_scale,k_best_sel",0.2857142857142857,0.4970414201183432,0.7043063773833005,0.29599271402550087,0.2786561264822134,0.3351548269581056,0.30805687203791454,0.295992714025501,-1.0,31,dp_accu,29872
"woe_enc,mean_imp,k_best_sel,over_samp,norm_scale",0.29160063391442154,0.4539877300613497,0.6569791830528027,0.28779599271402545,0.2702169625246549,0.32604735883424407,0.2992424242424242,0.28779599271402545,-1.0,31,dp_accu,29872
"woe_enc,median_imp,no_samp,norm_scale,k_best_sel",0.1854419410745234,0.6146788990825688,0.7535677879714577,0.303030303030303,0.356,0.5292397660818713,0.45608108108108103,0.3456763493433036,-1.0,31,dp_accu,29872
"woe_enc,most_freq_imp,no_samp,norm_scale,k_best_sel",0.18890814558058924,0.6146788990825688,0.757841292244962,0.30639730639730645,0.3647058823529412,0.5263157894736843,0.457286432160804,0.3478573482887547,-1.0,31,dp_accu,29872
"woe_enc,mean_imp,no_samp,norm_scale,no_sel",0.18890814558058924,0.6146788990825688,0.757841292244962,0.30415263748597077,0.35856573705179284,0.5292397660818713,0.45699831365935917,0.3465870961556897,-1.0,31,dp_accu,29872
"woe_enc,mean_imp,k_best_sel,over_samp,norm_scale",0.30340557275541796,0.4606741573033708,0.6743493709785845,0.30601092896174864,0.2882703777335984,0.34790528233151186,0.31939163498098855,0.30601092896174864,-1.0,32,dp_accu,29872
"woe_enc,mean_imp,k_best_sel,no_samp,norm_scale",0.1854419410745234,0.6146788990825688,0.7535677879714577,0.303030303030303,0.356,0.5292397660818713,0.45608108108108103,0.3456763493433036,-1.0,32,dp_accu,29872
"woe_enc,mean_imp,no_samp,norm_scale,k_best_sel",0.1854419410745234,0.6146788990825688,0.7535677879714577,0.3019079685746352,0.3545816733067729,0.5263157894736843,0.45362563237774034,0.3442143610392101,-1.0,32,dp_accu,29872
"woe_enc,median_imp,k_best_sel,over_samp,norm_scale",0.28213166144200624,0.49411764705882355,0.6949723479135244,0.3014571948998178,0.2845849802371542,0.34061930783242256,0.3137440758293839,0.3014571948998179,-1.0,32,dp_accu,29872
"woe_enc,median_imp,k_best_sel,no_samp,norm_scale",0.1854419410745234,0.6146788990825688,0.7535677879714577,0.303030303030303,0.356,0.5292397660818713,0.45608108108108103,0.3456763493433036,-1.0,32,dp_accu,29872
"woe_enc,mean_imp,over_samp,norm_scale,k_best_sel",0.28459119496855345,0.47619047619047616,0.6749084249084248,0.29508196721311475,0.27544910179640714,0.3387978142076503,0.3085714285714285,0.29508196721311475,-1.0,32,dp_accu,29872
"woe_enc,most_freq_imp,no_samp,norm_scale,k_best_sel",0.18890814558058924,0.6146788990825688,0.757841292244962,0.30639730639730645,0.3647058823529412,0.5263157894736843,0.457286432160804,0.3478573482887547,-1.0,32,dp_accu,29872
"woe_enc,median_imp,no_samp,norm_scale,k_best_sel",0.1854419410745234,0.6146788990825688,0.7535677879714577,0.303030303030303,0.356,0.5292397660818713,0.45608108108108103,0.3456763493433036,-1.0,32,dp_accu,29872
"woe_enc,median_imp,over_samp,norm_scale,k_best_sel",0.29595015576323985,0.46551724137931033,0.6727821986442676,0.2996357012750456,0.2834645669291339,0.33697632058287796,0.3112582781456955,0.2996357012750456,-1.0,32,dp_accu,29872
"woe_enc,mean_imp,no_samp,norm_scale,no_sel",0.18890814558058924,0.6146788990825688,0.757841292244962,0.30415263748597077,0.35856573705179284,0.5292397660818713,0.45699831365935917,0.3465870961556897,-1.0,32,dp_accu,29872
"woe_enc,mean_imp,no_samp,norm_scale,k_best_sel",0.1854419410745234,0.6146788990825688,0.7535677879714577,0.3019079685746352,0.3545816733067729,0.5263157894736843,0.45362563237774034,0.3442143610392101,-1.0,33,dp_accu,29872
"woe_enc,median_imp,k_best_sel,no_samp,norm_scale",0.1854419410745234,0.6146788990825688,0.7535677879714577,0.303030303030303,0.356,0.5292397660818713,0.45608108108108103,0.3456763493433036,-1.0,33,dp_accu,29872
"woe_enc,median_imp,over_samp,norm_scale,k_best_sel",0.29439252336448596,0.47126436781609193,0.6785293250810492,0.2969034608378871,0.28180039138943247,0.331511839708561,0.3075471698113208,0.2969034608378871,-1.0,33,dp_accu,29872
"woe_enc,median_imp,k_best_sel,over_samp,norm_scale",0.29411764705882354,0.47191011235955055,0.6770383174877557,0.2996357012750456,0.28174603174603174,0.34061930783242256,0.312440645773979,0.29963570127504546,-1.0,33,dp_accu,29872
"woe_enc,mean_imp,over_samp,norm_scale,k_best_sel",0.29439252336448596,0.47126436781609193,0.6785293250810492,0.3051001821493625,0.28685258964143423,0.34790528233151186,0.3187440532825879,0.3051001821493625,-1.0,33,dp_accu,29872
"woe_enc,mean_imp,no_samp,norm_scale,no_sel",0.18890814558058924,0.6146788990825688,0.757841292244962,0.30415263748597077,0.35856573705179284,0.5292397660818713,0.45699831365935917,0.3465870961556897,-1.0,33,dp_accu,29872
"woe_enc,mean_imp,k_best_sel,no_samp,norm_scale",0.1854419410745234,0.6146788990825688,0.7535677879714577,0.303030303030303,0.356,0.5292397660818713,0.45608108108108103,0.3456763493433036,-1.0,33,dp_accu,29872
"woe_enc,mean_imp,k_best_sel,over_samp,norm_scale",0.2848297213622291,0.4943820224719101,0.695236723326611,0.3114754098360656,0.2917505030181087,0.35883424408014575,0.32695984703632885,0.3114754098360656,-1.0,33,dp_accu,29872
"woe_enc,median_imp,no_samp,norm_scale,k_best_sel",0.1854419410745234,0.6146788990825688,0.7535677879714577,0.303030303030303,0.356,0.5292397660818713,0.45608108108108103,0.3456763493433036,-1.0,33,dp_accu,29872
"woe_enc,mean_imp,no_samp,no_scale,k_best_sel",0.8374747485897847,0.7222506595267157,1.4470844676938572,0.19079685746352415,0.2425149700598802,0.26023391812865493,0.25147928994082847,0.20388745086760607,0.08691989216252646,33,dp_accu,29872
"woe_enc,mean_imp,no_samp,no_scale,k_best_sel",0.8374747485897847,0.7222506595267157,1.4470844676938572,0.19079685746352415,0.2425149700598802,0.26023391812865493,0.25147928994082847,0.20388745086760607,0.08691989216252646,34,dp_accu,29872
"woe_enc,mean_imp,k_best_sel,no_samp,norm_scale",0.1854419410745234,0.6146788990825688,0.7535677879714577,0.303030303030303,0.356,0.5292397660818713,0.45608108108108103,0.3456763493433036,-1.0,34,dp_accu,29872
"woe_enc,median_imp,k_best_sel,no_samp,norm_scale",0.1854419410745234,0.6146788990825688,0.7535677879714577,0.303030303030303,0.356,0.5292397660818713,0.45608108108108103,0.3456763493433036,-1.0,34,dp_accu,29872
"woe_enc,mean_imp,no_samp,norm_scale,k_best_sel",0.1854419410745234,0.6146788990825688,0.7535677879714577,0.3019079685746352,0.3545816733067729,0.5263157894736843,0.45362563237774034,0.3442143610392101,-1.0,34,dp_accu,29872
"woe_enc,median_imp,k_best_sel,over_samp,norm_scale",0.2823343848580442,0.5120481927710844,0.7214499021727938,0.30601092896174864,0.2882703777335984,0.34790528233151186,0.31939163498098855,0.30601092896174864,-1.0,34,dp_accu,29872
"woe_enc,mean_imp,k_best_sel,over_samp,norm_scale",0.27856025039123633,0.5087719298245614,0.7096266306792622,0.3041894353369763,0.2828282828282829,0.3533697632058288,0.3199233716475096,0.3041894353369763,-1.0,34,dp_accu,29872
"woe_enc,mean_imp,over_samp,no_scale,k_best_sel",0.7681905021834061,0.532740114736907,1.2718189371490627,0.192167577413479,0.20246478873239437,0.17486338797814205,0.18889883616830794,0.1921675774134789,0.20400169683257918,34,dp_accu,29872
"woe_enc,median_imp,over_samp,norm_scale,k_best_sel",0.29595015576323985,0.46551724137931033,0.6727821986442676,0.2923497267759563,0.2755905511811023,0.32969034608378867,0.3036896877956481,0.2923497267759563,-1.0,34,dp_accu,29872
"woe_enc,median_imp,no_samp,norm_scale,k_best_sel",0.1854419410745234,0.6146788990825688,0.7535677879714577,0.303030303030303,0.356,0.5292397660818713,0.45608108108108103,0.3456763493433036,-1.0,34,dp_accu,29872
"woe_enc,mean_imp,no_samp,norm_scale,no_sel",0.18890814558058924,0.6146788990825688,0.757841292244962,0.30415263748597077,0.35856573705179284,0.5292397660818713,0.45699831365935917,0.3465870961556897,-1.0,34,dp_accu,29872
"woe_enc,mean_imp,no_samp,no_scale,k_best_sel",0.8374747485897847,0.7222506595267157,1.4470844676938572,0.19079685746352415,0.2425149700598802,0.26023391812865493,0.25147928994082847,0.20388745086760607,0.08691989216252646,35,dp_accu,29872
"woe_enc,mean_imp,no_samp,norm_scale,k_best_sel",0.1854419410745234,0.6146788990825688,0.7535677879714577,0.3019079685746352,0.3545816733067729,0.5263157894736843,0.45362563237774034,0.3442143610392101,-1.0,35,dp_accu,29872
"woe_enc,median_imp,over_samp,norm_scale,k_best_sel",0.3001531393568147,0.4702702702702703,0.6796719796719797,0.29508196721311475,0.2781065088757396,0.33333333333333337,0.30681818181818177,0.29508196721311486,-1.0,35,dp_accu,29872
"woe_enc,mean_imp,over_samp,norm_scale,k_best_sel",0.299079754601227,0.4945652173913043,0.7125139353400223,0.30601092896174864,0.2932038834951456,0.33697632058287796,0.3157894736842105,0.30601092896174864,-1.0,35,dp_accu,29872
"woe_enc,median_imp,over_samp,no_scale,k_best_sel",0.7604347466732788,0.5133742113214254,1.272870887484768,0.19672131147540983,0.20840630472854638,0.1766848816029144,0.19285714285714284,0.19672131147540983,0.21844206591913012,35,dp_accu,29872
"woe_enc,mean_imp,over_samp,no_scale,k_best_sel",0.8064070698702016,0.5938457254246727,1.376846675092289,0.192167577413479,0.19494584837545126,0.1876138433515483,0.1912964641885766,0.19216757741347912,0.1719444181869742,35,dp_accu,29872
"woe_enc,median_imp,k_best_sel,no_samp,norm_scale",0.1854419410745234,0.6146788990825688,0.7535677879714577,0.303030303030303,0.356,0.5292397660818713,0.45608108108108103,0.3456763493433036,-1.0,35,dp_accu,29872
"woe_enc,median_imp,no_samp,norm_scale,k_best_sel",0.1854419410745234,0.6146788990825688,0.7535677879714577,0.303030303030303,0.356,0.5292397660818713,0.45608108108108103,0.3456763493433036,-1.0,35,dp_accu,29872
"onehot_enc,mean_imp,k_best_sel,over_samp,norm_scale",0.37715179968701096,0.4444444444444444,0.7564102564102564,0.27595628415300544,0.3242857142857143,0.13843351548269578,0.24259407526020826,0.27595628415300544,-1.0,35,dp_accu,29872
"woe_enc,median_imp,k_best_sel,over_samp,norm_scale",0.28081123244929795,0.5144508670520231,0.7195790721802282,0.3041894353369763,0.28542914171656686,0.34790528233151186,0.3180952380952381,0.3041894353369763,-1.0,35,dp_accu,29872
"woe_enc,median_imp,over_samp,no_scale,k_best_sel",0.7885030021834061,0.5707852692616125,1.3350302835066268,0.19489981785063748,0.19819819819819817,0.18943533697632053,0.1938405797101449,0.19489981785063748,0.18295390271493214,36,dp_accu,29872
"woe_enc,median_imp,k_best_sel,no_samp,norm_scale",0.1854419410745234,0.6146788990825688,0.7535677879714577,0.303030303030303,0.356,0.5292397660818713,0.45608108108108103,0.3456763493433036,-1.0,36,dp_accu,29872
"onehot_enc,mean_imp,k_best_sel,no_samp,norm_scale",0.15251299826689774,0.7064220183486238,0.8260801380067435,0.2592592592592593,0.29368029739776946,0.4444444444444444,0.3780687397708674,0.2941712204007285,-1.0,36,dp_accu,29872
"onehot_enc,mean_imp,k_best_sel,over_samp,norm_scale",0.39723926380368096,0.3858695652173913,0.6978353771832033,0.28779599271402545,0.32942898975109813,0.1657559198542805,0.25649350649350655,0.28779599271402556,-1.0,36,dp_accu,29872
"woe_enc,mean_imp,k_best_sel,over_samp,no_scale",0.7827860598012542,0.5438137990407084,1.316130988024564,0.1912568306010929,0.19999999999999996,0.1766848816029144,0.18850987432675048,0.1912568306010929,0.19429452853789828,36,dp_accu,29872
"woe_enc,median_imp,over_samp,norm_scale,no_sel",0.28639240506329117,0.4817073170731707,0.6868355222013758,0.2923497267759563,0.27734375,0.32604735883424407,0.3025447690857681,0.2923497267759563,-1.0,36,dp_accu,29872
"woe_enc,mean_imp,no_samp,no_scale,k_best_sel",0.8374747485897847,0.7222506595267157,1.4470844676938572,0.19079685746352415,0.2425149700598802,0.26023391812865493,0.25147928994082847,0.20388745086760607,0.08691989216252646,36,dp_accu,29872
"woe_enc,median_imp,over_samp,norm_scale,k_best_sel",0.29675425038639874,0.4860335195530726,0.6997087332282863,0.30236794171220405,0.28767123287671237,0.33697632058287796,0.31320754716981136,0.30236794171220405,-1.0,36,dp_accu,29872
"onehot_enc,median_imp,k_best_sel,over_samp,norm_scale",0.3984615384615385,0.37362637362637363,0.6834554334554335,0.28415300546448086,0.327007299270073,0.16029143897996356,0.25283630470016205,0.28415300546448086,-1.0,36,dp_accu,29872
"woe_enc,mean_imp,over_samp,no_scale,k_best_sel",0.7808364612729116,0.5507889397013841,1.3209693765484876,0.1958105646630237,0.20284697508896798,0.1839708561020036,0.19351935193519354,0.1958105646630236,0.19604081891718442,36,dp_accu,29872
"onehot_enc,mean_imp,k_best_sel,no_samp,norm_scale",0.15251299826689774,0.7064220183486238,0.8260801380067435,0.2592592592592593,0.29368029739776946,0.4444444444444444,0.3780687397708674,0.2941712204007285,-1.0,37,dp_accu,29872
"onehot_enc,mean_imp,k_best_sel,over_samp,norm_scale",0.391705069124424,0.40437158469945356,0.7163373966652655,0.2923497267759563,0.331858407079646,0.17486338797814205,0.2616136919315404,0.2923497267759563,-1.0,37,dp_accu,29872
"onehot_enc,median_imp,k_best_sel,over_samp,norm_scale",0.39346811819595645,0.38285714285714284,0.6926862026862026,0.28324225865209474,0.326530612244898,0.1584699453551912,0.25182186234817827,0.28324225865209474,-1.0,37,dp_accu,29872
"woe_enc,median_imp,over_samp,no_scale,k_best_sel",0.7778296703296703,0.5467257538102225,1.3147694385205737,0.19672131147540983,0.20426287744227356,0.1839708561020036,0.19424460431654678,0.19672131147540972,0.2007621736062103,37,dp_accu,29872
"woe_enc,median_imp,over_samp,norm_scale,no_sel",0.31297709923664124,0.43315508021390375,0.6446935417523653,0.3014571948998178,0.2854330708661418,0.3387978142076503,0.31315042573320717,0.3014571948998179,-1.0,37,dp_accu,29872
"woe_enc,mean_imp,no_samp,no_scale,k_best_sel",0.8374747485897847,0.7222506595267157,1.4470844676938572,0.19079685746352415,0.2425149700598802,0.26023391812865493,0.25147928994082847,0.20388745086760607,0.08691989216252646,37,dp_accu,29872
"target_enc,mean_imp,over_samp,no_scale,k_best_sel",0.8219929154474049,0.6499908875523965,1.475964296859139,0.21220400728597455,0.21062271062271065,0.21493624772313302,0.21278538812785386,0.21220400728597444,0.16134506599622878,37,dp_accu,29872
"woe_enc,mean_imp,k_best_sel,over_samp,no_scale",0.7821551414343652,0.5708948423546565,1.3346650227915036,0.20127504553734066,0.20818505338078297,0.18943533697632053,0.1989198919891989,0.20127504553734066,0.19473572938689218,37,dp_accu,29872
"woe_enc,mean_imp,no_samp,no_scale,no_sel",0.823002792833567,0.6990195692404615,1.3663984866193788,0.17845117845117842,0.22356495468277948,0.2485380116959064,0.23625557206537884,0.1916642699645288,0.09006029243049284,37,dp_accu,29872
"onehot_enc,most_freq_imp,k_best_sel,no_samp,norm_scale",0.15251299826689774,0.7064220183486238,0.8260801380067435,0.2592592592592593,0.29368029739776946,0.4444444444444444,0.3780687397708674,0.2941712204007285,-1.0,37,dp_accu,29872
"woe_enc,mean_imp,no_samp,no_scale,no_sel",0.823002792833567,0.6990195692404615,1.3663984866193788,0.17845117845117842,0.22356495468277948,0.2485380116959064,0.23625557206537884,0.1916642699645288,0.09006029243049284,38,dp_accu,29872
"onehot_enc,mean_imp,k_best_sel,over_samp,norm_scale",0.39069767441860465,0.4011299435028249,0.7130957554686368,0.2887067395264117,0.3299120234604106,0.16757741347905286,0.2575142160844842,0.2887067395264117,-1.0,38,dp_accu,29872
"onehot_enc,most_freq_imp,k_best_sel,no_samp,norm_scale",0.15251299826689774,0.7064220183486238,0.8260801380067435,0.2592592592592593,0.29368029739776946,0.4444444444444444,0.3780687397708674,0.2941712204007285,-1.0,38,dp_accu,29872
"onehot_enc,median_imp,k_best_sel,over_samp,norm_scale",0.39907550077041604,0.3701657458563536,0.6799948056854135,0.285063752276867,0.3269794721407625,0.16393442622950816,0.25426482534524775,0.285063752276867,-1.0,38,dp_accu,29872
"woe_enc,mean_imp,over_samp,no_scale,k_best_sel",0.7871405206487665,0.5626726680117957,1.324780930120058,0.192167577413479,0.19821428571428568,0.18214936247723135,0.19026149684400362,0.192167577413479,0.186326652812511,38,dp_accu,29872
"woe_enc,median_imp,no_samp,no_scale,no_sel",0.823002792833567,0.6990195692404615,1.3663984866193788,0.17845117845117842,0.22356495468277948,0.2485380116959064,0.23625557206537884,0.1916642699645288,0.09006029243049284,38,dp_accu,29872
"woe_enc,median_imp,over_samp,no_scale,k_best_sel",0.8089341692789969,0.660034145584355,1.3528166717002144,0.19489981785063748,0.18216318785578745,0.21493624772313302,0.1988847583643123,0.19489981785063748,0.14849034812737172,38,dp_accu,29872
"onehot_enc,mean_imp,k_best_sel,no_samp,norm_scale",0.15251299826689774,0.7064220183486238,0.8260801380067435,0.2592592592592593,0.29368029739776946,0.4444444444444444,0.3780687397708674,0.2941712204007285,-1.0,38,dp_accu,29872
"woe_enc,mean_imp,k_best_sel,over_samp,no_scale",0.7603025390939592,0.5114449645175901,1.2709416406809328,0.1958105646630237,0.20804195804195802,0.17486338797814205,0.19179304192685098,0.1958105646630237,0.21533994249113136,38,dp_accu,29872
"target_enc,mean_imp,over_samp,no_scale,k_best_sel",0.7987109856385503,0.5669351863239454,1.3805629166183424,0.1958105646630237,0.20284697508896798,0.1839708561020036,0.19351935193519354,0.1958105646630236,0.18342075964917792,38,dp_accu,29872
"woe_enc,mean_imp,no_samp,norm_scale,no_sel",0.18890814558058924,0.6146788990825688,0.757841292244962,0.30415263748597077,0.35856573705179284,0.5292397660818713,0.45699831365935917,0.3465870961556897,-1.0,39,dp_accu,29872
"onehot_enc,mean_imp,k_best_sel,no_samp,no_scale",0.9636048526863085,0.8990825688073395,1.877715047439818,0.21212121212121215,0.27164179104477615,0.2865497076023392,0.2791728212703102,0.22615281372830998,0.036395147313691506,39,dp_accu,29872
"woe_enc,median_imp,no_samp,no_scale,no_sel",0.823002792833567,0.6990195692404615,1.3663984866193788,0.17845117845117842,0.22356495468277948,0.2485380116959064,0.23625557206537884,0.1916642699645288,0.09006029243049284,39,dp_accu,29872
"woe_enc,mean_imp,no_samp,no_scale,no_sel",0.823002792833567,0.6990195692404615,1.3663984866193788,0.17845117845117842,0.22356495468277948,0.2485380116959064,0.23625557206537884,0.1916642699645288,0.09006029243049284,39,dp_accu,29872
"woe_enc,median_imp,k_best_sel,over_samp,norm_scale",0.282574568288854,0.4970414201183432,0.7000328731097962,0.2996357012750456,0.28174603174603174,0.34061930783242256,0.312440645773979,0.29963570127504546,-1.0,39,dp_accu,29872
"onehot_enc,median_imp,over_samp,no_scale,k_best_sel",0.8015503875968992,0.6101694915254238,1.4841011154570478,0.2258652094717668,0.24096385542168675,0.19672131147540983,0.21946902654867262,0.2258652094717668,0.19844961240310077,39,dp_accu,29872
"woe_enc,mean_imp,k_best_sel,over_samp,no_scale",0.7885789683635582,0.5821498189919242,1.3357110725531778,0.19672131147540983,0.20426287744227356,0.1839708561020036,0.19424460431654678,0.19672131147540972,0.18843554601149498,39,dp_accu,29872
"woe_enc,median_imp,over_samp,no_scale,k_best_sel",0.7516245062435738,0.4941637072829947,1.2579338877198418,0.19763205828779595,0.20671378091872794,0.18214936247723135,0.19461883408071756,0.19763205828779595,0.22349903255687528,39,dp_accu,29872
"woe_enc,mean_imp,over_samp,no_scale,k_best_sel",0.771925483767874,0.5382513661202186,1.3020215465570657,0.19763205828779595,0.20671378091872794,0.18214936247723135,0.19461883408071756,0.19763205828779595,0.20678002012818475,39,dp_accu,29872
"target_enc,mean_imp,over_samp,no_scale,k_best_sel",0.8129611411706837,0.6184367816091954,1.444410190915938,0.2067395264116576,0.20833333333333337,0.20400728597449913,0.20617620345140775,0.2067395264116575,0.16881103055194668,39,dp_accu,29872
"woe_enc,mean_imp,no_samp,no_scale,no_sel",0.823002792833567,0.6990195692404615,1.3663984866193788,0.17845117845117842,0.22356495468277948,0.2485380116959064,0.23625557206537884,0.1916642699645288,0.09006029243049284,40,dp_accu,29872
"woe_enc,median_imp,no_samp,norm_scale,no_sel",0.1854419410745234,0.6146788990825688,0.7535677879714577,0.303030303030303,0.3548387096774194,0.5321637426900585,0.4576271186440678,0.346227590835011,-1.0,40,dp_accu,29872
"woe_enc,median_imp,over_samp,no_scale,k_best_sel",0.8031659388646288,0.5877182160261551,1.3992091941838,0.1994535519125683,0.2053571428571429,0.18943533697632053,0.19747520288548248,0.1994535519125682,0.17890625,40,dp_accu,29872
"onehot_enc,mean_imp,k_best_sel,no_samp,no_scale",0.9636048526863085,0.8990825688073395,1.877715047439818,0.21212121212121215,0.27164179104477615,0.2865497076023392,0.2791728212703102,0.22615281372830998,0.036395147313691506,40,dp_accu,29872
"woe_enc,median_imp,k_best_sel,over_samp,norm_scale",0.2875,0.4941860465116279,0.7014510037765852,0.30236794171220405,0.28683693516699416,0.3387978142076503,0.31379962192816646,0.30236794171220394,-1.0,40,dp_accu,29872
"woe_enc,mean_imp,k_best_sel,over_samp,no_scale",0.7981024434290093,0.6253198878869121,1.3992989951993526,0.21129326047358832,0.21441441441441444,0.20582877959927137,0.21014492753623193,0.21129326047358832,0.1802296169303842,40,dp_accu,29872
"ordinal_enc,mean_imp,over_samp,no_scale,k_best_sel",0.8423175977424039,0.7137102880159908,1.5439572015962377,0.2213114754098361,0.21240601503759393,0.2367941712204007,0.22479185938945412,0.22131147540983598,0.14056985512513193,40,dp_accu,29872
"woe_enc,median_imp,no_samp,no_scale,no_sel",0.823002792833567,0.6990195692404615,1.3663984866193788,0.17845117845117842,0.22356495468277948,0.2485380116959064,0.23625557206537884,0.1916642699645288,0.09006029243049284,40,dp_accu,29872
"target_enc,mean_imp,over_samp,no_scale,k_best_sel",0.8071604938271605,0.6056910569105691,1.4295277140805596,0.20765027322404372,0.20976491862567814,0.20400728597449913,0.206896551724138,0.2076502732240436,0.1763668430335097,40,dp_accu,29872
"woe_enc,mean_imp,over_samp,no_scale,k_best_sel",0.7941116266375546,0.5845567824316822,1.3547372192787857,0.19672131147540983,0.20320855614973266,0.18579234972677594,0.1945945945945945,0.19672131147540983,0.18452214125560537,40,dp_accu,29872
